0 0.46216216216216227 0.4027027027027026 0.4634146341463415 0.3957317073170732 0.5939024390243903 0.42256097560975614 0.5959459459459459 0.4297297297297298
0 0.4791354217529297 0.3806435203552246 0.58375 0.40625 0.58625 0.39875 0.4837499999999999 0.375
0 0.4970588235294117 0.361764705882353 0.5000000000000001 0.35392156862745094 0.5774509803921568 0.3715686274509804 0.5764705882352942 0.3784313725490196
0 0.5217105263157895 0.3394736842105263 0.5730263157894736 0.35 0.5723684210526315 0.33486842105263165 0.5243421052631578 0.32565789473684215
0 0.5385964912280702 0.3096491228070175 0.5605263157894737 0.28157894736842104 0.5780701754385965 0.31315789473684214
0 0.4469512195121952 0.41951219512195126 0.476219512195122 0.425 0.45487804878048793 0.46463414634146344 0.4213414634146342 0.45548780487804885
0 0.49146341463414644 0.44268292682926835 0.5195121951219512 0.4445121951219513 0.5146341463414634 0.47439024390243906 0.48492063492063486 0.4714285714285715
0 0.5420634920634921 0.45555555555555555 0.5706349206349206 0.4563492063492064 0.5698412698412698 0.48730158730158735 0.5412698412698412 0.4849206349206349
0 0.5963414634146342 0.46585365853658545 0.6219512195121952 0.4658536585365854 0.6243902439024392 0.4987804878048781 0.5951219512195124 0.4963414634146342
0 0.32560975609756104 0.5707317073170731 0.33902439024390246 0.5743902439024391 0.3987804878048782 0.49024390243902444 0.38902439024390245 0.48658536585365864
0 0.41585365853658535 0.49512195121951214 0.426829268292683 0.49878048780487805 0.38170731707317074 0.5817073170731708 0.36585365853658547 0.578048780487805
0 0.4451219512195123 0.503658536585366 0.4573170731707317 0.5048780487804878 0.4207317073170732 0.5914634146341463 0.40609756097560984 0.5902439024390245
0 0.47439024390243906 0.5085365853658537 0.4890243902439025 0.5109756097560976 0.47439024390243906 0.603658536585366 0.45000000000000007 0.6000000000000001
0 0.5097560975609755 0.5097560975609757 0.525609756097561 0.5097560975609757 0.524390243902439 0.6170731707317073 0.5 0.6146341463414635
0 0.5451219512195123 0.5231707317073172 0.5536585365853659 0.5207317073170732 0.5682926829268292 0.6317073170731708 0.5500000000000003 0.6243902439024391
0 0.5792682926829269 0.529268292682927 0.5890243902439026 0.529268292682927 0.6146341463414635 0.6390243902439025 0.596341463414634 0.6353658536585367
0 0.6358695652173914 0.532608695652174 0.6445652173913043 0.5326086956521738 0.6956521739130436 0.6597826086956522 0.6858695652173913 0.6608695652173913
0 0.6060975609756099 0.5341463414634147 0.6146341463414634 0.5329268292682927 0.6548780487804879 0.65 0.6414634146341465 0.6475609756097562
0 0.15977513500457158 0.5675659653874939 0.20176816265503522 0.5719672672213189 0.19496927320411966 0.651190517070905 0.17537255137724617 0.6475894533217094
0 0.2149659530376738 0.5823703165316835 0.26775720610576387 0.595174064832664 0.2509599767380712 0.6583926445692966 0.21056668957679425 0.6487898180802892
0 0.2989130434782609 0.6086956521739131 0.34565217391304354 0.6173913043478261 0.3369565217391306 0.6717391304347828 0.2902173913043478 0.6619565217391304
0 0.3782608695652175 0.6293478260869566 0.4217391304347827 0.6369565217391305 0.4130434782608697 0.6902173913043478 0.3706521739130435 0.6804347826086957
0 0.4576086956521739 0.65 0.5 0.6543478260869565 0.4934782608695653 0.7076086956521741 0.45000000000000007 0.7
0 0.5369565217391304 0.666304347826087 0.5836956521739132 0.675 0.5728260869565218 0.7250000000000001 0.5260869565217391 0.7163043478260872
0 0.6130434782608697 0.6847826086956522 0.6597826086956522 0.6923913043478261 0.648913043478261 0.7478260869565219 0.6021739130434784 0.7391304347826088
0 0.6883333333333331 0.6983333333333335 0.6783333333333332 0.7583333333333334 0.7233333333333333 0.7683333333333333 0.745 0.7483333333333333 0.7133333333333332 0.705
0 0.2 0.685 0.2466666666666667 0.6933333333333335 0.2383333333333334 0.7516666666666667 0.21500000000000002 0.7483333333333334
0 0.2799999999999999 0.705 0.325 0.7133333333333334 0.31666666666666665 0.77 0.2683333333333333 0.7633333333333332
0 0.2962962962962964 0.8111111111111111 0.3180851063829787 0.8117021276595744 0.3255319148936171 0.9361702127659575 0.3202127659574468 0.9329787234042553
0 0.355 0.725 0.4016666666666667 0.7333333333333334 0.3916666666666667 0.785 0.345 0.7783333333333331
0 0.43333333333333335 0.7433333333333334 0.475 0.75 0.4633333333333334 0.8066666666666668 0.4216666666666667 0.7966666666666667
0 0.5116666666666667 0.7616666666666667 0.5033333333333333 0.8166666666666668 0.5466666666666667 0.8233333333333333 0.5566666666666668 0.77
0 0.59 0.7816666666666667 0.6366666666666667 0.7916666666666667 0.6266666666666667 0.845 0.5816666666666667 0.8366666666666667
0 0.6716666666666669 0.8033333333333332 0.66 0.85 0.6983333333333335 0.86 0.7066666666666669 0.8116666666666668
0 0.74 0.82 0.785 0.8283333333333333 0.7783333333333333 0.885 0.7300000000000001 0.8716666666666667
0 0.8166666666666665 0.8483333333333333 0.8100000000000002 0.8966666666666666 0.865 0.915 0.85 0.8666666666666666
0 0.26842105263157895 0.7938596491228072 0.30526315789473685 0.9324561403508773 0.3 0.9342105263157895 0.26228070175438595 0.7947368421052632
0 0.2316666666666668 0.795 0.23859649122807017 0.7921052631578946 0.2824561403508772 0.9307017543859649 0.2766666666666667 0.93
0 0.3500000000000001 0.824468085106383 0.37340425531914895 0.825531914893617 0.3521276595744681 0.9468085106382977 0.3457446808510639 0.9478723404255318
0 0.39680851063829786 0.8351063829787233 0.4117021276595744 0.8372340425531913 0.38510638297872335 0.948936170212766 0.3723404255319149 0.9489361702127659
0 0.4361702127659574 0.8436170212765957 0.45212765957446804 0.8457446808510639 0.42765957446808506 0.9617021276595744 0.4127659574468085 0.9627659574468085
0 0.4606382978723404 0.9734042553191489 0.47765957446808505 0.9765957446808511 0.5021276595744681 0.8595744680851064 0.4861702127659575 0.8585106382978722
0 0.525531914893617 0.8659574468085105 0.5404255319148936 0.8680851063829786 0.5159574468085105 0.9851063829787233 0.5 0.9840425531914893
0 0.5659574468085107 0.8755319148936169 0.5787234042553192 0.8765957446808511 0.5521276595744681 0.9925531914893617 0.5404255319148935 0.9925531914893617
0 0.6031914893617022 0.8872340425531915 0.6180851063829788 0.8882978723404256 0.5957446808510638 0.9957446808510639 0.5787234042553192 0.9957446808510639
0 0.6425531914893616 0.8946808510638298 0.6585106382978724 0.8968085106382978 0.6372340425531915 0.9946808510638299 0.6202127659574469 0.9946808510638298
0 0.6819148936170214 0.9042553191489361 0.6978723404255319 0.9063829787234041 0.6808510638297873 0.9946808510638299 0.6638297872340426 0.9936170212765957
0 0.7191489361702128 0.9148936170212765 0.7351063829787234 0.9170212765957447 0.721276595744681 0.9946808510638298 0.7031914893617022 0.9936170212765957
0 0.7574468085106383 0.925531914893617 0.772340425531915 0.9265957446808512 0.7606382978723403 0.9936170212765957 0.7468085106382979 0.9936170212765958
0 0.7978723404255319 0.9308510638297872 0.8106382978723404 0.9308510638297872 0.801063829787234 0.9904255319148936 0.7851063829787234 0.9925531914893617
0 0.8372881355932202 0.9372881355932203 0.85 0.9372881355932202 0.8432203389830506 0.994915254237288 0.8271186440677967 0.9949152542372882
0 0.8706896551724138 0.9612068965517241 0.8862068965517241 0.9612068965517243 0.8862068965517241 0.993103448275862 0.8681034482758619 0.9913793103448276
0 0.9114583333333333 0.9708333333333334 0.928125 0.9708333333333334 0.9270833333333333 0.9937500000000001 0.9083333333333331 0.9947916666666667
0 0.6884615384615383 0.07564102564102564 0.8243589743589744 0.039743589743589755 0.8179487179487178 0.08076923076923076 0.6897435897435896 0.1
0 0.6961538461538461 0.12435897435897432 0.6897435897435896 0.16025641025641021 0.7961538461538461 0.15128205128205127 0.8012820512820512 0.11282051282051281
0 0.6756410256410257 0.1858974358974359 0.673076923076923 0.21923076923076926 0.7858974358974358 0.21153846153846156 0.7846153846153845 0.1794871794871795
0 0.7948717948717949 0.47564102564102567 0.7987179487179488 0.5025641025641026 0.8705128205128204 0.49871794871794867 0.8679487179487179 0.4730769230769231
0 0.782051282051282 0.426923076923077 0.8512820512820513 0.4243589743589744 0.8551282051282052 0.4474358974358975 0.7858974358974358 0.45128205128205123
0 0.7679487179487178 0.3756410256410255 0.8320512820512822 0.3730769230769231 0.8371794871794873 0.3961538461538461 0.7692307692307692 0.4025641025641026
0 0.7474358974358973 0.3269230769230769 0.8217948717948717 0.3217948717948718 0.8256410256410257 0.34615384615384615 0.7525641025641027 0.35256410256410253
0 0.7346153846153847 0.2769230769230769 0.7358974358974357 0.30256410256410254 0.8089743589743589 0.2987179487179487 0.8038461538461538 0.2743589743589742
0 0.823076923076923 0.5256410256410257 0.8833333333333334 0.5230769230769231 0.8858974358974357 0.5512820512820512 0.8423076923076923 0.5525641025641026
0 0.8948717948717948 0.573076923076923 0.9192307692307693 0.6423076923076922 0.8615384615384615 0.5730769230769232
0 0.8499999999999999 0.26666666666666666 0.9192307692307692 0.26282051282051283 0.9217948717948719 0.2820512820512821 0.8487179487179488 0.28461538461538466