0 0.4659617919921875 0.36696701240539553 0.5000364813703644 0.374405612381071 0.45336769868733673 0.5287750872506082 0.4228107845306186 0.5282198149753309
0 0.4229617919921875 0.3679670124053955 0.4539232656273722 0.36829748009059315 0.4089212448023482 0.5309962373572408 0.37169734425151263 0.5298856623039245
0 0.3309617919921875 0.3654670124053955 0.4105880066603519 0.3666316175106188 0.35891899944121036 0.5321068124105569 0.27835983992335445 0.5254433620906593
0 0.41296179199218747 0.009967012405395508 0.5333712912651571 0.040266460052820634 0.5155927219187412 0.12633577503704815 0.3805866594436692 0.10467962250290412
0 0.5444617919921876 0.05346701240539551 0.5983742102346362 0.06969661508310733 0.5694840579359217 0.1990782122585516 0.5183706176568158 0.18852777975480867
0 0.2494696571056914 0.16409520483875478 0.2922493491326763 0.17575621239581402 0.2905825872746726 0.23572709750970372 0.24391383511059356 0.23295064462503212
0 0.3064617919921875 0.1829670124053955 0.37280850865053217 0.19019364233478303 0.36836388157340244 0.2440563646554332 0.3050276939429785 0.2373929448382973
0 0.38596179199218755 0.19446701240539555 0.45892349016348605 0.20074409008990687 0.4544788325674077 0.24849866486869832 0.3816978238426888 0.24516693970874942
0 0.4719617919921875 0.20446701240539553 0.5089257355246238 0.2040471998464694 0.521704080334926 0.2501359272966673 0.469479506175749 0.2495806397700092
0 0.4684617919921875 0.28246701240539557 0.5083701685845884 0.28234249708317344 0.49836971951236075 0.33509467485326894 0.4583679232234505 0.3339840997999527
0 0.40446179199218757 0.2789670124053955 0.4522565648072657 0.2795660747012636 0.4467007122932193 0.32787595225809407 0.39780963133110103 0.3245442270981452
0 0.3499617919921875 0.27746701240539556 0.39114267545593223 0.2762343800440765 0.38336455518174384 0.3245442270981452 0.34114043009479444 0.3250995298761842
0 0.2919617919921875 0.2714670124053955 0.33336230982060605 0.27068150477749503 0.3305844140825315 0.3256548021514615 0.28336006445946826 0.3250995298761843
0 0.24335826817055806 0.25790993741850043 0.2766930780653509 0.25902051247181673 0.270026122190182 0.2945587921668908 0.2528031197838015 0.2934482171135745 0.2528031197838015 0.32232310749427434 0.23280222163934639 0.32121253244095804
0 0.15346179199218749 0.24946701240539554 0.22891316150225222 0.2534676372052353 0.22002387682904426 0.320657229662919 0.14502050878733752 0.3201019573876418
0 0.12696179199218752 0.32096701240539555 0.0579322216393394 0.3178808072810093 0.0707105664496416 0.23847493499098898 0.1418248743542541 0.24902535224335104
0 0.044591791992180524 0.2104670124053955 0.07793311978379451 0.21348705729689613 0.09793401792824966 0.1485186149458449 0.08071101552186918 0.12963890004499157
0 0.03348669641775466 0.28450647738855694 0.054043161502245224 0.2867276274951895 0.04626504122805684 0.31893421253307647 0.018486022809413277 0.3194894848083537
0 0.047091791992180526 0.22646701240539552 0.06237687923541773 0.22620147010602254 0.052931997103225666 0.27451133241147213 0.03626459215582928 0.2745113324114721
0 0.007591791992180532 0.3619670124053955 0.08293334431990833 0.36110734239604286 0.10626773566142217 0.5104792447770375 0.009041140677221237 0.4699433620906593
0 0.09559179199218054 0.35796701240539547 0.15849230982059914 0.3594414950674492 0.14571396501029685 0.5138109699369865 0.1157125872746656 0.5138109699369864
0 0.2405917919921805 0.36246701240539553 0.32072182377427916 0.36385519512870895 0.2712751453531768 0.5215563646554332 0.19293828411441147 0.5160035198916135
0 0.17109179199218055 0.3609670124053955 0.23071778212423116 0.36329990760205083 0.1829378350421839 0.5193352145488006 0.1568255479625954 0.5160035198916135
0 0.011591791992180517 0.4879670124053955 0.08960033071402577 0.5203886350522486 0.10126751112530837 0.5920205124718168 0.03404226335779017 0.6092343800440766 0.013485798273299548 0.564256212395814
0 0.002091791992180525 0.6519670124053956 0.017374858410393722 0.6486596571743768 0.02404181428556256 0.7225126694491963 0 0.7236232445025127
0 0.05059179199218052 0.6359670124053955 0.1373802472771244 0.6103449245946311 0.1257130668658418 0.5414894848083537 0.21016128652079197 0.5459317850216189 0.1990496730495448 0.6780898198303538 0.05015410136515103 0.6647629496933202
0 0.22259179199218054 0.5504670124053955 0.29516513415367474 0.5625903498158396 0.2618302632209848 0.6864190869760833 0.21016128652079197 0.6825320895408572
0 0.30809179199218056 0.5684670124053955 0.34461175153687973 0.5703643599376726 0.3129437035000908 0.6897508121360322 0.273497474151216 0.6891955398607549
0 0.35709179199218055 0.5754670124053954 0.43072676356878214 0.571474934990989 0.3962807587560213 0.6964142319531681 0.32516648137035736 0.692527234517942
0 0.4450917919921805 0.5704670124053954 0.5207308052188302 0.5720302072662662 0.481840142809991 0.7069646797082919 0.407392402746217 0.7025223794950267
0 0.48109179199218055 0.7404670124053956 0.5229531340168694 0.7407513573728989 0.47961787504984904 0.8656906848378396 0.4529499905112765 0.863469534731207
0 0.40072541635209946 0.7263139274339298 0.47350645559576704 0.7329773625024467 0.43850488384297065 0.8623589596778908 0.36627941153933863 0.8562508121360323
0 0.3180917919921806 0.7184670124053956 0.38961383339980105 0.7246480648539553 0.35627896246711094 0.8534743897541223 0.27960883256740077 0.841813397448444
0 0.2655917919921805 0.7124670124053956 0.30405438830793413 0.7129870572968962 0.27294190721118033 0.8384816722884952 0.23182894652325062 0.834594674853269
0 0.2115917919921805 0.7054670124053957 0.2540521429467963 0.7118764974949606 0.22405079573011363 0.8323735247466365 0.1768264461070505 0.8295971023647266
0 0.14459179199218053 0.6969670124053955 0.1996052705085289 0.7013260649912177 0.1684927588928266 0.827375952258094 0.13571351593806938 0.8229336520448288
0 0.05959179199218052 0.6884670124053955 0.13460235153904976 0.6957732049760174 0.12404630500783816 0.8212678047162353 0.07737755284375909 0.8190466546096027
0 0.0005917919921805215 0.8734670124053956 0.029597605761711828 0.9000326347777238 0.029042038821676334 0.9283522071290037 0 0.9255757847470939
0 0.04959179199218053 0.8384670124053956 0.15515881662354036 0.8495016223656416 0.14349163621225777 0.9372368075555342 0.05793222163933944 0.9205782122585516
0 0.00009179199218053214 0.8029670124053955 0.04070921923295898 0.8106602024112434 0.03237553201873507 0.7368071901364236 0 0.7351413275564492
0 0.16759179199218052 0.8619670124053955 0.22238406439105854 0.8711863598004101 0.1984941061095093 0.9483710972351789 0.15515881662354036 0.94226294969332
0 0.2355917919921805 0.8714670124053956 0.2918316104376674 0.8811815047774951 0.25294100906672523 0.9589215144875409 0.20849455518173685 0.9500369445637723
0 0.30309179199218056 0.8834670124053955 0.3607236200631893 0.8889554996479473 0.3073879120239414 0.9672508121360321 0.264052592019024 0.9589215144875409
0 0.3725917919921805 0.8944670124053955 0.4251709720926328 0.9000612196783484 0.36183475394326026 0.9766906848378397 0.31516603229812984 0.9700272345179419
0 0.15459179199218054 0.9664670124053956 0.22016173559301946 0.9782993623651842 0.219606168652984 1 0.149047427688407 0.992181504777495
0 0.9472117919921524 0.23133701240536758 0.998684492433026 0.22627022737264205 0.9992401204109587 0.2673613823342976 0.9470155462517817 0.2790223746399759
0 0.8677117919921524 0.27483701240536756 0.9209032286532445 0.3001232396474618 0.9170141990350991 0.32955340230343894 0.8631228630179184 0.3178923794949988
0 0.9802117919921524 0.17683701240536756 1 0.17462863990724364 1 0.20850108752510504 0.9775724604084997 0.21238808496033115