0 0.7284617919921875 0.08146701240539551 0.7067124492090329 0.02860361737335632 0.7317135718896018 0.026937770044762763 0.7433807217819358 0.11522821225855157
0 0.6979617919921876 0.00011701240539549573 0.7183795991013668 0.00028404502207633796 0.7183795991013671 0.013055612381070973 0.6967120001368053 0.013055612381070976
0 0.7454617919921875 0.025617012405395486 0.7750488308566221 0.02582719499144652 0.7894939375249281 0.11245178987664171 0.7628260529863554 0.11800463464046135
0 0.7904617919921876 0.02211701240539549 0.8328291964919484 0.021940197556220387 0.846163108242286 0.10800950491475746 0.8039389831553366 0.1118965023499836
0 0.8444617919921876 0.019617012405395488 0.8878316663892 0.017497912594336126 0.9033879069375768 0.10745421738809931 0.8572747522324816 0.10856479244141565
0 0.7509617919921875 0.1411170124053955 0.7950497290010773 0.1391054996479473 0.818939656763678 0.26182369225763646 0.7861604138089207 0.29291970224220715
0 0.8084617919921875 0.1386170124053955 0.8500521988983288 0.1374396523193537 0.8694975301027484 0.24627567201397024 0.8267178380757636 0.24516509696065394
0 0.8649617919921876 0.13711701240539548 0.9037442678970029 0.137994924594631 0.9215228982813162 0.23628052703688546 0.8837433697525482 0.24516509696065397
0 0.9182717919922433 0.13411701240539547 0.9531909463181055 0.13188680755553409 0.9659692911284078 0.2085162422122636 0.9348568100316541 0.22684068483783967
0 0.9012717919922433 0.01661701240539548 0.9437460641859132 0.016942625067677977 0.9604134996522583 0.1052330672814668 0.914855911887199 0.1085647924414156
0 0.9577717919922434 0.014617012405395488 1 0.014721474961045412 1 0.10079078231958252 0.9726362775225251 0.10745421738809935
0 0.9692717919922432 0.1321170124053955 1 0.12966565744890152 1 0.17797550450297017 0.9781920689986743 0.20296339744844397
0 0.997637400203094 0.3027362470672866 0.9476351548419563 0.3216159619681399 1 0.3449379770822583
0 0.928745390577572 0.3432149599524157 0.9648581572483366 0.35765237464000393 0.920411703363348 0.43483711207477244 0.8776320113363633 0.41817854728055165
0 0.918189374565309 0.3309986648686983 0.8687426961442068 0.41151509696065397 0.837630215047453 0.37375566715894737
0 0.9777717919922434 0.3609670124053955 1 0.3709792447770376 1 0.41040452190733767 0.9704139487244859 0.4509404045937159 0.9298565854955402 0.43483711207477244
0 0.9977717919922433 0.43096701240539553 0.9848590553927916 0.455382704806981 1 0.4648225470060268
0 0.9742717919922432 0.4809670124053955 1 0.4914190869760833 0.9998597290011331 0.5519452596166311 0.9787476359387098 0.5791542721659757 0.9454128260439173 0.5186280995254279
0 0.43777179199224336 0.5384670124053955 0.4981705135317517 0.5291785472805516 0.49650375167374805 0.5669379770822583 0.43983455043744146 0.5797095444412529
0 0.4722717919922434 0.48296701240539547 0.4992816779307713 0.4842003948836701 0.5015039762098618 0.5136305270368855 0.4687247332551045 0.5152964048682408
0 0.3247717919922433 0.5259670124053956 0.3576086290615818 0.5380631172043202 0.348163762188864 0.559163982211806 0.32982961064293825 0.5608298295403996 0.3203847285107462 0.5519452596166311
0 0.35927179199224335 0.5809670124053955 0.40816647188170363 0.6058079819372812 0.4026106498866058 0.6330169944866259 0.35538631552301697 0.6208006994029085
0 0.47777179199224334 0.4184670124053955 0.4981705135317517 0.42089779986121245 0.4981705135317517 0.43589051732683964 0.4753916891302734 0.43366936722020705
0 0.48977179199224335 0.34096701240539545 0.5281718607484344 0.33704962735792704 0.5298385920874894 0.3537082074035287 0.504281902466885 0.39646520969377763 0.4898367957985792 0.39479936236518415
0 0.43277179199224336 0.23696701240539553 0.44205687923548054 0.31375621239581397 0.41983365229298625 0.30098462978543844
0 0.34205237325373067 0.28099433983126887 0.35983095785962094 0.28210491488458517 0.36760907813380933 0.3231960698462406 0.3426079554532405 0.3248619324262151
0 0.025151791992201567 0.15574701240535363 0.09189003868489203 0.17996933254869263 0.09077890480482101 0.22217106256366442 0.026331552775377423 0.1982937599228878
0 0.0006517919922015736 0.14574701240535362 0.010219714768016476 0.1544261825793225 0.012997610506091169 0.19607262506763612 0 0.19440676248766167
0 0.022998059578318682 0.21717349007512204 0.09077890480482108 0.2432719123197694 0.08911214294681741 0.2982452096937358 0.0068862215709577426 0.2649280648539134
0 0.00015179199220156648 0.20774701240535365 0.013553207965075208 0.2127311898618569 0 0.24549306242640195
0 0.03465179199220156 0.3594670124053955 0.09077890480482101 0.37947977476252326 0.05855522879009918 0.5005320895408572 0.012997610506091117 0.47998652731141034
0 0.02465179199220156 0.8809670124053954 0.03744316624662454 0.8812295250211614 0.0018859970348440646 0.9967289645329137 0 0.9484190869760831