0 0 0.342194459202314 0.0371916170027677 0.3479315325421622 0.052805773222263 0.3025734161503453 0.006344221831539123 0.2909188290535707
0 0.06083333186479937 0.3006550591627667 0.08936567222492284 0.3050217765005512 0.07298986974765329 0.34580596611271736 0.050901594818577596 0.3404697208203477
0 0.0016823783662277237 0.3639208616003694 0.0349066468498202 0.3641016732313204 0.03147914455096145 0.39611917639221333 0.0010125411289949682 0.3949756907714662
0 0.270675 0.892025 0.35902500000000004 0.892025 0.35902500000000004 0.9696749999999998 0.270675 0.9696749999999998
0 0.36995 0.8931 0.46225 0.8931 0.46225 0.9762000000000001 0.36995 0.9762000000000001
0 0.4682 0.9002499999999999 0.5567 0.9002499999999999 0.5567 0.98265 0.4682 0.98265
0 0.5654250000000001 0.9105500000000001 0.6545749999999999 0.9105500000000001 0.6545749999999999 0.98875 0.5654250000000001 0.98875
0 0.5644 0.8118000000000001 0.6062000000000001 0.8118000000000001 0.6062000000000001 0.8782 0.5644 0.8782
0 0.518625 0.8102250000000001 0.561275 0.8102250000000001 0.561275 0.872875 0.518625 0.872875
0 0.4682 0.8015000000000001 0.5171 0.8015000000000001 0.5171 0.8744 0.4682 0.8744
0 0.42192499999999994 0.8 0.463775 0.8 0.463775 0.8668 0.42192499999999994 0.8668
0 0.3782 0.7979 0.41729999999999995 0.7979 0.41729999999999995 0.8626 0.3782 0.8626
0 0.32780000000000004 0.79485 0.37010000000000004 0.79485 0.37010000000000004 0.8618499999999999 0.32780000000000004 0.8618499999999999
0 0.27787500000000004 0.782975 0.321325 0.782975 0.321325 0.8538250000000001 0.27787500000000004 0.8538250000000001
0 0.611725 0.814375 0.654075 0.814375 0.654075 0.8808250000000001 0.611725 0.8808250000000001
0 0.66055 0.8190000000000001 0.70355 0.8190000000000001 0.70355 0.8865000000000001 0.66055 0.8865000000000001
0 0.704825 0.8200250000000001 0.7492749999999999 0.8200250000000001 0.7492749999999999 0.892975 0.704825 0.892975
0 0.7542 0.8169250000000001 0.7964999999999999 0.8169250000000001 0.7964999999999999 0.892975 0.7542 0.892975
0 0.759825 0.922375 0.8322750000000001 0.922375 0.8322750000000001 0.9938250000000001 0.759825 0.9938250000000001
0 0.662625 0.917225 0.752675 0.917225 0.752675 0.991175 0.662625 0.991175
0 0.7140750000000001 0.543825 0.799525 0.543825 0.799525 0.604175 0.7140750000000001 0.604175
0 0.9455250000000001 0.5603 0.9731749999999999 0.5603 0.9731749999999999 0.6122 0.9455250000000001 0.6122
0 0.8730000000000001 0.5561499999999999 0.8996999999999999 0.5561499999999999 0.8996999999999999 0.60685 0.8730000000000001 0.60685
0 0.911575 0.558225 0.9347249999999999 0.558225 0.9347249999999999 0.608375 0.911575 0.608375
0 0.6600499999999999 0.5392 0.70125 0.5392 0.70125 0.6023000000000001 0.6600499999999999 0.6023000000000001
0 0.606025 0.536075 0.649475 0.536075 0.649475 0.5969249999999999 0.606025 0.5969249999999999
0 0.546375 0.53045 0.595025 0.53045 0.595025 0.59315 0.546375 0.59315
0 0.4903 0.526825 0.5394 0.526825 0.5394 0.590075 0.4903 0.590075
0 0.434925 0.5247999999999999 0.485675 0.5247999999999999 0.485675 0.5863 0.434925 0.5863
0 0.379675 0.52015 0.430725 0.52015 0.430725 0.58205 0.379675 0.58205
0 0.325475 0.5155249999999999 0.36902500000000005 0.5155249999999999 0.36902500000000005 0.578275 0.325475 0.578275
0 0.29657302758187565 0.6096596402393335 0.3437313795409627 0.6120242192360302 0.32811723901128 0.7606768866846926 0.28089402567296945 0.7591522182525798
0 0.35006606378927957 0.6137744891783646 0.401237084086037 0.6165981381640124 0.3829571032050821 0.7641073121402591 0.33382972715289866 0.7641073121402588
0 0.40407345611406226 0.6178893381173957 0.45036446013822046 0.6181227751894501 0.433988657660951 0.7690624374346126 0.38714628314134003 0.7679189518138655
0 0.4513942189129196 0.6189180503521534 0.5036809847470368 0.6188851094055065 0.49149436220602527 0.7755421369410546 0.43589283606463636 0.7759233197524199
0 0.8111250000000001 0.549625 0.8346750000000001 0.549625 0.8346750000000001 0.610875 0.8111250000000001 0.610875
0 0.9841249999999999 0.5586249999999999 0.9999750000000001 0.5586249999999999 0.9999750000000001 0.6277750000000001 0.9841249999999999 0.6277750000000001
0 0.8521354217529297 0.8226435203552246 0.9409616767932176 0.8256457969944236 0.9328171640816636 0.8652916651334078 0.8435982673538064 0.8549170375869689
0 0.8443386554157345 0.864550623579743 0.9331874191202135 0.868255846613111 0.923191936253839 0.9045670201280815 0.8343431725493599 0.8990091855780296
0 0.8401354217529297 0.9276435203552247 0.853593750220181 0.9161887553404688 0.9217110991223967 0.9143361361912631 0.919119679898062 1 0.8391558169670652 0.999185729916849