0 0.38678823774659965 0.10912861425168251 0.4651301257466843 0.14357038336597241 0.4433746560941147 0.20155408438296837 0.38733795664600357 0.18046909725932053
0 0.47697029831597504 0.1476933112056917 0.5416036717957867 0.1725622338744704 0.5191890354733056 0.22988701829853242 0.45524124956717493 0.20550751155104818
0 0.5493532679834999 0.17854506876889908 0.6075292474234074 0.2002362692944815 0.5811590316579467 0.2509719873247993 0.5271000495033867 0.2312048333870194
0 0.6175831164405932 0.20524370512167464 0.6569733386091992 0.22000342323226144 0.6378549702039084 0.2707391593599603 0.5877515674923273 0.257561044669853
0 0.6668272679357127 0.22126288693333998 0.7077359804186301 0.23581716809934264 0.6886176120133394 0.2951186661074446 0.6398327599253979 0.27996384688198783
0 0.42060651046011543 0.01064031126144366 0.47963367561114567 0.03429383192072343 0.4532634598456854 0.11797483667630956 0.40250081803625404 0.09095969975185149
0 0.3749221771453661 0 0.41238969421576344 0.011891029708588605 0.3912935360889829 0.08700627258377175 0.36492332032352254 0.08173503032720497
0 0.6911526921682415 0.0011474627804567916 0.6853213440961491 0.013208844797075544 0.7182840956959899 0.019797902142129203 0.7248766315303702 0
0 0.3962810862275866 0.20465040209161295 0.4321673017189048 0.21931060572039937 0.3992045501190639 0.31616971611740236 0.3603085017826929 0.30365052706891943
0 0.4384056013619659 0.2242294020836484 0.4842484941519753 0.23644214757858648 0.45458201046932456 0.3346190730640764 0.40645639747923334 0.31814643875013277
0 0.49120957103745533 0.2414351899554371 0.5383074038785967 0.25686821810930044 0.5073224420002455 0.3497739103869141 0.4618337854015554 0.3346190730640764
0 0.5428269346528215 0.26042088691741083 0.6002774000632377 0.2819066324010281 0.5692924381848866 0.37085887941318096 0.5119371881131363 0.3524095224665069
0 0.6063103588694213 0.2871195232701864 0.6503808027748186 0.30035598934770213 0.620055079994318 0.3886493288156116 0.5785220028386068 0.37481232467864173
0 0.658521025514849 0.30432531114197514 0.705099024027229 0.31682862366164577 0.6727955115252386 0.40446307368269274 0.6299438837458885 0.39392058916955924
0 0.7083584800400301 0.3262775232542573 0.7525653979194701 0.33330127607297044 0.7189433347938402 0.4242302457178538 0.6760917794424287 0.4123699461162333
0 0.7565209049345105 0.3392314258737807 0.8020094891052619 0.3550451526434808 0.7683874984075707 0.43938506494331037 0.72421739243252 0.4262069502532031
0 0.8072835467439419 0.3570218752762112 0.8507944136211423 0.3688821748778316 0.8211279299384916 0.45388099472190463 0.7789355412569918 0.4420206951202843
0 0.7320906012424974 0.44671803835677837 0.8204686908406412 0.46903581394736127 0.8151946332019616 0.49209752370373955 0.7261951821540096 0.46837692450049884
0 0.6223295406810866 0.41171315958313925 0.7097137701401199 0.4380672498548235 0.6958693869455701 0.4571755143457409 0.6154402614534882 0.4314782106071508
0 0.534520692231958 0.38204800808005523 0.6121439935362981 0.4070986857622856 0.6042329070782784 0.428842580430177 0.5310556289463659 0.40446307368269274
0 0.45027166196319945 0.35534937172727965 0.525781571307686 0.38008356693520845 0.5218260642926456 0.40248635104996233 0.45062650345428396 0.37810684430247804
0 0.38263511653616794 0.3345837656751208 0.4499671919284951 0.3524095224665069 0.4446932067177539 0.37481232467864184 0.37151585615790284 0.3557040601877243
0 0.36720923775456427 0.37492837171931515 0.45260422074783496 0.39655620124915214 0.44601168491345455 0.4262069502532031 0.36030850178269297 0.40446307368269274
0 0.46644860394238485 0.4005096284172319 0.5719294670042266 0.43543161967784955 0.558744322907527 0.46178784905806425 0.45062650345428396 0.4314782106071508
0 0.3452570256422821 0.41942609897394106 0.4031601295620431 0.4354316196778496 0.39854531102121354 0.4986865629514123 0.3398715827537626 0.4848495588144425
0 0.4128935710693136 0.4413783110862232 0.4618337854015554 0.4545398841687671 0.4624930969273443 0.5158181229069805 0.405137846855594 0.5013221931283861
0 0.47697029831597504 0.45917740198807366 0.5514925479752963 0.4776015939251454 0.5508332364495072 0.5355852768447603 0.4730411397767652 0.5184537168891923
0 0.31203205595882805 0.5119813716635632 0.34250861157310253 0.5079112323760588 0.3853602393524527 0.5250427923316269 0.3543752050461629 0.6034525548306463 0.31416067851409124 0.5909333295874015 0.3095458599732618 0.5691894711142722
0 0.39390787410733985 0.5297804625654134 0.4677670821380855 0.5474455764463807 0.39854531102121354 0.6172895589676162 0.3563529947676524 0.601475850295297
0 0.3108643381689623 0.6133361498969173 0.3748121240750931 0.6291498585692366 0.31020509907111204 0.6772499826173426
0 0.4722238740754816 0.8851689775723597 0.5699516772827368 0.8694468923223879 0.5745664233956275 0.9379730597551362 0.5976403712438979 0.9689416238476741 0.49084102998635565 0.9860731476084803 0.49479660942933484 0.9406086899321102 0.4717226615810647 0.9221593148880552
0 0.45679799529387793 0.8893220987827913 0.46644860394238485 0.9498333593567565 0.28251640510995096 0.9544456940690799 0.30888662087541136 0.8951441960609781
0 0.18862502570599862 0.9094944018048886 0.2805386153884614 0.8997565307733012 0.25153140701763044 0.9623525484052395 0.08408058398511703 0.9992512622985876 0.012221747834935908 0.9999101879402119 0.07946580165825687 0.9840964430731308
0 0.23966481354457023 0.9708504903504053 0.23307224149622052 1 0.12495438582900828 1
0 0.2770271771851889 0.9617050684503163 0.4671078430402351 0.9616258209257589 0.46644860394238485 1 0.25812394285201085 0.9978656091774823
0 0.4983292073981955 1 0.4980928773465251 0.9906176442881852 0.6022551897847274 0.9807340854166762 0.6226921088136577 1
0 0.463811575123045 0.7561151204653699 0.5508332364495072 0.7627041778104234 0.544899939712977 0.7903782041817439 0.4545820104693245 0.7910371117259875
0 0.325084722620185 0.7214173412753361 0.3787676310901336 0.7403013936956695 0.3655825594213728 0.7884014996463945 0.3167976349054925 0.7864247770136642
0 0.38500832865641466 0.7386231291471248 0.4644708142208952 0.7567740280096131 0.44601168491345455 0.7923549268144744 0.37151585615790284 0.7897192966375005
0 0.5606260255546719 0.7629485533796537 0.6569733386091992 0.7739055698678002 0.6589511283306888 0.7897192966375005 0.5521517870731464 0.7884014996463945
0 0.028433207589345085 0.638354917066701 0.06298438964436709 0.651416984716135 0.037932688288576655 0.698199275578373 0.010903233425265979 0.6764553809104816
0 0.002332907869395928 0.6823855307112919 0.030680913356345912 0.7094006495383689 0.00167366877154564 0.73905139854242
0 0.04716228915626633 0.7285089140292864 0.03529569568320609 0.7528884388741517 0.012221747834935912 0.7581596630333374 0.0029921831812155775 0.7469582890733415
0 0.06759120757341595 0.6591205231188597 0.0979249309656975 0.6784321216405931 0.06957696169271683 0.7094006495383689 0.053095585892796476 0.6922691257775628
0 0.09488314695625323 0.5416465231666472 0.11704333558495784 0.5460938604389657 0.11242855325809771 0.6060542478939301 0.08210279426362746 0.5955117633807966
0 0.018347056078296512 0.5220675231746117 0.04188823151758651 0.5381869699080442 0.023429102210145842 0.569155534000582 0 0.5572952343989617
0 0.07530414696421779 0.5018952201525145 0.12627290023867824 0.5099218740250983 0.11704333558495779 0.5329835837814767 0.06891768638089722 0.5211232841798563
0 0.08242378332495794 0.4573974928978886 0.10781377093123753 0.4637984907071037 0.1236358714193383 0.41833399683597167 0.0992434453753675 0.40515588214586423
0 0.029026510619406753 0.4835028262206025 0.04848080356593631 0.45786834090629347 0.0003551543618756714 0.4466669307515357 0 0.4802711250210474
0 0.0023278742666311557 0.4075600383727074 0.06957696169271686 0.4229463315482949 0.05902888262932657 0.4539148956408327 0.02145131248865625 0.4433724111276993 0 0.44271352168083683
0 0.0029211772966928427 0.37196185656900665 0.0919916342291674 0.39000106292040754 0.08078427985395749 0.42096962701294544 0 0.4025202881636525
0 0.015380540927988112 0.3648422202082665 0.11770257468280822 0.3907278265946502 0.10649525652156758 0.3498756674358414 0.06628069377552669 0.34065099801119486 0.06298438964436712 0.3577825217720009 0.022110587800475912 0.34789896290049194
0 0.04188823151758651 0.24972201026893068 0.07485098311742736 0.2536754555343913 0.08012504075610716 0.27014808984833505 0.03661421009287603 0.2721247943836844
0 0.03614614698014691 0.28118649296956966 0.08276206957544703 0.28069057436146855 0.09265087332701771 0.299798838852386 0.03134015245419623 0.2945276146932002
0 0.5766452073663372 0.4419716141162848 0.6879583729154891 0.4709446985474735 0.6846621049982988 0.49400639020647075 0.5692924381848866 0.46172001102544596