0 0.1369617919921875 0.0769670124053955 0.1777997517420949 0.07700109238015591 0.1755774229440557 0.13252966202939964 0.13279773091707084 0.13308496480743867
0 0.12113053524631394 0.07589051732683966 0.07680948548750248 0.07089294483829729 0.0756983210884829 0.12642151448754088 0.11681128177641273 0.1303085424255288
0 0.025081791992159586 0.06596701240539553 0.06069764748014159 0.06811652245638734 0.06125324493912567 0.12364509210563107 0.021807015590250955 0.12364509210563107
0 0.1910817919921596 0.07746701240539551 0.23237204356601374 0.08088808981538208 0.22792738596993536 0.13808253729598097 0.18737002274098974 0.13697196224266472
0 0.0005817919921595838 0.16246701240539552 0.03402979346051764 0.16245792715940485 0.022362597789760737 0.3079428321051736 0 0.3079428321051736
0 0.2480817919921596 0.08296701240539552 0.28737451346326526 0.08471791744935904 0.28570778212421016 0.1413570774032999 0.24403922397729638 0.14080178987664177
0 0.30158179199215956 0.0869670124053955 0.3440437146995719 0.08804962735792703 0.33904349016345814 0.1463546346404614 0.30181958961262256 0.14357821225855155
0 0.3570817919921596 0.09046701240539551 0.39960175153685884 0.09304719984646942 0.39293482618063874 0.14690993741850045 0.35682205950987417 0.1463546346404614
0 0.4120817919921596 0.09496701240539551 0.49016142116483963 0.10137649749496067 0.49071698810487513 0.1530180849603591 0.41182452940712566 0.148575784747094
0 0.04658179199215958 0.16546701240539552 0.09014342775678877 0.16634492459463104 0.076253918547467 0.3112745572651224 0.0318074646624785 0.3107192544870834
0 0.1010817919921596 0.16696701240539555 0.14014567311792653 0.16856607470126364 0.12792289524765985 0.31516155470034846 0.08736553201871411 0.3134956768689932
0 0.1520817919921596 0.16696701240539555 0.19625930741419764 0.16801080242598634 0.18681442528200556 0.32349082184607797 0.1357010155218483 0.32349082184607797
0 0.6405817919921597 0.11196701240539554 0.6668360417868254 0.11192692999870363 0.6668360417868254 0.16190265488412764 0.6385013953902492 0.16190265488412764
0 0.6845817919921595 0.10996701240539551 0.73239452769634 0.11575675000699022 0.7179494210280342 0.17683820254850574 0.6835034162152732 0.1773934900751639
0 0.7505817919921597 0.11246701240539551 0.8003422728464438 0.11353560752604809 0.7570070138794233 0.1723959175866215 0.735894920817 0.17239591758662148
0 0.5477117919921176 0.3724670124053955 0.6286678767605715 0.37723923506699175 0.627556712361552 0.4077799422735234 0.5453307909856925 0.40278236978498094
0 0.5392117919921176 0.4174670124053955 0.6236676522244577 0.42110681241055703 0.6158895319502693 0.4499816722884951 0.5314412817763706 0.4488710972351788
0 0.4497117919921175 0.36746701240539553 0.4869948584103307 0.3683546346404614 0.4892171566894213 0.43665480215146146 0.4508821069990404 0.4372101049295004
0 0.5007117919921176 0.3714670124053956 0.528663386038296 0.3716863598004103 0.5036622633577272 0.4294360795562865 0.4997732032206329 0.37224166257844926
0 0.4402117919921175 0.36996701240539553 0.4419928223258324 0.4383206799828168 0.40365777263545155 0.4383206799828168 0.4031021904359418 0.37224166257844926
0 0.39271179199211753 0.43246701240539553 0.3585006176567043 0.42943607955628643 0.3579450507166688 0.37002051247181666 0.3929466224694652 0.37002051247181666
0 0.31212500000000004 0.36847500000000005 0.34517500000000007 0.36847500000000005 0.34517500000000007 0.428325 0.31212500000000004 0.428325
0 0.264575 0.365475 0.297925 0.365475 0.297925 0.42442499999999994 0.264575 0.42442499999999994
0 0.2176 0.361975 0.24960000000000002 0.361975 0.24960000000000002 0.41942500000000005 0.2176 0.41942500000000005
0 0.16662500000000002 0.355975 0.21017499999999997 0.355975 0.21017499999999997 0.42222499999999996 0.16662500000000002 0.42222499999999996
0 0.12457499999999999 0.35645000000000004 0.15682500000000002 0.35645000000000004 0.15682500000000002 0.41275 0.12457499999999999 0.41275
0 0.0761 0.3525 0.1096 0.3525 0.1096 0.4089 0.0761 0.4089
0 0.0276 0.35145000000000004 0.062400000000000004 0.35145000000000004 0.062400000000000004 0.40555 0.0276 0.40555
0 0.00012500000000000065 0.340025 0.013574999999999999 0.340025 0.013574999999999999 0.401475 0.00012500000000000065 0.401475
0 0 0.450475 0.056100000000000004 0.450475 0.056100000000000004 0.5144249999999999 0 0.5144249999999999
0 0.0696 0.45545 0.1536 0.45545 0.1536 0.52105 0.0696 0.52105
0 0.16682499999999997 0.46045 0.247575 0.46045 0.247575 0.52495 0.16682499999999997 0.52495
0 0.266825 0.46695 0.348575 0.46695 0.348575 0.53105 0.266825 0.53105
0 0.36182499999999995 0.47397500000000004 0.445075 0.47397500000000004 0.445075 0.536625 0.36182499999999995 0.536625
0 0.45792499999999997 0.47895 0.525575 0.47895 0.525575 0.54215 0.45792499999999997 0.54215
0 0.540725 0.47100000000000003 0.612075 0.47100000000000003 0.612075 0.5455000000000001 0.540725 0.5455000000000001
0 0 0.54645 0.0821 0.54645 0.0821 0.61315 0 0.61315
0 0.096275 0.55195 0.17712499999999998 0.55195 0.17712499999999998 0.6170500000000001 0.096275 0.6170500000000001
0 0.19292499999999996 0.557975 0.227575 0.557975 0.227575 0.625425 0.19292499999999996 0.625425
0 0.24017499999999997 0.5569500000000001 0.274625 0.5569500000000001 0.274625 0.6281500000000001 0.24017499999999997 0.6281500000000001
0 0.28902500000000003 0.564475 0.373575 0.564475 0.373575 0.630425 0.28902500000000003 0.630425
0 0.38792499999999996 0.569975 0.480575 0.569975 0.480575 0.634825 0.38792499999999996 0.634825
0 0.0007067645950771784 0.6541267624877036 0.031819260951305134 0.6563479125943361 0 0.7674050823955852
0 0.19349320796494965 0.6652324825181046 0.12737912459645098 0.6613454850828785 0.09626661298074872 0.7762896523193539 0.15849163621215323 0.7796213774793026
0 0.207591791992076 0.6654670124053956 0.27127447174473096 0.6696747674799889 0.24127312452804822 0.7840636471898059 0.17515904115954956 0.7818424970831734
0 0.28809179199207596 0.6724670124053955 0.31516535868968404 0.6718959175866215 0.27738589119881285 0.7868400695717157 0.25794052947544466 0.7862847972964385
0 0.473591791992076 0.6694670124053955 0.5090629206801531 0.6702300550066471 0.5101741155981214 0.6891097699075004 0.5346196713386547 0.7052130624264439 0.5073962198600466 0.7468595049147575 0.4846174259775169 0.7363090724110145 0.4507269881047914 0.7996116674334722 0.4123919536738848 0.8023880898153821
0 0.32309179199207605 0.8149670124053955 0.3946133843274689 0.8157149599524156 0.3240546128439433 0.8518085424255288
0 0.354591791992076 0.8539670124053955 0.40350263848172835 0.8534743897541225 0.4251702984841871 0.8262653772047777 0.40683610115983837 0.8234889548228679
0 0.241591791992076 0.8109670124053956 0.30572047655749196 0.8129385070677441 0.30738723841549553 0.8445898198303539 0.24182872198703229 0.845145092105631
0 0.16709179199207597 0.8074670124053955 0.22905034665778165 0.809051509632518 0.23071710851578525 0.8440345170523148 0.16349186074826702 0.8384816722884952
0 0.127091791992076 0.8034670124053956 0.1529358142170554 0.8029433620906593 0.15404697861607491 0.8373710972351789 0.1268235271374669 0.8351499471285462
0 0.006591791992075979 0.7949670124053955 0.07682128177632913 0.8012775147620657 0.0740433860382545 0.827375952258094 0.005706973871716654 0.8290417995866874
0 0.006591791992075979 0.8584670124053956 0.03570832108839932 0.859027234517942 0.02626346947515584 0.933990821846078 0 0.930659127188891
0 0.05359179199207599 0.8634670124053956 0.0857105664495371 0.8618036874026136 0.06959872844217621 0.9384331220593429 0.04293087442255228 0.937877849784066
0 0.49809179199207604 0.5739670124053956 0.6112897402004678 0.5774973125795931 0.5701768100314866 0.651905612381071 0.5001736665258938 0.6541267624877035
0 0.31359179199207604 0.8774670124053955 0.35850061765670427 0.8789031848696134 0.31849882136779406 0.931655347388328 0.29849792322333896 0.9327659224416444
0 0.26349635147054246 0.8772373375410198 0.29849792322333896 0.8766820500143616 0.28238611573492667 0.9360976323502125 0.2479400804032171 0.9427610674187292
0 0.207591791992076 0.8719670124053955 0.24849567786220125 0.8716844775258195 0.23238383985484035 0.9438716424720455 0.18627065463079673 0.945537489800639 0.20682711971528736 0.8700186149458449
0 0.143591791992076 0.8649670124053955 0.16793648782539666 0.867242192563935 0.14793558968094161 0.9444269299987037 0.1262679601974314 0.9444269299987036
0 0.177591791992076 0.8664670124053956 0.19182644610694602 0.8677974800905932 0.17238114542147495 0.9433163549453873 0.15849163621215323 0.9433163549453873
0 0.09959179199207599 0.8649670124053955 0.13404608047161987 0.8650210424573025 0.11682307806523937 0.941650492365413 0.08404383511048202 0.938318782456845
0 0.0005917919920759829 0.9614670124053956 0.019596483081038424 0.9621674849456161 0.013485124664853663 1 0 1
0 0.03559179199207598 0.9659670124053954 0.060709443768968196 0.9671650574341585 0.05848714548987765 1 0.030152529612250057 1
0 0.07859179199207597 0.9664670124053956 0.10848939085101544 0.9677203449608166 0.10015567311784296 1 0.07237665469919945 1
0 0.122591791992076 0.9704670124053955 0.1418242007458083 0.9704967673427265 0.13737957366867853 1 0.11682307806523937 1
0 0.18809179199207599 0.9764670124053956 0.2123829417103852 0.9766049148845852 0.20127132823913807 1 0.18182599703471847 1
0 0.156091791992076 0.9714670124053956 0.1751590411595496 0.9710520548693847 0.16960324968340035 1 0.15182464981803573 1
0 0.23259179199207602 0.9724670124053955 0.26182958961253894 0.9716073423960429 0.2384952287899737 1 0.2162720018474794 1