0 0.32546179199218755 0.6204670124053955 0.4066989465232576 0.6409428321051734 0.4155882311964656 0.6948055544258236 0.3389181012967553 0.7081324245628573
0 0.4169617919921875 0.6424670124053955 0.5055922728465138 0.6714835393117052 0.4239219184106895 0.692584404319191
0 0.1494617919921875 0.7699670124053956 0.07678993455975797 0.781287224807896 0.07567877016073842 0.8284865273114103 0.14012612219018206 0.8301523746400039
0 0.0005617919921875014 0.7999670124053955 0.05623346947526734 0.7907270975097037 0.05678903641530287 0.8545849648074386 0.00011983517899624374 0.8817939773567832
0 0.07308179199215963 0.8419670124053955 0.15681782384266088 0.8401475196170887 0.16181804837877464 0.8484768172655799 0.14459504597239423 0.8812386745787442 0.10792671236159411 0.8801280995254278 0.07014724487072296 0.8656906848378396
0 0.1625817919921596 0.7669670124053956 0.28404573552459583 0.7413066448995569 0.2734897195123328 0.7996116674334722 0.2201540114730849 0.8368158249599016 0.15626222638367676 0.8223783797695515
0 0.2975817919921596 0.7359670124053956 0.3373815046017409 0.7324220749757885 0.3390482054218474 0.8190466546096027 0.30071317099094086 0.8168255045029702 0.2829346016445249 0.7957246699982461
0 0.3525817919921596 0.7229670124053956 0.41571833532155766 0.7118764974949607 0.4018287955932873 0.7757343800440765 0.39349510837906343 0.7796213774793026 0.3907172126409889 0.8301523746400039 0.3529377451501178 0.83126294969332
0 0.4835817919921596 0.7929670124053956 0.4807212542910368 0.8462556671589474 0.39405067531909893 0.8301523746400039 0.39682857105717373 0.7823977998612125
0 0.43158179199215957 0.7099670124053955 0.46849847642077025 0.7046577748997858 0.4662761476227311 0.7535229399832742 0.4262743513338208 0.7468595049147575
0 0.4780817919921596 0.7029670124053956 0.5223898124379508 0.6885544823808423 0.5068335718895739 0.7607416625784492 0.47183200013677756 0.7546335150365906
0 0.4245817919921596 0.7549670124053955 0.4551645646704325 0.7585205124718166 0.45294223587239313 0.7840636471898059 0.42182969373774254 0.7818424970831734
0 0.4600817919921596 0.7609670124053955 0.48961056948319326 0.7635180849603591 0.48572147882715055 0.7885059474030711 0.457942460408507 0.7862847972964385
0 0.18308179199215957 0.8504670124053956 0.19459729133353193 0.851167484945616 0.23737701387946536 0.940013229937444 0.15237316624658256 0.9133595049147576
0 0.14608179199215962 0.9224670124053955 0.23404349016345805 0.9516742222431221 0.22904326562734428 0.9827702322276929 0.20682003868485008 1 0.15126200184756303 1 0.13070553676307242 0.9699986648686983
0 0.019581791992159606 0.8859670124053955 0.04070146459407586 0.8928139274339297 0.06403585593558965 0.8844846297854386 0.11014904115963325 0.8944797747625234 0.09625953195031144 0.9333497796175462 0.10459324968348394 0.9533400695717157 0.08737024727710345 0.9644457896021169 0.04070146459407581 0.9622246699982461 0 0.9472319525326188 0 0.9139147924414156
0 0.009581791992159605 0.9979670124053954 0.017922670711546084 0.9821577748997857 0.054591004322346176 0.9877106349149863 0.05459100432234615 1
0 0.07808179199215962 1 0.08181442528200562 0.9871553473883281 0.12959437236405288 0.983268349953102 0.14015038837631597 1
0 0.2260817919921596 0.8589670124053955 0.27904551098848207 0.8244851750223051 0.2990464091329371 0.8350356075260481 0.3334924139456982 0.8383673250603065 0.34404842995796114 0.9194390675559916 0.2601558077619951 0.9272130624264437
0 0.2615817919921596 0.9359670124053955 0.34682632569603583 0.927768349953102 0.3523821782100822 0.963306644899557 0.3234919648734706 0.9660830672814669 0.3223808309933996 0.988294507342269 0.2907127219187133 1 0.2462662680337248 1
0 0.3605817919921596 0.8439670124053955 0.43738599532401645 0.8578023351135085 0.4368303673460839 0.873905612381071 0.4096069769053729 0.8766820500143617 0.40738464810733377 0.9133309200141331 0.3651605230203844 0.9144414950674493
0 0.4170817919921596 0.8844670124053955 0.4773877916129268 0.8822349100295622 0.485165911887115 0.9222154899379015 0.4140515734635541 0.9261024873731274
0 0.3720817919921596 0.9299670124053955 0.48961056948319337 0.9344317850216188 0.4940551660413746 0.9782993623651842 0.45516456467043226 0.9816310875251331 0.3934951083790633 0.9655277797548086 0.389050450782985 0.9510903498158396 0.37349421023460827 0.952756212395814
0 0.37958179199215963 0.9989670124053955 0.37849443477072214 0.9738570774033 0.4018287955932873 0.9710806397700092 0.4473864443962439 0.988294507342269 0.49627749483941364 0.9877392350669918 0.49572192789937825 0.9994002273726701
0 0.5460817919921596 0.5384670124053954 0.5890594322275363 0.575361932426215 0.5751699535371633 0.6197847972964386 0.5368349191062566 0.6164530721364896
0 0.5520817919921596 0.4584670124053955 0.6440619631626852 0.5153910625637063 0.6346170810304931 0.553705779892071 0.5507243977966296 0.48707147496104547
0 0.5450817919921597 0.48846701240539553 0.6262833327783719 0.5542610674187293 0.6046157338138103 0.5775830672814668 0.5423907105824058 0.528162629922701
0 0.5020817919921595 0.4424670124053955 0.5346125903082174 0.4559754726021652 0.5151672591037978 0.603681504777495 0.4784989254929976 0.5964627821823201 0.4834991500291115 0.5314943398312688
0 0.4305817919921596 0.40546701240539545 0.5346125903082174 0.4416238049907602 0.5351681572482528 0.4099725074795314 0.44460854865816934 0.38665049236541293
0 0.4515817919921596 0.4264670124053956 0.4957219278993783 0.43773680755553407 0.4701652382787737 0.600990821846078 0.43738599532401645 0.594882704806981 0.42849668013186 0.5682289645329137
0 0.4175817919921596 0.4164670124053956 0.4440529206802366 0.42440993741850036 0.4179406641195969 0.5887745572651224 0.3790500017107577 0.5859981043804509 0.3462707587560003 0.558233819555829 0.358493536626267 0.5138109699369864
0 0.3960817919921596 0.4059670124053955 0.4134960065235186 0.40941721995287317 0.33071451820762343 0.5393541046549756 0.3157138445992822 0.5021499471285463
0 0.3650817919921596 0.39696701240539556 0.3901616457009534 0.4016432098310401 0.31404708274127857 0.49659710236472665 0.3018243048710118 0.4593929448382973
0 0.23358179199215962 0.3519670124053955 0.3634937611623809 0.37610005986166994 0.36571608996042004 0.3916480648539553 0.2973797083128307 0.4521742222431223
0 0.2575817919921596 0.30196701240539553 0.35516007394815685 0.36166262992270093 0.2229319072111595 0.34555933740375744 0.2151537869369711 0.33278777004476284 0.230710027485348 0.3139080398925286
0 0.276823182190443 0.2916966150831073 0.3307145182076235 0.2606006050985366 0.3484930875540395 0.2622664600528206 0.36682722384049093 0.35944149506744927
0 0.3605817919921596 0.2664670124053955 0.4151627683815222 0.265598177587079 0.42571878439378535 0.372768349953102 0.3723830763545375 0.35999676734272656
0 0.4270817919921596 0.2654670124053955 0.4846103449470796 0.2633770351061369 0.4990553905774884 0.3883163549453873 0.4329413377279381 0.37332363747976016
0 0.4910817919921596 0.2554670124053955 0.49794425669741743 0.2556030326099943 0.5229453793779862 0.2928071901364236 0.5618360417868254 0.30724462007539266 0.5401683817843668 0.40053263477772383 0.5001665854954566 0.39109277732729725
0 0.33808179199215965 0.1799670124053955 0.3907172126409889 0.18236247766308175 0.37905000171075753 0.23844633483898356 0.3290477563496198 0.2390016223656417
0 0.3179361733973214 0.132942025052935 0.4051623193092947 0.1412713150757358 0.4068290201294012 0.1629274676098798 0.3190473072773922 0.15681932006802116
0 0.4155817919921596 0.14196701240539553 0.500722152435492 0.14571360003762007 0.49794425669741726 0.17070147010602252 0.4146072014414869 0.16348274751084754
0 0.5085817919921596 0.14846701240539553 0.5757255204771985 0.15126646005282063 0.5723920577990884 0.17792018507550708 0.5035000481735665 0.17347790011362277
0 0.40627345318936564 0.18736005015162413 0.4501643401343187 0.18847060995355952 0.4334969046679735 0.24177805999893237 0.38405022624687146 0.24066748494561613
0 0.45558179199215965 0.19196701240539554 0.5057223769716057 0.19180233511350842 0.49183289828123256 0.2445544823808422 0.4434973537402013 0.2445544823808422
0 0.5285817919921596 0.20096701240539552 0.563502742606932 0.204573902472503 0.5612804138088928 0.23900162236564168 0.518500721781908 0.23955690989229986
0 0.518500721781908 0.24510976990750039 0.5835036407513869 0.24677563248747478 0.5662806383450065 0.2961960698462407 0.5301679327121391 0.2839797747625233 0.5168340209618014 0.2612130624264438
0 0.6724617919921876 0.2914670124053955 0.6939815270007731 0.2909870572968961 0.656202059509902 0.4725655447157778 0.6323121317473013 0.4564622521968343
0 0.6424617919921876 0.28796701240539546 0.6662025085821296 0.2898764974949607 0.6284230410912585 0.4547964048682408 0.6045331133286577 0.4414695347312071
0 0.6345817919921597 0.28546701240539557 0.6218387362201908 0.28342450248724604 0.6162828837061444 0.2934196474643308 0.5812813119533479 0.42502237949502686 0.6018378380757358 0.43668340230346686
0 0.5930817919921596 0.2739670124053955 0.6218387362201908 0.2717634949301868 0.6218387362201909 0.2795374898006391 0.6079491964919206 0.2873114999224721 0.5740587586191953 0.4233565321664332 0.5523911596546335 0.415582537295981 0.5596137129887861 0.3506140949449298
0 0.6074617919921874 0.2114670124053955 0.6950927219187412 0.21713404502207634 0.689536930442592 0.23934548508287853 0.6028663514706539 0.24267719499144655
0 0.6064617919921875 0.1544670124053955 0.6573132544278701 0.1555258974802177 0.6573132544278701 0.17162918999916116 0.6050886802686931 0.17162918999916116
0 0.6654617919921876 0.15946701240539551 0.7145380531231608 0.1605234699687601 0.7134268582051927 0.17773733754101984 0.6639801797840904 0.17607147496104542
0 0.6974617919921876 0.31046701240539554 0.7134268582051928 0.3220830672814668 0.6989817515368867 0.4359166594646257 0.6845367059064782 0.4847818397994952 0.6595355832259092 0.4720102419377388 0.6700915992381724 0.42592151448754095 0.6800920483103998 0.4220345170523147 0.6850922728465136 0.405375952258094 0.6784252864523961 0.4014889548228679
0 0.7074617919921876 0.9934670124053956 0.7562065502321775 0.9926111069452247 0.7839856296887183 0.9004336520448288 0.7428726384818398 0.8993231074942745
0 0.7864617919921875 0.8999670124053956 0.8289876505137421 0.9026548021514614 0.816209244665543 0.9909452596166313 0.7645402984842985 0.9892794122880377
0 0.8359617919921876 0.9034670124053956 0.8667671180046134 0.9054312245333713 0.863433594288606 0.9359719622426647 0.8756563721588728 0.9476329545483431 0.8756563721588728 0.9831712647461789 0.8245429929176641 0.9870582621814051
0 0.9109617919921875 0.9014670124053956 0.9506597402005794 0.9014584723962716 0.9428816199263911 0.9841960698462406 0.90510215243552 0.9830854947929244
0 0.9094617919921876 0.9014670124053956 0.9512153681785119 0.9009889548228679 0.943992814844359 0.9859476871280887 0.9034353905775163 0.9820606896928626
0 0.9599617919921876 0.9049670124053955 0.9956617610256033 0.9059007726095366 0.9895504026094186 0.9841960698462406 0.9539932639165868 0.9847513573728989
0 0.9569617919921876 0.9024670124053955 0.996217389003536 0.9032101049295004 0.9895504026094187 0.9865029594033661 0.952326502058583 0.9859476871280887
0 0.8354617919921875 0.8274670124053956 0.8567666689323857 0.8315782122585516 0.8517664443962719 0.8904385070677441 0.84232156226408 0.8898832347924669 0.8417659953240445 0.8815539371439756 0.7828744347707501 0.883775087250608
0 0.8644617919921874 0.8329670124053956 0.9395481572482807 0.8482368075555341 0.9289921412360178 0.8754457896021168 0.8595445646704605 0.8782222424867885
0 0.9374617919921876 0.8744670124053955 0.9567711596546612 0.8360205124718167 0.9901059695494542 0.8360205124718167 1 0.8426839322889527 0.998439656763678 0.8776669397087495
0 1 0.8209670124053956 0.9678827426069597 0.8215830672814668 0.9739941620610416 0.7621674849456161 0.9973285228836068 0.7366243349762459
0 0.5999617919921875 0.25096701240539554 0.7034264091329651 0.2527295250211613 0.6962038557988122 0.2704986648686983 0.5989772913335599 0.26439051732683966