0 0.14365447998046876 0.09491753101348877 0.1514644032480352 0.15686155018848164 0.18063235427624175 0.16241438732661087 0.1917439982664375 0.11382688125783222
0 0.20365447998046876 0.11991753101348877 0.27230311200587054 0.13742652488389887 0.26535837266068407 0.18046119381454828 0.1889660872688885 0.16796726259319228
0 0.2909617919921875 0.1454670124053955 0.3578078350421909 0.16301322993744394 0.3422515944938141 0.19910681241055703 0.2783598399233545 0.18355879216689078
0 0.3749617919921875 0.16896701240539552 0.4478119072111874 0.19188808981538205 0.4372558911989244 0.22353937207522998 0.3622524926382691 0.20743607955628648
0 0.49046179199218753 0.19446701240539555 0.5611503096838005 0.21687595225809406 0.5567056520877225 0.2507483846245746 0.4667016104376744 0.231313397448444
0 0.22496179199218752 0.31296701240539554 0.2883602889955821 0.3295132299374439 0.28336006445946826 0.37115965717437677 0.24391383511059356 0.35783278703734306
0 0.30296179199218753 0.33446701240539556 0.368919448513438 0.34894821711357443 0.3572522681021553 0.39059467485326904 0.29502724487075094 0.37338080728100925
0 0.3799617919921875 0.3544670124053955 0.44336724961510915 0.3706043848990994 0.43392236748291707 0.415582537295981 0.3700306129124576 0.3955922473418114
0 0.4579617919921875 0.3749670124053955 0.5200373795148195 0.39003937207522993 0.5078146016445528 0.4322411020902017 0.44558957841314834 0.41613780957125823
0 0.5254617919921876 0.4094670124053955 0.5539277563496477 0.4033662422122636 0.5717063256960637 0.4105849648074386 0.5500387267315022 0.447789122333868 0.5217040803349261 0.44279154984532554
0 0.43246179199218754 0.45196701240539555 0.45947905710352155 0.46214078231958255 0.41725496253552075 0.5143376420602582 0.40781008040332867 0.506563647189806
0 0.3849617919921875 0.4509670124053955 0.41503263373748156 0.4571432098310401 0.3966984974510301 0.4987896523193537 0.3705862103714416 0.48601808496035914
0 0.3409617919921875 0.4399670124053955 0.37447527050853585 0.44603748980063906 0.3578078350421909 0.4843522071290039 0.3261397564864531 0.4732465023499836
0 0.32596179199218756 0.4354670124053955 0.3116946498181473 0.47047007996807383 0.2900270203346371 0.4604749349909889 0.2705816891302176 0.41716262992270087
0 0.3164617919921875 0.5294670124053955 0.3455850876908728 0.5409342125330765 0.33280671236162207 0.5831359272966673 0.3005830668658488 0.578138354808125
0 0.11335241497212556 0.7268692149605879 0.15057631552296113 0.7396407823195825 0.13279773091707087 0.7890612196783483 0.08456603400892236 0.7718473521060887
0 0.1455617919921875 0.7939670124053956 0.19345983992335447 0.8129385070677441 0.21790536514493933 0.7674050823955852 0.16568079098576238 0.7463042173880993
0 0.02011871249842735 0.6918862075407911 0.07123210699911041 0.7118764974949607 0.05845376218880822 0.76296278218232 0.011784994765254858 0.7390854947929243
0 0.2345617919921875 0.7769670124053956 0.2712411037031358 0.789645092105631 0.25068463861864526 0.8312915498453255 0.20734934913267625 0.8207411020902018
0 0.2845617919921875 0.7914670124053955 0.3195766177252185 0.8063036874026136 0.30179804837880253 0.8557241095099986 0.26512971476800246 0.8407313920443714
0 0.05864179199221543 0.7929670124053956 0.0968730780653788 0.8068017898766418 0.06409383511062151 0.8978686697237213 0.025758770160766335 0.8839865273114103
0 0.010561791992187496 0.7734670124053955 0.04123075978242774 0.7868114999224721 0.012896159164274428 0.8778783797695516 0 0.8739913823343255 0.00020208054016196186 0.7906984973576984
0 0.10714179199221543 0.8114670124053955 0.14798648782553617 0.8267920798308113 0.117429573668818 0.9134166594646257 0.07909450871896283 0.8984239419989984
0 0.15714179199221545 0.8294670124053956 0.2107671085159247 0.8501140949449298 0.1813213282392775 0.9339622521968343 0.13131908287813976 0.9139719622426646
0 0.22314179199221543 0.8524670124053955 0.26243611573506614 0.8673279320144279 0.23243473799943487 0.9511761197690941 0.19909989758569346 0.9356280995254278
0 0.2756417919922154 0.8714670124053956 0.3129939280362394 0.8850971023647267 0.28465928163966314 0.9695005318919084 0.24910214294683125 0.9556183894795975
0 0.3256417919922155 0.8904670124053956 0.3613294115393735 0.9056426645941735 0.33243925924065904 0.9850485521355746 0.2963264925698943 0.9700558346699475
0 0.3731417919922155 0.9054670124053956 0.41022052302044026 0.922301259891156 0.3779968470057185 0.9989306945478856 0.3413285133949184 0.9867143994641683
0 0.41910977717469977 0.9267435296016593 0.45966720144154266 0.9339622521968343 0.4352216457010092 1 0.4018867747683192 1
0 0.0006417919922154347 0.9009670124053955 0.06242710377156644 0.9200801097845235 0.05576011737744899 0.9361834023034669 0 0.9195248070064843
0 0.07298311978382944 0.9239671072197495 0.14298626328942235 0.943957397173919 0.13854163621229265 0.9639476871280889 0.06798289524771568 0.9417362470672866
0 0.15214179199221545 0.9484670124053954 0.15076441408255936 0.9661688372347212 0.21632289999207394 0.990046124624117 0.2246566177252464 0.9706111069452246
0 0.23243473799943487 0.9933492496320604 0.2546579344229805 1 0.3118827331182713 0.9983468221206029 0.2396572913335878 0.9755801097845235
0 0.07814179199221545 0.9709670124053954 0.17409877490512457 1 0.08965055525017443 1 0.07242755284379401 0.9922386745787442
0 0.0011417919922154418 0.9469670124053955 0.06576056644967655 0.9661402370827159 0.05631571483643306 0.9872411020902018 0.0007576474801974342 0.9716931123492972