0 0.3079111272638494 0.3988261504606767 0.324528508739628 0.4481765594883578 0.35357020149031493 0.4336634147622274 0.3352612946637684 0.38570690338157776
0 0.3385929454456676 0.49768978682431303 0.3769298555851322 0.49297804543501905 0.40975960878702206 0.5863669993220068 0.3794551945386441 0.5983561444982838
0 0.5170020363547585 0.036894332278858535 0.5265577752192382 0.061564374721113445 0.5758023876817612 0.032538085268852955 0.5675950100723797 0.012345863565537138
0 0.5312065818093039 0.8442806959152221 0.7298497631965393 0.7779656476221595 0.7393198623036119 0.7975268607724547 0.5429726691604949 0.8688306019592941
0 0.5459793090820313 0.8823488777334041 0.7431078880741916 0.8126710140516055 0.7538407086789554 0.8347562440828685 0.5505487207016542 0.904798002825896
0 0.5550702181729403 0.9158716050061312 0.7563660823130907 0.8461143633750103 0.7670989029178544 0.8713546361713764 0.5663322885746886 0.9388723607023214
0 0.5652974909002131 0.9528034231879494 0.7696242765519898 0.8808197471355712 0.7841451229273332 0.9073220023757491 0.5758023876817613 0.9779947523406824
0 0.7851838545365767 0.9204170595515858 0.7967719217367634 0.9401343778083625 0.6263097216419755 1 0.5770651091794524 1 0.5726456879794037 0.9887218804109184
0 0.7988202181729404 0.957348877733404 0.8106614420438847 0.9754707181286 0.7506840089765977 0.9981869567128837 0.6622962092268463 1
0 0.5243883999911221 0.8113261504606767 0.5297144749215956 0.8309702100958595 0.7266930634941818 0.7678695454360589 0.7159602428894181 0.7426292726396927
0 0.5107520363547585 0.7755306959152222 0.5170876761121656 0.798788877878496 0.6705036561974747 0.7464153239578165 0.661664883158624 0.7230680768205121
0 0.45446179199218756 0.6069670124053955 0.6355981107854719 0.5421019573876418 0.6439317979996957 0.5598710972351788 0.4611458189615252 0.6265053869148237
0 0.4670020363547585 0.6380306959152222 0.470368367922531 0.6543533181978782 0.6591395095244887 0.5887286193259952 0.6490380149879471 0.5723224489408031
0 0.4743883999911221 0.6630306959152221 0.4779444888249372 0.6795935736631297 0.6698723301292524 0.6177549261093703 0.661664883158624 0.5988247215120958
0 0.4942747636274858 0.6891670595515859 0.5038294818732665 0.7079888718934843 0.684393176504596 0.644257198680663 0.6742916819680543 0.6265890285205444
0 0.4454111272638494 0.5766670595515858 0.44827140064478144 0.600216687315727 0.6338858425443817 0.5352229969968644 0.6250470695055311 0.5131377496344868
0 0.4357520363547585 0.5482579686424949 0.44006402303539993 0.5699283460951959 0.6218903698031737 0.5030416474483862 0.6136829228325453 0.48537347728826746
0 0.4293312024306362 0.5188168092805576 0.6004247285936463 0.4582401788328395 0.6105262231301879 0.4759083663240729 0.43122518063530263 0.5390090136527589
0 0.41586567271839486 0.49087160500613125 0.5896919079888824 0.4292138720494643 0.5972680288912887 0.4468820595406977 0.4198610339623168 0.5093517329785924
0 0.40847930908203123 0.46359887773340397 0.5795904828135877 0.4008185738191098 0.5859038822183028 0.41785575275732256 0.4122849824211574 0.4784324005361553
0 0.3976838545365766 0.4334852413697676 0.5644382410087754 0.37116125848271403 0.5758023876817613 0.38567442053995893 0.4047088615187513 0.44877508519975956
0 0.3876626415092723 0.4001875652660892 0.556862189467616 0.3377179091593092 0.5619129367358867 0.36358917317758127 0.3920820280286977 0.4222727952973521
0 0.37552476362748577 0.36928069591522217 0.38071788135571183 0.3875674288679062 0.5006727821709088 0.34592098568634794 0.49435938276619384 0.32699079842018797