0 0.228125 0.659375 0.029687500000000106 0.6546875 0.018750000000000072 0.7046875 0.22031250000000002 0.7078125
0 0.040625000000000105 0.6421875 0.06093750000000011 0.5625 0.2468750000000001 0.6 0.23750000000000004 0.646875
0 0.0890625000000001 0.48750000000000004 0.0703125 0.5515625000000001 0.25625 0.584375 0.2718750000000001 0.5281250000000001 0.178125 0.5171875 0.175 0.503125
0 0.26093750000000016 0.6312500000000001 0.2421875 0.7078125 0.465625 0.70625 0.465625 0.640625
0 0.4671875 0.5765625 0.4671875 0.628125 0.2703125 0.6125 0.29218750000000004 0.54375
0 0.14375 0.340625 0.2359375 0.3671875 0.19843750000000007 0.48750000000000004 0.103125 0.471875
0 0.25781249999999994 0.3765625000000001 0.22187500000000004 0.49687500000000007 0.3234375 0.5171875 0.35312500000000013 0.409375
0 0.371875 0.4156250000000001 0.4671875 0.4453125 0.4671875000000001 0.546875 0.340625 0.525
0 0.49375000000000013 0.5671875000000001 0.4921875 0.6250000000000001 0.6375000000000002 0.5750000000000001 0.615625 0.4984375000000001
0 0.4968750000000001 0.64375 0.49687500000000023 0.6921875 0.6578125 0.665625 0.6406250000000001 0.5953125
0 0.6421875000000001 0.4906250000000001 0.6578125 0.5593750000000001 0.7765625000000002 0.525 0.7453125 0.4375
0 0.6640625000000001 0.5781250000000001 0.7812500000000001 0.5453125000000001 0.8078125 0.6328125000000001 0.671875 0.65625 0.6609375000000002 0.6062500000000001 0.6687500000000002 0.5984375000000001
0 0.7765625000000002 0.4234375 0.8281250000000001 0.3953125 0.8687500000000001 0.3500000000000001 0.978125 0.525 0.93125 0.55625 0.9296875 0.596875 0.8375 0.609375
0 0.4859375000000001 0.4734375 0.4875 0.5390625 0.6953125000000001 0.428125 0.5921875000000001 0.3265625
0 0.603125 0.3109375 0.671875 0.21250000000000002 0.6796875000000001 0.21875000000000003 0.8203125 0.365625 0.7156250000000002 0.4203125 0.6015625000000001 0.309375
0 0.6937500000000001 0.18437500000000007 0.8203125000000001 0.0046875 0.9484375000000002 0.2109375 0.8390625 0.34375
0 0.49218750000000017 0.10000000000000003 0.646875 0.19218750000000007 0.484375 0.42500000000000004 0.3031250000000001 0.3578125000000001
0 0.3296875000000001 0.0015625 0.4734375000000001 0.0875 0.2859375 0.35156250000000017 0.1562499999999999 0.3078125
0 0.5140625 0.06874999999999998 0.5593750000000002 0.0046874999999999825 0.7828125000000001 0.0031250000000000357 0.6671875 0.16718750000000007
0 0.4265625 0.015625000000000035 0.44062500000000004 0 0.5390625 0 0.4953125 0.05781250000000004
0 0.39375000000000004 0.0015625000000000133 0.4203125000000001 0.014062500000000026 0.42812500000000014 0
0 0.05781250000000007 0.271875 0.12656250000000008 0.121875 0.1828125000000001 0.14843750000000008 0.11250000000000002 0.2921875
0 0.006250000000000045 0.18593750000000006 0.05468750000000004 0.0890625 0.10937500000000008 0.1140625 0.04062500000000004 0.26562500000000006 0.00625 0.25625
0 0.04687500000000002 0.06250000000000004 0.07499999999999998 0.003125 0.1562500000000001 0.0015625000000000799 0.11093750000000004 0.09375000000000007
0 0.0031250000000000266 0.06406250000000008 0.042187500000000024 0.08124999999999999 0.0015625000000000265 0.1671875
0 0.0015625000000000354 0.04062499999999998 0.032812500000000036 0.05468750000000001 0.05937500000000004 1.0658141036401502e-16 0.0031250000000000357 0.0031250000000001064
0 0.12812500000000007 0.10156250000000006 0.1953125 0.1328125000000001 0.24218750000000008 0.03437500000000005 0.17968750000000008 0
0 0.8796875000000002 0.3390625 0.9953125000000002 0.20312500000000008 0.9953125000000002 0.521875
0 0.002941176470588225 0.28823529411764703 0.10294117647058819 0.32205882352941173 0.10588235294117646 0.3323529411764705 0 0.4191176470588235
0 0.0109375 0.44062500000000004 0.046875 0.44843750000000004 0.08125000000000003 0.43125 0.10156250000000001 0.35937500000000017
0 0.0046874999999999955 0.48437500000000006 0.05624999999999997 0.4921875 0.034374999999999996 0.575 0.0015625000000000265 0.5734375
0 0.003125000000000053 0.5859375000000001 0.02812500000000005 0.5890625 0.003125000000000051 0.671875
0 0.8890625000000001 0.003125 0.9984375 0.1375 0.9984375000000001 0.003124999999999991