0 0.003225446718364413 0.5134750462894823 0.041240334230617515 0.4953217398549546 0.015343702494171012 0.4370041459335669 0.0008720784205869059 0.44348389255002096
0 0.02482840364827753 0.43580727256527074 0.05952028373194738 0.4183272717069357 0.0831318825561964 0.4724520902533634 0.048095338828334964 0.48693620480837196
0 0.005797227305258837 0.5237621686370599 0.0397169789558192 0.5056130790350032 0.0618052852645199 0.554782803693752 0.029434503438868 0.570791570977536
0 0.04900314116508506 0.5042166361766622 0.08313188255619643 0.48388691505415904 0.10560098061415918 0.5300073656620323 0.06866028986223735 0.5460161015391413
0 0.0690630297428615 0.41420431563535764 0.10103100892863921 0.39888808681925425 0.12654678615657364 0.4530128975140133 0.08655938485505515 0.4674970120690219
0 0.11124023136792997 0.40031670046612783 0.14216091099644404 0.38707211061376784 0.17034251288583796 0.4377664801496232 0.13264008173726693 0.44958245635510957
0 0.13911426320609732 0.45987379553515817 0.1718658367810113 0.4469143337089247 0.18824163925828075 0.47321442446941975 0.18709913849199453 0.49760871109644883 0.1573942127074273 0.5098058701133006
0 0.09426647949442683 0.4826136792467492 0.1261659316480616 0.4621607667766522 0.15015838498082268 0.5109493557340476 0.11436013223593708 0.5303885484733978
0 0.03614423823061296 0.06495651193509568 0.047714484319822885 0.0932995018418207 0.08884435500800261 0.07652843174865542 0.07437276231404356 0.048322536854694516
0 0.02637147200041417 0.037695637714014844 0.0332428602462388 0.06204431719364681 0.06904108161149944 0.041080495280527575 0.05418863440902827 0.01668619295016117
0 0.04900314116508506 0.10301886462113308 0.08427438332248269 0.08415163257918178 0.09836521564680463 0.10664011507274493 0.061424430756007765 0.12722279343284204
0 0.06289075633431493 0.13439458778124497 0.09608021411423216 0.11540683293069309 0.10750519039746961 0.13675181410017173 0.0736110846766444 0.16076493361917266
0 0.256803012586154 0.5294200859282276 0.28040306440232937 0.57939709888564 0.32039049708347284 0.5664376527627439 0.29830219077477216 0.5081200666930248
0 0.28509259904199263 0.585484902722526 0.32724543892194036 0.5725362165678325 0.353903748295786 0.6358088886735618 0.30249137071103005 0.648387183391767
0 0.402880149921757 0.7706531049789241 0.3599970438764794 0.7822334584574255 0.39427194134656657 0.8733308583490875 0.44225684801208875 0.8573221067686413
0 0.32469802008016674 0.2717276711214069 0.3558078639402214 0.2572574602315687 0.37408787620080125 0.29613584571026896 0.34133633400551233 0.31138227877799646
0 0.34372919642318533 0.31699100945074865 0.3695178731356563 0.30642718489031756 0.3904637100576958 0.3456867374770459 0.36228204540905173 0.3586461993032794
0 0.3653321533530985 0.36276870389746935 0.391606179444357 0.34835487582656816 0.4125518908478965 0.3830404859303084 0.3847511748466396 0.3994303889154456
0 0.30772426820666354 0.6595521836250852 0.3202628360252839 0.6877930506432337 0.36748606505340686 0.6721654661708155 0.3568227664075686 0.6405291144146135
0 0.5818760787696086 0.3447662397892084 0.6005554996444256 0.37831228597895233 0.631402926195279 0.35849192613157416 0.6135037998228362 0.3161830837906327
0 0.5647572468995399 0.42290808385805034 0.5952238503215063 0.44234727659740053 0.6161696244842958 0.427100843529673 0.5967472055963047 0.3912717478051858
0 0.6173666508687515 0.43786469703478637 0.6336879277278515 0.4697908529786426 0.6748178297956562 0.4423472765974006 0.6538720556328667 0.40385005822672837
0 0.6443512891329397 0.3630658529112249 0.6569187661824634 0.3874601395382539 0.6790070097319142 0.3729760406865827 0.6656778236653664 0.34743826843880654
0 0.619938431455646 0.31184744827695987 0.6386388166811335 0.3508687095977103 0.6622503527461326 0.33447879876090447 0.6374962845352223 0.2944569276614572
0 0.6492567301462422 0.2856152862906368 0.6691053573438501 0.3321918353710791 0.6904319546355265 0.3207570105702835 0.6649162401668423 0.27234960442425354
0 0.6106800213428261 0.5031879239419046 0.7094736131538807 0.5231533530123514 0.6755794760534305 0.448827038917192
0 0.553072136196391 0.4805562547772337 0.6043638564517964 0.5010460376268164 0.6306412799375049 0.47779523662053447 0.60779132737103 0.4412037909766535
0 0.469232089063633 0.43426420421313416 0.49925406837008696 0.45645022404438096 0.5339098203486863 0.4210022797245845 0.5080132199918649 0.40346889111870027
0 0.5078087978670492 0.45792458561256283 0.522865698573961 0.4671227460357952 0.555617272148875 0.43319942303809905 0.5434306496078634 0.4217645982373034
0 0.5366127404402669 0.466154283490625 0.5495239451885566 0.48008217645535384 0.5876071994660148 0.44654006767569787 0.560948952851419 0.43434290865884606
0 0.6641730575502299 0.39723056376185456 0.6816728343933737 0.427863162042392 0.7014761391695018 0.4168095043496245 0.6820536575222609 0.37831228597895233
0 0.690405219536553 0.3766563190666992 0.7087119041368564 0.41376023029874887 0.7262302073804122 0.4042312096314192 0.7060461422346469 0.36802094679890374
0 0.5227251252710369 0.3962018515270968 0.5579022736814475 0.4110920919492267 0.5716122514972573 0.39927613144707763 0.5491431220596695 0.37564414762943016
0 0.5537131251248144 0.37297604068658274 0.5746588992876039 0.3981326458263306 0.5910346703852485 0.3840296826760128 0.5689464268357977 0.3565861219981082
0 0.6739458237804287 0.33910832249804074 0.6889086621199784 0.36763977969087563 0.7106161452997918 0.3558238034853893 0.6938594255547602 0.3257121044579624
0 0.6189097192208882 0.5422789888626997 0.6531103466158428 0.5621711677843259 0.6371153986470853 0.5999060833456166 0.5997938533866514 0.582753846144423
0 0.6710094729882854 0.6801698498127073 0.6866236605874058 0.6614929598827386 0.6344495739856256 0.6088927862134175 0.62607133963161 0.6245203706858358
0 0.6405126761508012 0.6703536620900417 0.6622503527461328 0.6957974185817881 0.6371153986470852 0.726671436121934 0.6215013365664648 0.7049452721410898
0 0.5983354745257329 0.6796120722028617 0.6154079782265216 0.702658316602933 0.6424470479700042 0.6668292051751084 0.6256904537434729 0.6435784198721638
0 0.570560244187273 0.6338343777561409 0.6036021474347721 0.6496769836772524 0.6131229766939492 0.6332870806921151 0.5811330179971844 0.6146101907621465
0 0.5571869851354221 0.6652101009162529 0.5872263763371276 0.683219123863583 0.5761822545624022 0.705326439249118 0.5438114727367505 0.6889365362639808
0 0.49957909998898714 0.6688105937379051 0.5377181457764322 0.6877930506432337 0.5487622989307824 0.6603494742619916 0.5106790446533244 0.6424349342514166
0 0.5299261109143413 0.616346269765259 0.560568129722532 0.6325247464760588 0.5693272499646849 0.6096551047261363 0.5438114727367505 0.5951709980227964
0 0.570560244187273 0.5438220572148363 0.5994130302577643 0.5579784081127033 0.5914154935141355 0.5777987522567442 0.5617105991091932 0.5633146534050729
0 0.5731320247741675 0.5355923593367743 0.6051255027095704 0.5522609957123055 0.6150271550976345 0.532059468756899 0.583798905417894 0.5175753699052279
0 0.5496354217529297 0.2531435203552246 0.5751309816232403 0.2410659616796606 0.5903093334420771 0.2640383261684891 0.5621738855015669 0.2810823429629552
0 0.5096354217529298 0.1631435203552246 0.5251535672913672 0.20142007827563255 0.5506975960075429 0.19326859828775383 0.5329278554681642 0.14991749185035783
0 0.5886354217529297 0.1301435203552246 0.6006750103394157 0.15888835889242028 0.6221467826998145 0.14962530130900048 0.6043770421604358 0.1133141354265518
0 0.6066354217529297 0.16514352035522464 0.6339932662248026 0.22224764833894167 0.6476907809121971 0.21409616071854098 0.6177043323130733 0.15518312822653044