0 0.0030857014206220512 0.32196890633061254 0.11518615132844363 0.34216113310636814 0.10051771184749932 0.3841070830408047 0 0.3834079440325063
0 0.01440645613760318 0.2342330572740087 0.14382449343230022 0.2596675400560613 0.12356810441305623 0.3239845845634808 0 0.3023125137909182 0.0024282670173113095 0.2463846477495983
0 0.21172149658203124 0.155414231952868 0.2966295257885561 0.1774857882299564 0.29779859167980377 0.18528624170542166 0.3854782445400771 0.2008871807932866 0.3737876498461119 0.2492500694698139 0.19141391666882349 0.21453798642670127
0 0.1871273631404192 0.23247907280513286 0.3656041886073782 0.26524102239379516 0.352354817985579 0.3093136785307071 0.16452548144326645 0.3050234138541573
0 0.13382675973992597 0.10699317932128906 0.168422373098968 0.11446690996515882 0.1995973457983014 0.08989542768807811 0.21713330205776063 0.03841234798028439
0 0.2627741281609786 0.0027826530054995934 0.35742075947790025 0.033342039563034824 0.31572419375733785 0.1577594902244365 0.21869207798559465 0.13747827262390552
0 0.35014254921361015 0.0012037056370785314 0.406131688436693 0.018993626999900592 0.41938105905849227 0 0.35079607416700076 0.0002724968807692041
0 0.37382675973992596 0.036993179321289066 0.4754960291828458 0.07390445869562962 0.4408138588097695 0.18272100240610079 0.33287047208946646 0.1612696950918192
0 0.4943530755293996 0.08173002142655221 0.5686313656812826 0.10463386212156223 0.5682416877539519 0.12218491056117667 0.5846085460129076 0.1253051015924431 0.5857775797948999 0.21033019069806613 0.4614673027063853 0.18458865084416928
0 0.42382675973992595 0.02488791616339433 0.6046326623901622 0.08521514917541204 0.6669826077888291 0.002920213162238321 0.4386257874718297 0.0005800739059053317
0 0.4147846544767535 0.20751949511076276 0.5874863840580337 0.24222964366658117 0.5851482522755382 0.2909825622476919 0.3922529902955323 0.2781118003549772
0 0.38425833868727977 0.29330896879497326 0.5835895405662157 0.3103188303486283 0.580082310783217 0.3719425268909211 0.35679143195853896 0.37467268801760395
0 0.3342583386872798 0.36646686353181535 0.28937551295829494 0.36531213099227194 0.286647703248469 0.3723325567955047 0.14055835006785236 0.3738926442769042 0.15692522438143605 0.3235796382143939 0.34631332079695476 0.3266998131771931
0 0.04699518079254284 0.2196247582686575 0.1479624072880411 0.23902701582433458 0.17913741209663026 0.16297246187369374 0.10042054422049614 0.14503139558084616 0.02715962369045668 0.21523559335642084
0 0.0037783861386426754 0.06462635454974494 0.04196773813083423 0.0022226303352195576 0.0014402543561473414 0
0 0.6120447840612325 0.23457758698841114 0.6116241090260461 0.29394533738206746 0.755919147098521 0.24257749341725376 0.7348849100515815 0.16720993016591212
0 0.6149266156283292 0.30982218222184615 0.7576019165660693 0.26152465665606706 0.7761120687384888 0.32847127581457686 0.6112034339908596 0.36004986386595816
0 0.6044724601108703 0.13707249571558233 0.7088023992653986 0.002042236271141178 0.7159540481805743 0.0012001262498813326 0.8160771676564356 0.09383066739079805 0.6086793491163396 0.2082476474096392
0 0.7433357065374202 0.001299454949118868 0.8345873198288553 0.08410480257578784 0.9359724990736769 0.0297896255764869 0.9111521173832569 0.001579399550261611
0 0.7598129792646928 0.15754945494911887 0.78116027315093 0.22296160265594123 0.8943246306881821 0.19138299725791919 0.8648766849571061 0.10591027854454638
0 0.7859493429010564 0.2439130913127552 0.7912567166392134 0.26278314623099264 0.7798982133819695 0.2754145710435607 0.794201511212321 0.3250982296591362 0.9317656100682078 0.29688802965287203 0.8989521947288378 0.21015216325425023
0 0.9978811610828745 0.26664036404002794 0.9602786413299771 0.27620149633480034 0.8942310662892485 0.08967724902107718 0.9573338467568695 0.05388817157663914 0.9880438869203071 0.016835955120272493 1 0.034519970673836706
0 0.9484493429010564 0.0007312731309370691 0.9581752314906435 0.012803488989659129 0.9699544097830739 0.0014351945156993184