0 0.6234617919921875 0.3619670124053955 0.6700441155982326 0.3755161874343873 0.6633771292041155 0.43548705729689613 0.618930675319127 0.4354870572968961
0 0.4534617919921875 0.32696701240539555 0.47836882136790565 0.3444201850755071 0.45447883256740773 0.41605205486938457 0.40669894652325767 0.4132756324874748 0.40058755758812425 0.40716748494561616 0.42503311332865773 0.40439106256370627
0 0.2844617919921875 0.4109670124053955 0.32669532342648866 0.4093886350522487 0.3422515944938139 0.3971723399685313 0.3522520435660416 0.3977276274951895 0.3333623098206061 0.47657821225855157 0.2633591663150132 0.4715806397700092
0 0.11496179199218749 0.4864670124053956 0.17057719840794194 0.5021213774793025 0.15835443579714956 0.557094674853269 0.14668724012639264 0.5576499471285463 0.148353986724922 0.5798613871893484 0.14168701559027888 0.6042939773567831 0.09890732356329401 0.5948541046549757 0.10668544383748242 0.5293303595258854
0 0.1799617919921875 0.5059670124053955 0.23057989284130728 0.5215563646554331 0.19168926095141664 0.6298371120747724 0.14557609098684737 0.6159549696624615
0 0.2384617919921875 0.5229670124053954 0.2894714533946016 0.5415466546096028 0.25224755284376604 0.6487168269756257 0.20335647188164785 0.6248395395862301
0 0.2944617919921875 0.5444670124053955 0.3250285920874336 0.5482101049295004 0.30280536514493933 0.6803681397382355 0.2550254485818407 0.6520485521355747
0 0.3299617919921875 0.5474670124053955 0.3711417773114772 0.5615369445637723 0.3683638815734025 0.6936949793725075 0.32280626328939444 0.692584404319191 0.3111390828781118 0.6814786842887898
0 0.32796179199218756 0.7024670124053956 0.37669759930657504 0.7014118044417104 0.37669759930657504 0.7663802772955234
0 0.3819617919921875 0.5564670124053955 0.4600346850814542 0.5581480648539552 0.48448017978409047 0.7125175244721117 0.47003513415368176 0.7125175244721116 0.3828089577227598 0.6703158249599016
0 0.3899617919921875 0.6844670124053955 0.46670161043767444 0.7224840997999528 0.4800355832259093 0.7913395395862302 0.41781052947555614 0.8074428321051735 0.4000319601291402 0.8068875598298964 0.38780918225887356 0.7669069494187954
0 0.2874617919921875 0.8679670124053956 0.31725047181324517 0.8623589596778908 0.3294732496835118 0.9106688372347214 0.28669352713757845 0.9112241095099987
0 0.3324617919921875 0.8564670124053956 0.39280940679498727 0.8461699124570736 0.4055877821242381 0.9255757847470939 0.3433627588928336 0.9283522071290038
0 0.3464617919921875 0.9384670124053954 0.40725451346329317 0.9355137599229296 0.4189216938745758 0.9999269299987037 0.35280761050607706 1
0 0.4304617919921875 0.8879670124053954 0.5117036312626985 0.8977829150218476 0.5011476152504354 1 0.4455895784131483 0.998844924594631
0 0.5204617919921876 0.8964670124053956 0.5755954163521065 0.9022537848843564 0.5522610555295414 1 0.5089257355246238 0.9994287970219138
0 0.42246179199218753 0.8659670124053956 0.5750398494120711 0.8811529198768704 0.5900405230204124 0.743442025052935 0.49336949497624694 0.7395550276177089 0.5094813024646593 0.8067446200753926 0.4194772913335598 0.8333983450980792
0 0.5959617919921876 0.7449670124053955 0.6583769046680016 0.7523266026023938 0.6700441155982326 0.7628770351061368 0.6372648726434755 0.889482202273981 0.5817067747682912 0.8839293575101612
0 0.6774617919921875 0.7689670124053956 0.7222686897574097 0.7695404625489632 0.691156147622759 0.8922586399072716 0.6467096937377704 0.889482202273981
0 0.7284617919921875 0.7714670124053956 0.807272506871344 0.7706510376022796 0.772826502058583 0.8994773625024466 0.6967120001368053 0.8917033523806136
0 0.6404617919921876 0.9099670124053955 0.6817112654905668 0.9127470475868503 0.6605992334660408 1 0.613930450783013 1
0 0.5824617919921875 0.9054670124053955 0.6289311243913545 0.9105258974802177 0.6072635254267928 1 0.5578168470056906 0.9993716424720455
0 0.6884617919921875 0.9164670124053955 0.7261577193755554 0.9205210424573025 0.7656039487244302 0.9205210424573025 0.7456030505799748 0.9993716424720457 0.6683773537402291 0.9999269299987036
0 0.7714617919921875 0.9249670124053955 0.8272734050157992 0.9305161874343874 0.8494966319582933 0.9305161874343874 0.8328291964919484 1 0.7528256039141279 0.9999269299987036
0 0.8554617919921875 0.9414670124053955 0.8960901892728087 0.9410666199381302 0.8933122935347342 0.9627227724722742 0.8783116199263928 0.9993716424720455 0.841087719375557 0.9982610674187293
0 0.8558917919921893 0.9069670124053956 0.8960901892728086 0.7717330201292809 0.8205312542910665 0.7689565939345259 0.7805294580021563 0.9022251999837319
0 0.8368917919921892 0.5679670124053956 0.8755337241883181 0.5663916001748825 0.8783116199263928 0.5758314576253091 0.8644221412360195 0.6246966150831074 0.8327540321613333 0.7290903498158395 0.7966412654905685 0.7318667874491303
0 0.4713917919921893 0.5554670124053955 0.5371852175905849 0.5569517389116105 0.5216289465232594 0.7124317850216189 0.4921831662466123 0.7140976323502124
0 0.6173917919921893 0.5634670124053955 0.692192178210112 0.5608387401596819 0.692192178210112 0.5763867451519673 0.6460789624671199 0.7229822022739809 0.5638530410912602 0.7196504923654129
0 0.5433917919921893 0.5589670124053956 0.6099662568342523 0.5591728813925527 0.5566304877571073 0.7168740699835031 0.5271847379994087 0.7168740699835031
0 0.7033917919921894 0.5634670124053955 0.783307353740231 0.5625045951139659 0.7344163032970613 0.7329773625024465 0.6555238445993118 0.7274245024872461
0 0.7958917919921893 0.5634670124053955 0.830531703363294 0.5652810251215663 0.7860852494783056 0.7324220749757885 0.7433055574513208 0.7335326347777237
0 0.8468917919921892 0.40046701240539556 0.9333140898236444 0.40769418757164977 0.9177578492752673 0.4548934900751639 0.8399765854954861 0.4532276274951894
0 0.8383917919921893 0.4809670124053955 0.8872009351185494 0.4798527676172514 0.8772004860463217 0.5364919123198113 0.8299761364232586 0.5364919123198113
0 0.7758917919921893 0.47296701240539546 0.8055305806827252 0.47818690503727695 0.8338651660414043 0.47929748009059314 0.8233091500291411 0.5281626299227009 0.7694178750498579 0.5281626299227009
0 0.7678917919921894 0.4764670124053955 0.7616396937377721 0.5270520548693846 0.7160821059727127 0.5264967673427264 0.7238602262469009 0.4720787574954183
0 0.6648917919921894 0.4664670124053955 0.7155265390326773 0.47152346996876005 0.7060816569004851 0.5281626299227009 0.6594128742174573 0.5276073423960428
0 0.6133917919921893 0.4564670124053955 0.6555238445993119 0.45708604002979103 0.647190157385088 0.4981771949914465 0.6316338557988139 0.4970666199381302 0.6299671549787075 0.5231650574341585 0.6060771661782096 0.524830920014133
0 0.5283917919921893 0.44846701240539555 0.603299270440135 0.4515331800145905 0.5971879120239503 0.518167484945616 0.5182954533262005 0.5198333475255905
0 0.44439179199218926 0.4374670124053955 0.5221845134632949 0.44209332256416384 0.5082950042539732 0.5187227724722743 0.4288469786161882 0.5209439073275259
0 0.6793917919921892 0.37346701240539554 0.7499725438454382 0.3871771949914465 0.7427499905112852 0.4427057798920711 0.6760803096838024 0.43937406998350315
0 0.7548917919921894 0.39146701240539555 0.8349763609593722 0.3977276274951895 0.8321984652212978 0.45159034981583956 0.7505281107854737 0.44714806485395525
0 0.78552968253827 0.20898760253376275 0.906646266322969 0.23675190260976545 0.8877565020585848 0.3289293575101613 0.7533060065235482 0.3067179174493591
0 0.9148917919921894 0.2549670124053955 0.9844275301027501 0.27173491002956224 0.9477591964919502 0.3966742222431223 0.8833118444625064 0.39278722480789613
0 0.8198917919921894 0.12896701240539554 0.877618867830706 0.15357335723563634 0.9003976617132358 0.1074846297854385 0.8242830987535609 0.07860976990750039
0 0.8232617919921789 0.019467012405395518 0.8937306753191183 0.04640318486961341 0.8998420947732001 0.09304719984646943 0.8259498606115645 0.06972519998373186
0 0.9077617919921789 0.04696701240539552 0.9781789254930169 0.07583334752559055 0.9754010297549425 0.12303263477772383 0.9098425438454278 0.10304234482355422
0 0.9072617919921788 0.11396701240539553 0.9787344924330523 0.13580421738809936 0.978178925493017 0.19466451219729186 0.8870637499628979 0.16134735210608867