0 0.0016354217529297088 0.03931018733978272 0.0368409533774549 0.04820773068156015 0.04017279116751074 0.042649896131508234 0.02092221349668979 0.00003984651282096685 0 0
0 0.0991354217529297 0.09481018733978272 0.1182856229361011 0.09584843360251684 0.13531494490975848 0.10955776340549134 0.10940075266641176 0.2214554501650624 0.075342047711511 0.21330397780970556
0 0.0611354217529297 0.08081018733978272 0.0945926253823319 0.08732643283780568 0.06608698341085756 0.20885771322267285 0.035360116246012624 0.20329989393766482
0 0.020635421752929695 0.07781018733978272 0.05238946872346299 0.08110587933704211 0.027215664542044417 0.20004349901903853 0.001301472298697619 0.1922625398079922
0 0 0.05331018733978273 0.014258568420371003 0.05368723499613699 0.0013014722986976735 0.1259390536167239
0 0.1411354217529297 0.12031018733978271 0.17455648831332876 0.15550250764819223 0.15678674777395005 0.2336826739631415 0.11717501033941577 0.22627224316144948
0 0.18513542175292969 0.1698101873397827 0.23119754772152057 0.2128551191648762 0.2271252913657435 0.2591703918169314 0.1653013935088824 0.24694315275380851
0 0.12563542175292974 0.2483101873397827 0.22823593446622176 0.2742051366237635 0.2323081298144129 0.3053290039980366 0.1208770421604357 0.2782809033315296
0 0.11663542175292971 0.2898101873397827 0.23378896694585508 0.31755624306115954 0.2263849033038153 0.3468274836537047 0.11199217189074645 0.31644467309814034
0 0.1061354217529297 0.32731018733978273 0.22194245291707415 0.3525992014072047 0.22009148276225354 0.3833525251070795 0.10125627045865074 0.3496350122949796
0 0.09713542175292972 0.3603101873397827 0.21675961446840475 0.39187454113683456 0.20972574485732892 0.4200342270314044 0.09163098162324018 0.38557566503311785
0 0.08913542175292971 0.39631018733978274 0.20343232431576724 0.4311498961315083 0.1941772295113209 0.45745697050939427 0.08015469212921626 0.42188683854808845
0 0.07463542175292971 0.4318101873397827 0.18862419703168742 0.4650812768820124 0.17714790753766343 0.49657566503311784 0.06904859666615627 0.4528540530839333
0 0.04663542175292971 0.45831018733978274 0.16122916765689824 0.4987987896941123 0.1541952980458225 0.5254763924813526 0.03758134143938312 0.4795316406061298
0 0.010135421752929722 0.5618101873397827 0.005743922685438785 0.6102476483389416 0 0.6113592183019608 0 0.5602271679185623
0 0.2026354217529297 0.8783101873397828 0.24711625709849266 0.8814487722352249 0.24637593004415032 0.9185009873038603 0.19232619834891448 0.9188715157132147
0 0.27163542175292976 0.8678101873397828 0.32819076312996764 0.865516325403778 0.3270801200294895 0.8981222606203367 0.26562644670738544 0.9088674165761301
0 0.1911354217529297 0.9293101873397828 0.24415470485077972 0.9303577132226728 0.2341591609768193 0.971856192878341 0.18640297183831683 0.9703741097710114
0 0.26562644670738544 0.9185009873038603 0.3267099259985253 0.9081263597574215 0.31301244181492377 0.9659278604490225 0.2859876064710987 0.9496248546781334 0.2622945784135366 0.9611110369225477
0 0.1416354217529297 0.9968101873397828 0.14679126490757546 0.9828151862424508 0.18159032742061157 0.9898551191648762 0.17862871416531279 1
0 0.19063542175292972 0.9968101873397828 0.19010503416312974 0.9898551191648761 0.2160192264064765 0.9902256323091866 0.21527883834454825 0.9991181614832522
0 0.23601019213922578 0.6158054828889935 0.26562644670738533 0.6146939129259743 0.2548905147714967 0.6650849522857958 0.2175000635379189 0.6358136811631628
0 0.2851354217529298 0.6108101873397827 0.3281907631299676 0.6095066067852769 0.3267099259985253 0.6754595645671909 0.2915406389507322 0.6795353007448693 0.2822855441462858 0.6591565740613458
0 0.33913542175292977 0.6083101873397827 0.37978599763787124 0.6024666891278954 0.394594185929537 0.6246980120630592 0.3927431547671305 0.6739774814598612 0.3349914827622535 0.6750890514228804
0 0.41620297183831684 0.5869047554407588 0.4621081298144128 0.5891278953667971 0.5139366363162781 0.5987614660945273 0.5553993439056328 0.5954267562054699 0.5550291498746688 0.6658259785744167 0.5398508285596249 0.6673080769467903 0.5398508285596249 0.6361842248375611 0.48283954461667605 0.6272916651334078 0.44137677601973535 0.6206222606203368 0.41139032742061155 0.5957972998798682
0 0.3925354217529297 0.6018101873397828 0.40607044491976796 0.6187696491036528 0.40533005685783974 0.6702722431614495 0.47900049924727484 0.6687901447890761 0.4786302442087249 0.6391483757871765 0.4379079246812983 0.6343315827907894 0.40199818856399105 0.5995025076481921
0 0.36793954461667605 0.4635208673554687 0.3975557991848357 0.4753775741929763 0.3401743212109229 0.5728249048609519 0.2905671009100139 0.5791237962297124
0 0.25203542175292964 0.5828101873397827 0.28168223064032455 0.5831995324073909 0.35868444981222963 0.4646324335022269 0.35868444981222963 0.45722199125175195 0.3435061284971857 0.44981154327688566 0.283163037267974 0.5190992014072048
0 0.40353542175292967 0.47981018733978265 0.44605237638526646 0.49686787083951905 0.40533005685783974 0.563561862542576 0.34942935500778327 0.570231267055647
0 0.41253542175292973 0.5738101873397827 0.524302252206031 0.5383663428626653 0.45618490330381517 0.4972383839838295
0 0.4319354217529296 0.5778101873397827 0.5309659277861427 0.5935741599538298 0.5750201156074181 0.5683786402739192 0.5335573470104773 0.5435536642684067
0 0.40243542175292957 0.4403101873397827 0.44544903237551237 0.459231267055647 0.5024603163184611 0.36363652882305053 0.4739547048507797 0.32989859828778173
0 0.4404354217529297 0.29094018733981064 0.4680314173325963 0.31804188000149125 0.39806303726797404 0.43623845812982287 0.3651149449097585 0.4195649544796672
0 0.3229354217529297 0.3193101873397827 0.3891781669982847 0.32465959948496553 0.3406815592940612 0.42544164767452053 0.3177289498022202 0.41247338232277664
0 0.48743542175292975 0.23731018733978274 0.4943158036069071 0.22292265706838538 0.5679862459963422 0.25182338451662006 0.5831645673113861 0.2607159289557294 0.5298553456932503 0.32259315055996507 0.5209704449197681 0.31407110400012234 0.5328169589485491 0.28887561485029933
0 0.5364354217529297 0.32881018733978273 0.5631736015786369 0.35890429354484793 0.6198910819787055 0.29107415995382985 0.5932364711696377 0.26032080572386723
0 0.5186754217528735 0.20581018733978268 0.5980491460911357 0.22808537601909698 0.6265547575588173 0.2543924580295049 0.7205863292081728 0.1717660080462181 0.5210468659116448 0.19140368935981592
0 0.6626754217528736 0.2963101873397827 0.679493785145989 0.31664017751300716 0.8142477373303569 0.2514282765498018 0.8164689625237277 0.18436376406991242
0 0.6321754217528734 0.2593101873397827 0.6580220127855906 0.2888510200277915 0.8186901877170982 0.17584175567267937 0.8190603207404763 0.161391391948562 0.7324328127331609 0.17028392493888844
0 0.6846754217528734 0.32081018733978267 0.7387262637785156 0.3828853182037566 0.7964779357833924 0.3410163254037779 0.8138774822918071 0.26024248312091414
0 0.6586754217528735 0.33381018733978274 0.6887488494466425 0.36613349958316976 0.6317375960074867 0.43690323509642703 0.602491565974084 0.40800250764819224
0 0.6256754217528735 0.2998101873397827 0.6543199809645706 0.32759920140720467 0.5965683089596935 0.3983689216554181 0.5713945047782749 0.36872716791856236
0 0.6351754217528736 0.4438101873397827 0.6606134320099251 0.4706207555410488 0.7176247159528739 0.40281518624245083 0.6905998806090489 0.3731734325055951
0 0.6676754217528736 0.47681018733978275 0.7298413935088262 0.5553136811631628 0.7439091327309778 0.5534610696464789 0.7427985201342924 0.49565959948496546 0.7927759344661655 0.353890599052465 0.7261393616878061 0.4039110871053663
0 0.5606754217528735 0.5883101873397827 0.6084147924846817 0.5673469208907069 0.656170981623184 0.6647942439261607 0.5647308597019561 0.6666468707078884
0 0.6276754217528735 0.5613101873397828 0.6613538505756463 0.6329293349982228 0.7087398151793917 0.5977297314462714 0.6739407526663556 0.5547491686832735
0 0.7156754217528735 0.6053101873397827 0.7539045850935594 0.6455271177357439 0.7550152281940377 0.6688700106339267 0.6769023659216543 0.6688700106339267 0.6650558823966662 0.6384871695482747
0 0.5961754217528735 0.5343101873397827 0.617669887289128 0.5544569705093942 0.6650558823966662 0.5488991359593424 0.6154486620957574 0.4896155979555432
0 0.5802794055517572 0.4495992014072047 0.6106360176780522 0.48146409507009863 0.5862026320623548 0.5288909376851731 0.549182344355948 0.5103648225183335
0 0.5511754217528736 0.41681018733978276 0.5784283438855577 0.4425592684847793 0.544739893969207 0.5055480447869902 0.5154938334320114 0.4914681942071833
0 0.4566754217528735 0.4618101873397828 0.5062387691313579 0.4866514012107963 0.5458505065658923 0.4129174918503578 0.5106811890143061 0.36745426738796927