0 0.00046179199218750357 0.013967012405395511 0.01741316150225223 0.029915322426901397 0.024080117377421047 0.0260283249916753 0.025191281776440665 0.007703897617480111 0.03630289524768776 0 0 0
0 0.054961791992187495 0.055967012405395505 0.11575092088547269 0.022696615083107323 0.1363073859699633 0.06267719499144653 0.06741540686338997 0.09654962735792702
0 0.03596179199218751 0.012967012405395516 0.04352544858184066 0.049905612381070996 0.11352859208743361 0.014367325060306486 0.10519487435426107 0 0.05297033071403276 0
0 0.0009617919921875107 0.032467012405395505 0.03408056644964862 0.059345485082878555 0.04463661298086025 0.0926626299227009 0.004634816691950032 0.1009919123198113 0 0.07933577503704814
0 0.06946179199218752 0.1054670124053955 0.14075204356604165 0.07267233996853131 0.1535303883763438 0.11542935751016124 0.08186051353169585 0.1476359272966673
0 0.08446179199218752 0.1564670124053955 0.15297482143630828 0.12153748980063903 0.1624196730495518 0.16762623250221784 0.09575002274101763 0.19761166743347222
0 0.0114617919921875 0.12246701240539552 0.05074800191599358 0.11431878245684494 0.06852657126240956 0.18761652245638732 0.03019150631255439 0.20149866486869833
0 0.0349617919921875 0.2099670124053955 0.07074890006044873 0.19761166743347222 0.08797190246682923 0.2603589596778909 0.05463706205308777 0.3014501146395463
0 0.09696179199218752 0.2074670124053955 0.1646420018475909 0.17762137747930257 0.1729757195807634 0.2131596571743767 0.10519487435426107 0.24425566715894736
0 0.1104617919921875 0.2524670124053955 0.17297571958076335 0.22482067998281682 0.1746424509198185 0.2875679722272354 0.12130671236162201 0.30200538691482365
0 0.05596179199218751 0.3674670124053956 0.17575361531883807 0.3241596571743767 0.1746424509198185 0.30527994227352334 0.1279736987557394 0.31416451219729186 0.12241787676064156 0.311388089815382 0.05908168913021754 0.32971253244095805 0.05074800191599358 0.3447052499065853 0.05074800191599362 0.3602532396474898
0 0.05896179199218752 0.37596701240539554 0.12241787676064156 0.35136866972372127 0.13019599703482998 0.3780223794950268 0.07074890006044875 0.4091183894795975
0 0.1349617919921875 0.3474670124053955 0.174086883979783 0.3358206799828169 0.18019827291491639 0.3569215144875409 0.1385297147680025 0.3741353820598006
0 0.08446179199218752 0.4169670124053955 0.11686208528449228 0.40078912233386804 0.12852926569577489 0.4230005318919085 0.092972127002943 0.4429908218460779
0 0.07963818473365665 0.4585388420897442 0.13741855036898293 0.43521682697562575 0.14964132823924955 0.46964456212014516 0.09297212700294295 0.49352184950954103 0.0790825872746726 0.49185600218094744
0 0.03596179199218751 0.4754670124053956 0.06908213820244505 0.47177994227352327 0.07186006445946828 0.5012101049295005 0.0668598399233545 0.545632954548343 0.0507480019159936 0.5584045219073377
0 0.00046179199218750357 0.5899670124053956 0.01685759456221672 0.5811712647461789 0.0024124878939108772 0.5212003948836701
0 0 0.4814670124053956 0.025191281776440668 0.4801092399220146 0.04130311978380151 0.563957397173919 0.021302221639346426 0.5767289645329137
0 0.0014617919921875 0.8419670124053955 0.022413386038365977 0.8264360795562865 0.06074845098822115 0.8736353820598006 0.02463571483640514 0.8941809747920092 0 0.8719695347312072
0 0.03596179199218751 0.8159670124053955 0.08741630500784513 0.7847896523193537 0.11297302514739804 0.8519792447770377 0.07297122885848785 0.8703036874026135
0 0.09896179199218752 0.7769670124053956 0.14130761050607707 0.7509172199528732 0.14575226810215539 0.7731286600136754 0.1490857612992141 0.8325442270981452 0.12686253435671987 0.8458710972351788
0 0.039961791992187495 0.9079670124053955 0.08574957366879005 0.8858516771435181 0.11741765222452774 0.9241664097232638 0.08019375167369219 0.9441566996774333
0 0 0.9319670124053956 0.017968728442287696 0.9225005318919085 0.0001901590958717514 0.9041761197690942
0 0.09896179199218752 0.8809670124053954 0.1451966706431713 0.8603085424255287 0.1746424509198185 0.9013996973871841 0.12852926569577489 0.9219452596166312
0 0.15796179199218752 0.8574670124053955 0.2013103049394425 0.8347653772047776 0.2235335624008853 0.874745957113117 0.18242057119400687 0.8980679722272353
0 0.2139617919921875 0.8304670124053954 0.25964626803375274 0.810332787037343 0.280758361096176 0.850313397448444 0.23686747415122292 0.8741906848378398
0 0.2734617919921875 0.8039670124053956 0.31631549978900786 0.7831238049907603 0.3346496360754594 0.8297678047162352 0.2896476152504354 0.8475369445637724
0 0.1449617919921875 0.9779670124053955 0.1857540643910656 0.9607295250211613 0.20353263373748157 1 0.1674198975856655 0.9990442270981452
0 0.19496179199218752 0.9554670124053954 0.23297838349518016 0.9385180849603592 0.24520116136544684 0.9696140949449298 0.2074216938745758 0.9879385070677441
0 0.5309617919921876 0.7679670124053957 0.5624376359386539 0.7558862075407912 0.5741048468688851 0.7864269299987037 0.5424367377941988 0.798087922304382
0 0.5734617919921876 0.7524670124053955 0.6035506271455324 0.7420040498770993 0.6235515252899875 0.7725447723350117 0.5813274002030382 0.7803187824568449
0 0.5254617919921875 0.5754670124053954 0.5529928148443589 0.5649822022739809 0.5641043977966577 0.586638354808125 0.5407700369740924 0.5977440900899069
0 0.5519617919921875 0.5324670124053955 0.5874387586192229 0.5205593374037574 0.5968836407514148 0.5422154899379015 0.5568818444625045 0.554987057296896
0 0.5234617919921876 0.5409670124053956 0.5435479327121671 0.5349967673427265 0.55077048604632 0.5544317850216188 0.5296583929838967 0.5610952048387549
0 0.5619617919921875 0.5599670124053955 0.6007727314074578 0.55110005986167 0.6107731804796852 0.576087922304382 0.5702158172507394 0.583306644899557
0 0.6399617919921875 0.5389670124053956 0.6529973055666346 0.5666480648539554 0.7157034050157572 0.5438813525178758 0.6957025068713021 0.5188934900751638
0 0.6194617919921875 0.5089670124053955 0.6329964074221796 0.5322203449608166 0.6913323399975413 0.5133406300599634 0.6713314418530861 0.4883527676172513
0 0.6983917919921457 0.7039670124053956 0.7190368676938674 0.6982508121360321 0.7262594210280203 0.7187964048682407 0.7023694322275224 0.7249045219073378
0 0.7293917919921457 0.6879670124053956 0.7634833215788558 0.6782605221818625 0.7679279791749342 0.704358959677891 0.7362598701002478 0.7137988323796983
0 0.7708917919921457 0.6769670124053956 0.8127928148442892 0.6643783797695516 0.8205709351184778 0.6926979673722126 0.7772356151135602 0.7054695347312071
0 0.5557617919921177 0.3559670124053955 0.5800045294070837 0.3396504923654129 0.6222286544940332 0.38462866001367546 0.6138949672798092 0.39573438004407646 0.5755599328489026 0.39851080242598635
0 0.5037617919921177 0.37946701240539554 0.5433362568341809 0.3690806397700092 0.5605592592405614 0.4029530721364897 0.5177795061756791 0.41516936722020703
0 0.4537617919921177 0.3904670124053955 0.49500071229314946 0.38351808496035916 0.5083346850813844 0.4190563646554332 0.46111030493937266 0.42738566230392444
0 0.43926179199211773 0.3384670124053955 0.4716663514705842 0.33187649749496073 0.4861114581388901 0.3668595049147575 0.4422205711939371 0.37907578474709397
0 0.4832617919921177 0.3279670124053955 0.5116681477594945 0.318549627357927 0.5350025085820598 0.3485350622891814 0.4938895784130785 0.3635277797548086
0 0.5167617919921177 0.31196701240539554 0.5388915992381026 0.30744390732752597 0.5594480643225932 0.3313212099683025 0.5477808533923619 0.34964563734249765
0 0.5957617919921178 0.45296701240539555 0.6027833843275107 0.47400109238015603 0.656674659306794 0.4556766497545799 0.6461186432945308 0.4367969348537265
0 0.5352617919921178 0.43296701240539553 0.5405583610961062 0.4556766497545799 0.566670617656746 0.4540108024259864 0.5555590347044475 0.4284676372052353
0 0.5800045294070838 0.41125378488435643 0.5844491870031622 0.4245806397700092 0.620006325695994 0.4140302072662662 0.6161172960778484 0.40070335238061344
0 0.5894494115392758 0.4306887873118679 0.591671740337315 0.4473473521060886 0.629451207828186 0.4345757847470939 0.6216730875539976 0.41902777975480865