0 0.5588235294117646 0.15147058823529408 0.6411764705882353 0.15588235294117647 0.698529411764706 0.19411764705882348 0.7058823529411765 0.1970588235294118 0.7117647058823531 0.18676470588235297 0.6426470588235292 0.11470588235294123 0.5647058823529412 0.045588235294117624
0 0.5985294117647058 0.00441176470588239 0.5955882352941174 0.026470588235294083 0.6441176470588235 0.063235294117647 0.6705882352941177 0.005882352941176432
0 0.6661764705882354 0.08235294117647057 0.7102941176470587 0.13088235294117653 0.763235294117647 0.0073529411764705795 0.6941176470588237 0.0073529411764705795
0 0.7308823529411764 0.15294117647058825 0.7750000000000002 0.17794117647058827 0.847058823529412 0.008823529411764675 0.7882352941176469 0.008823529411764692
0 0.8161764705882354 0.19558823529411767 0.8661764705882353 0.20735294117647052 0.938235294117647 0.04705882352941176 0.8882352941176471 0.030882352941176486
0 0.8926470588235296 0.21764705882352936 0.9455882352941177 0.22647058823529412 0.9838235294117648 0.14117647058823526 0.9926470588235294 0.0720588235294117 0.9617647058823529 0.05882352941176469
0 0.1571428571428571 0.07321428571428573 0.18214285714285716 0.14999999999999997 0.1642857142857143 0.06785714285714288
0 0.19285714285714292 0.06607142857142861 0.20357142857142863 0.14821428571428577 0.2214285714285714 0.14642857142857146 0.21071428571428577 0.06607142857142861
0 0.2374999999999999 0.06964285714285708 0.2482142857142856 0.14285714285714285 0.2750000000000001 0.14107142857142851 0.2625 0.06785714285714285
0 0.3214285714285714 0.06428571428571431 0.29285714285714287 0.06250000000000006 0.30357142857142866 0.14285714285714288 0.3321428571428571 0.14107142857142857
0 0.3482142857142857 0.060714285714285714 0.3625 0.14464285714285718 0.3892857142857143 0.14107142857142854 0.3785714285714286 0.06607142857142856
0 0.4321428571428571 0.060714285714285714 0.40892857142857136 0.0625 0.4160714285714286 0.13392857142857142 0.4428571428571429 0.13392857142857142
0 0.4625 0.05535714285714281 0.4732142857142857 0.14285714285714288 0.4946428571428572 0.1464285714285714 0.4946428571428572 0.06428571428571427
0 0.31428571428571445 0.007142857142857153 0.28392857142857136 0.005357142857142918 0.28392857142857136 0.026785714285714305 0.3142857142857143 0.02678571428571427
0 0.37321428571428583 0.001785714285714195 0.3375000000000001 0.001785714285714235 0.3392857142857143 0.023214285714285694 0.37500000000000017 0.02678571428571419
0 0.22678571428571445 0.18392857142857147 0.20535714285714302 0.18928571428571433 0.23035714285714284 0.3178571428571428 0.2482142857142857 0.2982142857142857
0 0.25892857142857145 0.18392857142857152 0.2714285714285716 0.275 0.30178571428571443 0.2821428571428572 0.2839285714285715 0.18571428571428578
0 0.3142857142857142 0.180357142857143 0.325 0.2714285714285716 0.3517857142857143 0.267857142857143 0.3375 0.17857142857142858
0 0.3625 0.17857142857142846 0.375 0.2607142857142857 0.40535714285714286 0.24642857142857147 0.3910714285714285 0.175
0 0.14285714285714288 0.007142857142857059 0.13214285714285715 0.007142857142857189 0.1428571428571429 0.04642857142857133 0.14999999999999994 0.044642857142857144
0 0.1982142857142857 0.005357142857142847 0.16964285714285712 0.005357142857142849 0.17142857142857137 0.030357142857142846 0.20178571428571423 0.03035714285714285
0 0.2571428571428573 0.005357142857142909 0.225 0.003571428571428603 0.22857142857142854 0.03392857142857138 0.2607142857142858 0.03035714285714291
0 0.4196428571428571 0.175 0.4232142857142857 0.22857142857142862 0.46428571428571436 0.175
0 0.48392857142857126 0.38750000000000007 0.505357142857143 0.3946428571428571 0.5428571428571429 0.32857142857142846 0.5249999999999999 0.3214285714285715
0 0.5285714285714286 0.40535714285714286 0.5392857142857141 0.4071428571428571 0.5785714285714285 0.3392857142857143 0.5714285714285715 0.3339285714285715
0 0.5124999999999998 0.28392857142857153 0.5339285714285714 0.2928571428571429 0.5589285714285716 0.2535714285714286 0.5375 0.25357142857142867
0 0.5660714285714284 0.2946428571428572 0.5964285714285716 0.30714285714285716 0.6232142857142855 0.26250000000000007 0.5875 0.2571428571428572
0 0.5660714285714287 0.41785714285714287 0.5982142857142858 0.4303571428571428 0.6410714285714287 0.3607142857142858 0.6035714285714286 0.3482142857142857
0 0.6535714285714286 0.2660714285714285 0.6267857142857143 0.31250000000000006 0.6607142857142858 0.3285714285714286 0.6946428571428571 0.2696428571428572
0 0.6857142857142858 0.3357142857142857 0.7196428571428573 0.3482142857142858 0.7589285714285716 0.2803571428571429 0.7232142857142858 0.27321428571428574
0 0.7875000000000001 0.2785714285714287 0.7410714285714286 0.3589285714285715 0.7589285714285715 0.3642857142857144 0.8035714285714287 0.2892857142857143
0 0.8196428571428573 0.38214285714285706 0.8535714285714288 0.3946428571428571 0.9089285714285714 0.3071428571428572 0.8714285714285717 0.3017857142857142
0 0.7821428571428574 0.37142857142857155 0.792857142857143 0.37500000000000017 0.842857142857143 0.29285714285714276 0.830357142857143 0.292857142857143
0 0.9339285714285717 0.31607142857142867 0.8767857142857141 0.40535714285714275 0.8875000000000003 0.40714285714285725 0.9428571428571427 0.3178571428571428
0 0.9142857142857145 0.4196428571428572 0.9482142857142856 0.430357142857143 0.9875 0.36428571428571443 0.9892857142857144 0.32500000000000007 0.9678571428571431 0.32321428571428584
0 0.6642857142857141 0.36964285714285716 0.6232142857142857 0.4410714285714288 0.6589285714285714 0.4517857142857143 0.6999999999999998 0.3803571428571429
0 0.6803571428571429 0.4589285714285715 0.6982142857142857 0.4607142857142857 0.7410714285714285 0.39821428571428585 0.7232142857142858 0.39107142857142846
0 0.7178571428571427 0.4732142857142857 0.7321428571428571 0.4785714285714286 0.775 0.405 0.7589285714285714 0.40535714285714275
0 0.7571428571428573 0.4839285714285714 0.7928571428571429 0.4982142857142857 0.830357142857143 0.43035714285714277 0.7964285714285714 0.41785714285714276
0 0.8160714285714286 0.5053571428571428 0.8285714285714286 0.5071428571428572 0.8660714285714287 0.4428571428571428 0.8571428571428573 0.4392857142857144
0 0.85 0.5178571428571428 0.8875000000000002 0.5285714285714286 0.9285714285714286 0.4625 0.8928571428571428 0.45178571428571446
0 0.4875 0.3089285714285714 0.4678571428571429 0.33928571428571436 0.4089285714285715 0.36071428571428577 0.46071428571428585 0.3767857142857143 0.5017857142857145 0.3142857142857143
0 0.9107142857142857 0.5392857142857144 0.9232142857142859 0.5392857142857143 0.9642857142857144 0.47321428571428575 0.9517857142857145 0.4714285714285715
0 0.5053571428571432 0.5196428571428572 0.5410714285714288 0.5321428571428573 0.5803571428571429 0.46071428571428574 0.5446428571428572 0.4517857142857143
0 0.5642857142857142 0.5392857142857144 0.5982142857142857 0.5482142857142858 0.6357142857142857 0.4839285714285714 0.6089285714285717 0.475
0 0.6232142857142857 0.5589285714285716 0.6392857142857143 0.5642857142857143 0.6767857142857143 0.4982142857142857 0.6625 0.4910714285714286
0 0.6607142857142857 0.5714285714285715 0.6714285714285715 0.5785714285714286 0.7107142857142859 0.5089285714285715 0.7 0.5035714285714286
0 0.7339285714285714 0.5178571428571429 0.692857142857143 0.5875 0.7303571428571428 0.6 0.7750000000000001 0.530357142857143
0 0.7517857142857145 0.6089285714285715 0.7660714285714286 0.6107142857142858 0.8053571428571429 0.5428571428571428 0.792857142857143 0.5392857142857143
0 0.7910714285714286 0.6160714285714287 0.825 0.630357142857143 0.8642857142857143 0.5607142857142858 0.8303571428571428 0.55
0 0.848214285714286 0.6428571428571429 0.8625000000000003 0.6464285714285714 0.9053571428571431 0.5732142857142858 0.8910714285714287 0.5678571428571428
0 0.4160714285714286 0.5267857142857143 0.392857142857143 0.5625 0.4214285714285714 0.6053571428571429 0.4589285714285715 0.5410714285714286
0 0.44464285714285723 0.6196428571428573 0.4785714285714286 0.6357142857142858 0.5214285714285714 0.5642857142857144 0.4821428571428574 0.55
0 0.5089285714285714 0.6392857142857143 0.5374999999999999 0.6517857142857143 0.5785714285714286 0.5839285714285715 0.5464285714285717 0.575
0 0.4732142857142858 0.4285714285714286 0.43392857142857144 0.49642857142857144 0.4767857142857143 0.5107142857142857 0.5178571428571429 0.44285714285714284
0 0.305357142857143 0.3982142857142857 0.28928571428571453 0.4160714285714286 0.30357142857142866 0.4428571428571429 0.3464285714285713 0.3821428571428572
0 0.3285714285714286 0.4589285714285715 0.355357142857143 0.4642857142857143 0.39464285714285724 0.3982142857142857 0.3696428571428572 0.3892857142857143
0 0.38214285714285706 0.475 0.4071428571428571 0.48571428571428577 0.4482142857142857 0.4178571428571429 0.4196428571428571 0.4107142857142857
0 0.6035714285714286 0.5910714285714286 0.6178571428571429 0.5982142857142858 0.5749999999999998 0.6660714285714286 0.5607142857142856 0.6607142857142858
0 0.5982142857142856 0.6732142857142857 0.6071428571428572 0.6785714285714286 0.65 0.6107142857142857 0.6410714285714286 0.6053571428571429
0 0.6750000000000002 0.6178571428571429 0.6410714285714285 0.6821428571428573 0.6732142857142859 0.692857142857143 0.7089285714285714 0.6285714285714287
0 0.6946428571428573 0.7035714285714286 0.7089285714285717 0.7053571428571429 0.7464285714285716 0.6392857142857143 0.735714285714286 0.6375
0 0.730357142857143 0.717857142857143 0.7696428571428572 0.7285714285714286 0.8089285714285716 0.6625 0.7714285714285716 0.6482142857142857
0 0.9696428571428573 0.23749999999999996 0.9928571428571431 0.2375 0.9946428571428573 0.16964285714285715
0 0.3928571428571429 0.026785714285714298 0.39107142857142874 0.0035714285714285587 0.40892857142857136 0.0017857142857142726 0.4124999999999999 0.025
0 0.4285714285714288 0.0017857142857142594 0.43392857142857155 0.02321428571428573 0.4464285714285714 0.02321428571428571 0.4410714285714288 0.0017857142857142794
0 0.1424617919921875 0.45396701240539555 0.16253038837634384 0.44856419242667267 0.1658638815734025 0.5013163549453873 0.1480853122269865 0.5013163549453874
0 0.16546179199218752 0.4479670124053955 0.18253128652079892 0.4441219074647884 0.1886426754559323 0.5085350622891815 0.17197527050853587 0.5057586399072715
0 0.18996179199218752 0.44446701240539555 0.20475451346329315 0.4385690474495878 0.2036433490642736 0.5090903498158396 0.1891982729149163 0.5090903498158396
0 0.2160714285714287 0.4446428571428572 0.21428571428571425 0.5071428571428571 0.22500000000000006 0.5071428571428572 0.2232142857142858 0.44107142857142856
0 0.8297633008906792 0.6600563646554332 0.8736541267977348 0.6756043848990995 0.8258742102346364 0.7627842673109528 0.7797610555295413 0.7405728272501506
0 0.9684617919921875 0 0.9619914676276765 0.020069047449587832 1 0.03617233996853131 1 0