0 0.2984375 0.40468750000000014 0.3031249999999999 0.46875000000000017 0.3453125000000001 0.46875 0.33906249999999993 0.40312500000000007
0 0.08906250000000003 0.309375 0.1359375000000001 0.30625 0.1453125 0.37812500000000004
0 0.15937500000000007 0.30468750000000006 0.1984375 0.3046875 0.20312500000000008 0.3734375000000001 0.16875 0.3765625000000001
0 0.21875 0.3031250000000001 0.2609375 0.30156250000000007 0.265625 0.36718750000000006 0.225 0.371875
0 0.2859375000000001 0.2953125 0.2937500000000001 0.36875 0.328125 0.3671875 0.3203125 0.29375
0 0.006250000000000009 0.07656249999999998 0.028125000000000018 0.07187500000000005 0.02656250000000001 0.01249999999999999 0.004687500000000014 0.012499999999999982
0 0.04375000000000004 0.006250000000000036 0.08125000000000003 0.003125 0.08906250000000003 0.06406250000000002 0.05000000000000004 0.0671875
0 0.09843750000000004 0.0109375 0.11718750000000004 0.009375 0.12343750000000003 0.065625 0.10625 0.065625
0 0.13310843381014734 0.0018676367673006844 0.14293437320744784 0.07023055548999649 0.15681699600261279 0.06896742515138822 0.14756193724810346 0.0015997596555688354
0 0.16875 0.007812499999999996 0.21093750000000008 0.006250000000000026 0.21718750000000012 0.06250000000000008 0.17500000000000007 0.06093750000000005
0 0.23026752471923825 0.0024358185854825008 0.2396919884116139 0.06854637014075829 0.2796571219929616 0.06854637014075828 0.2741882078819331 0.001178713318259268
0 0.05937500000000004 0.10625 0.09843750000000004 0.10625 0.10312500000000004 0.171875 0.06718750000000004 0.171875
0 0.12187500000000001 0.1015625 0.1609375 0.1015625 0.16875000000000007 0.16875 0.1265625000000001 0.16875
0 0.1843750000000001 0.10000000000000003 0.22812500000000008 0.096875 0.23437500000000008 0.1640625 0.19375000000000006 0.165625
0 0.24843750000000003 0.08906250000000007 0.2875 0.08906250000000002 0.29375000000000007 0.16250000000000003 0.259375 0.16406250000000003
0 0.0796875000000001 0.20781250000000007 0.115625 0.20937500000000003 0.1218750000000001 0.27343750000000006 0.0875 0.27343750000000006
0 0.1421875 0.2046875 0.18125 0.2031250000000001 0.1890625 0.2703125 0.14687500000000006 0.26875000000000004
0 0.20625000000000007 0.20312500000000003 0.2453125 0.20000000000000007 0.2531250000000001 0.26875000000000004 0.21406250000000007 0.26875
0 0.27031250000000007 0.2 0.30468750000000006 0.1984375 0.3140625 0.2703125 0.2781250000000001 0.2703125
0 0.17413793103448263 0.40844827586206905 0.20862068965517241 0.40672413793103446 0.2241379310344827 0.4739655172413792 0.20172413793103444 0.47051724137931034
0 0.2397435897435897 0.4102564102564103 0.27435897435897433 0.40897435897435896 0.2794871794871795 0.4692307692307692 0.2430232558139535 0.46976744186046515
0 0.5120689655172412 0.4362068965517241 0.5189655172413792 0.4620689655172413 0.37068965517241376 0.46724137931034476 0.3706896551724138 0.43793103448275855
0 0.3741379310344828 0.38620689655172413 0.49999999999999994 0.3810344827586206 0.5035862068965998 0.4068965517241378 0.37413793103448273 0.4137931034482758
0 0.3655172413793103 0.3327586206896552 0.3672413793103447 0.36034482758620684 0.4965517241379309 0.3551724137931035 0.49137931034482735 0.3258620689655173
0 0.3534482758620689 0.2775862068965517 0.48448275862068946 0.2706896551724137 0.4879310344827586 0.2982758620689655 0.35344827586206884 0.3051724137931035
0 0.34655172413793095 0.2241379310344827 0.4724137931034483 0.21724137931034482 0.47586206896551714 0.2448275862068965 0.35 0.25172413793103443
0 0.3327586206896551 0.16724137931034483 0.46551724137931033 0.16379310344827588 0.46724137931034476 0.18965517241379307 0.33448275862068955 0.19655172413793104
0 0.32241379310344825 0.11379310344827587 0.45689655172413773 0.10862068965517238 0.4603448275862068 0.1362068965517241 0.32413793103448263 0.1413793103448276
0 0.3206896551724137 0.06034482758620689 0.446551724137931 0.056896551724137955 0.4482758620689654 0.08103448275862063 0.32413793103448285 0.08793103448275857
0 0.3086206896551723 0.03620689655172405 0.4448275862068965 0.031034482758620672 0.4413793103448274 0.0017241379310344973 0.30517241379310334 0.0051724137931034005
0 0.5122068965517722 0.15517241379310343 0.6328965517241857 0.15172413793103445 0.6363448275862549 0.17758620689655163 0.5122068965517722 0.18275862068965515
0 0.49841379310349654 0.1 0.6225517241379793 0.09655172413793099 0.6260000000000483 0.1258620689655172 0.5018620689655655 0.1293103448275862
0 0.4915172413793586 0.04999999999999998 0.6122068965517723 0.04655172413793098 0.6173793103448757 0.07068965517241375 0.493241379310393 0.07586206896551721
0 0.4811724137931516 0.0068965517241379405 0.6070344827586687 0.00517241379310343 0.6104827586207376 0.022413793103448276 0.48289655172418605 0.0275862068965517
0 0.5463414634146343 0.3695121951219512 0.5475609756097564 0.3963414634146342 0.6097560975609758 0.3939024390243903 0.6402439024390246 0.3682926829268293
0 0.5390243902439026 0.31585365853658537 0.5378048780487807 0.348780487804878 0.6634146341463416 0.34756097560975613 0.6634146341463415 0.3146341463414634
0 0.5292682926829271 0.2646341463414634 0.5317073170731709 0.2951219512195122 0.6621951219512198 0.2939024390243903 0.6634146341463415 0.2634146341463415
0 0.5207317073170732 0.22195121951219515 0.6524390243902438 0.22073170731707323 0.6512195121951219 0.2402439024390244 0.5207317073170731 0.24390243902439024
0 0.19375 0.51625 0.2275 0.515 0.25125 0.65875 0.24125 0.65625
0 0.285 0.51875 0.30625 0.645 0.27 0.64625 0.27125 0.64375 0.25 0.51875
0 0.3075 0.51375 0.34 0.515 0.3575 0.6425 0.32625 0.64125
0 0.36625 0.51 0.3975 0.50875 0.41125 0.63875 0.3825 0.64
0 0.42125 0.50625 0.4375 0.635 0.47 0.63625 0.45375 0.50375
0 0.4725 0.505 0.49375 0.505 0.51125 0.635 0.4925 0.63625
0 0.2513513513513513 0.6797297297297297 0.2716216216216219 0.6783783783783783 0.2797297297297298 0.7594594594594594
0 0.2918918918918921 0.6783783783783783 0.3135135135135137 0.6770270270270271 0.32432432432432434 0.7621621621621621 0.3040540540540542 0.7594594594594594
0 0.33648648648648655 0.6770270270270271 0.3662162162162163 0.677027027027027 0.3756756756756758 0.758108108108108 0.34594594594594613 0.7594594594594594
0 0.3932432432432434 0.6743243243243245 0.42297297297297304 0.6743243243243245 0.4324324324324325 0.7527027027027026 0.4040540540540542 0.754054054054054
0 0.4500000000000001 0.6743243243243242 0.4810810810810813 0.6743243243243243 0.4878378378378379 0.75 0.4581081081081082 0.7513513513513514
0 0.5081081081081082 0.6716216216216216 0.5378378378378378 0.6716216216216216 0.5445945945945948 0.7486486486486487 0.514864864864865 0.75
0 0.5635135135135136 0.6729729729729729 0.587837837837838 0.6702702702702702 0.5945945945945946 0.7554054054054055 0.572972972972973 0.7567567567567568
0 0.3027027027027029 0.7932432432432432 0.33108108108108125 0.7959459459459458 0.35 0.914864864864865 0.3270270270270271 0.9297297297297298
0 0.35810810810810806 0.7932432432432432 0.3891891891891892 0.7918918918918919 0.39864864864864863 0.8878378378378378 0.36891891891891915 0.8891891891891891
0 0.4121621621621622 0.7891891891891892 0.43918918918918926 0.7905405405405405 0.45135135135135146 0.8824324324324325 0.4243243243243245 0.8851351351351352
0 0.4581081081081081 0.7851351351351351 0.4932432432432434 0.7824324324324324 0.5027027027027029 0.8581081081081081 0.47027027027027046 0.8743243243243245
0 0.5189189189189191 0.7837837837837838 0.568918918918919 0.7824324324324324 0.5216216216216216 0.8405405405405405
0 0.4972972972972974 0.9729729729729729 0.5594594594594596 0.9878378378378377 0.6040540540540541 0.9229729729729731 0.5891891891891894 0.918918918918919 0.564864864864865 0.9445945945945947
0 0.6229729729729729 0.9297297297297297 0.6472972972972975 0.9364864864864865 0.6148648648648649 0.9986486486486487 0.5878378378378379 0.9905405405405406
0 0.6093750000000001 0.8953125000000002 0.6312500000000002 0.8625000000000002 0.6609375000000003 0.8640625000000002 0.6359375 0.903125
0 0.6890625 0.86875 0.7265625 0.8718750000000002 0.696875 0.9171875000000002 0.6656250000000001 0.909375
0 0.75 0.875 0.796875 0.8796875 0.7609375 0.940625 0.7203125000000001 0.925
0 0.8187500000000001 0.8859375 0.85625 0.8921875 0.81875 0.9609375 0.7875000000000001 0.946875
0 0.6640625000000001 0.9484375 0.6796875000000001 0.9515625 0.65625 0.99375 0.6390625000000001 0.996875
0 0.70625 0.9578125 0.7375 0.9671875 0.728125 0.99375 0.6875 0.9953125
0 0.8859375 0.8890625 0.9046875000000001 0.8953125 0.8625000000000002 0.9703125 0.8421875000000001 0.9671875
0 0.928125 0.9019375000003493 0.9437500000000001 0.9050625000003494 0.8984375 0.9847500000003494 0.8812500000000001 0.9816250000003496
0 0.9671875000000001 0.9113125000003494 0.9953125000000002 0.9144375000003494 0.9890625000000002 0.9519375000003494 0.9656250000000003 0.9941250000003495 0.915625 0.9925625000003494
0 0.6109375 0.5081875000003494 0.6078125 0.5800625000003494 0.6609375000000002 0.6206875000003493 0.6875000000000001 0.5488125000003494
0 0.6328125000000001 0.4769375000003494 0.6671875 0.4441250000003494 0.7312500000000002 0.4722500000003494 0.7125000000000001 0.5175625000003494
0 0.7562500000000001 0.4875 0.8140625000000001 0.5125 0.746875 0.6734375 0.6937500000000001 0.63125
0 0.8359375000000001 0.5203125 0.8875000000000002 0.5453125 0.8109375000000001 0.734375 0.765625 0.696875
0 0.9187500000000002 0.546875 0.9671875000000001 0.5671875 0.878125 0.7828125 0.8328125 0.7609375
0 0.6609375000000002 0.659375 0.6578125 0.7640625 0.7437500000000001 0.7671875 0.8062500000000001 0.8109375 0.8078125 0.7921875
0 0.9171875000000002 0.8109375 0.9640625000000002 0.81875 0.9906250000000001 0.759375 0.9891304347826092 0.6391304347826088
0 0.706521739130435 0.4108695652173913 0.7543478260869566 0.4282608695652174 0.7826086956521737 0.36086956521739144 0.7369565217391303 0.3478260869565218 0.743478260869565 0.3804347826086957
0 0.7217391304347825 0.26304347826086955 0.7326086956521739 0.31956521739130433 0.7891304347826089 0.3304347826086957 0.8065217391304347 0.2847826086956522
0 0.713235294117647 0.19852941176470587 0.7191176470588235 0.23970588235294124 0.8176470588235293 0.26029411764705884 0.8205882352941177 0.24411764705882355
0 0.6676470588235293 0.02499999999999998 0.7205882352941175 0.05000000000000004 0.688235294117647 0.13823529411764707
0 0.7147058823529413 0.15441176470588236 0.7705882352941177 0.17352941176470588 0.838235294117647 0.0073529411764705795 0.7705882352941177 0.005882352941176467
0 0.7911764705882354 0.18823529411764706 0.8426470588235293 0.2102941176470588 0.9147058823529413 0.04117647058823529 0.861764705882353 0.01617647058823529
0 0.9779411764705883 0.07352941176470588 0.9941176470588234 0.08529411764705877 0.9235294117647058 0.2529411764705882 0.902941176470588 0.24411764705882358
0 0.9588235294117646 0.05735294117647058 0.8838235294117647 0.23382352941176474 0.8647058823529412 0.225 0.9382352941176471 0.04852941176470587
0 0.848529411764706 0.2558823529411765 0.9147058823529413 0.2838235294117647 0.8308823529411764 0.4705882352941177 0.7750000000000002 0.44705882352941173
0 0.9279411764705883 0.2970588235294118 0.9941176470588237 0.3191176470588236 0.9132352941176471 0.5073529411764706 0.8514705882352942 0.48235294117647065
0 0.9367647058823529 0.25882352941176473 0.9647058823529413 0.27352941176470585 0.9941176470588234 0.2058823529411765 0.9926470588235294 0.11911764705882355