0 0.2039280502848935 0.03269642251047109 0.23040282050930663 0.06470997954669447 0.27847513137958907 0.06891992771554613 0.2874887144242367 0 0.2352100813040985 0
0 0.1422474684656563 0.0018561316008524997 0.1570925761398896 0.03824742696150378 0.19374769832459804 0.036443156381193005 0.21117387635601795 0
0 0.36624537086183345 0.035131182319125195 0.4491317260406249 0.056891514995031395 0.4497326645855609 0.09237537092615554 0.3902431650297047 0.13387347038425237 0.3505835481720732 0.08275263579418177
0 0.37111489047914165 0.02458055648162411 0.3854359537478523 0 0.43951730347691986 0 0.4557417034443463 0.05268154204836957
0 0.29969526942528807 0.09924652394701651 0.34517539834528466 0.0893682863293845 0.37702330924814065 0.13387347038425232 0.29469953134701543 0.16574880993256508
0 0.23460914275916242 0.09357820972042602 0.2760714762257234 0.09538248030073677 0.2688606593029446 0.22408672684387876 0.20756849265109822 0.2030369612218102
0 0.15117492109738798 0.05379767418547329 0.1901423146196784 0.049674457451598514 0.2219901760095951 0.08936828632938454 0.20276128136924576 0.20063128363326935 0.1877386594658128 0.19942844483899885
0 0.22502930195989568 0.30782428088838437 0.358395303639788 0.33208835247214297 0.3529871538129995 0.3681736401893075 0.22920099293237384 0.34351538296223777
0 0.21285550291662517 0.27292605696434225 0.36380340395363725 0.29720590354924903 0.36200073685764705 0.3302840818918322 0.22259111455453115 0.3014158517181007
0 0.2858982971762482 0.3605774100758899 0.35478987042192905 0.36997791076961833 0.35238626478100277 0.43853999459894594 0.2688606593029446 0.4445542133481084 0.26465433705308894 0.4180916855407279 0.2922958761931497 0.4126788985776058
0 0.3841002761252968 0.33947615840088763 0.4972040369109073 0.37539069773274036 0.5242447365319108 0.3958390563465788 0.5236438474999141 0.4054618410341729 0.5032130757696927 0.40786746906709354 0.4984058644878401 0.41508455138833655 0.3794269148890669 0.3856148894285647
0 0.3905929689483745 0.306201107682615 0.5020112481927598 0.32787840430329135 0.4984058644878401 0.36757223318107735 0.3854359537478523 0.329081267875372
0 0.37354965028779574 0.3946640473970472 0.5026121867376958 0.42806155299098747 0.5152312030002025 0.419641631875474 0.523643847499914 0.42385159243323073 0.5044149033466253 0.44008997810040723 0.3644043424985734 0.44129281689467775
0 0.40763628760895315 0.22017292777683678 0.5729179364341899 0.23177809741173735 0.5843351251197637 0.2967316153026334 0.40286218129221135 0.26064632758546896
0 0.41169422062337657 0.18121677083837118 0.557895314530757 0.15960748481069323 0.5705142812803242 0.22155390571591316 0.4094721091829934 0.2155397117445608
0 0.2832823426614415 0.1908814049618708 0.39745403146542274 0.15539751186403142 0.386637781324785 0.25463208405849636 0.2953004203790121 0.24079940075767084 0.27967690944358237 0.22636528567080508
0 0.41981008665222364 0.14388378710567498 0.43951730347691986 0.12833353988170548 0.568711614184334 0.09946529731906882 0.5717160593443177 0.1409633967771656 0.4154811480417787 0.1764472650971948
0 0.4790559086628067 0.046493394759511 0.5687116141843341 0.03403747879265209 0.5759223815941735 0.0737313076704381 0.5434735816593207 0.07914409463356024 0.5488817809990487 0.09718675088104757 0.45453987586741357 0.12364932824404833 0.47617242566162843 0.09658534387281743
0 0.5894316866551259 0.03918911533354869 0.7045158032695908 0.0442616580995713 0.7183366471090303 0.08575974516876299 0.6864887362061743 0.09297682749000602 0.610173947650895 0.07433272706757335 0.5999585370293146 0.06410857253846433 0.5945504367154654 0.0647099795466945
0 0.5821274072291636 0.0010445449979678044 0.5873395702797474 0.02381331187463798 0.6294028918041839 0.026820421249219226 0.6300037808361805 0
0 0.4644473498108821 0.002667718203737195 0.4797778588794875 0.03824742696150378 0.565106180966475 0.02982754301270552 0.5596979816267471 0.002162126855434239
0 0.6348805364166691 0.0010445449979678044 0.6324073369641675 0.037044600556138424 0.7099239035834402 0.042457399908165626 0.6997086910136173 0
0 0.5987567589653211 0.08382835582683765 0.7189375361410271 0.09766103912766314 0.7135293368012994 0.14998472490090925 0.5981558699333246 0.1361520416000838
0 0.5959243794782035 0.14226061389990557 0.7129284477693024 0.15479609246689616 0.6997086910136173 0.22395958330445406 0.6041649583050492 0.22335817629622384
0 0.6528381582073283 0.2309223723523951 0.602963081215177 0.23453090112411157 0.5921467815615997 0.1511875636951797 0.5735188254661866 0.15359325367262566 0.6017613031511837 0.30154297047971523 0.6564435914251874 0.32559984547636506
0 0.2688549785156695 0.46689525505378554 0.3517853757490061 0.46702680654330847 0.35238626478100277 0.5259661304628522 0.2856859978153071 0.5410016649468533
0 0.36381061105317936 0.4677068416566702 0.4966031478789106 0.46161401958018644 0.5032130757696925 0.49769931968625597 0.3607989092807143 0.5241618722714465
0 0.5308546149097535 0.5102020330422914 0.5975549809013279 0.49276080238639175 0.6011604141191867 0.5011807111130002 0.6023621921831803 0.5017821305101354 0.6071694034650328 0.5871840132093223 0.5350609371596093 0.5919954055531195
0 0.5050266799551172 0.4620257354364773 0.6137793808687543 0.45439696203675345 0.5140293259103302 0.49168510093709344
0 0.4449692713416493 0.5269526636672534 0.5146302149423271 0.5089991880535683 0.5194375252500584 0.5691413569618351 0.4527371592584839 0.5889882714007281
0 0.37354965028779574 0.5415612225191779 0.43591187025906086 0.5288461086869138 0.4413200200858494 0.5835754720487009 0.38243145907492926 0.5974081925162416
0 0.2980720962195187 0.5553581947682178 0.3668079481394995 0.5420773973684142 0.37341787603028154 0.5956039343248358 0.3049148429427171 0.6094366052367562
0 0.313492241674328 0.633270508645149 0.3710142703893554 0.6184579333604999 0.3776241982801374 0.6593546010325565 0.3223410704870763 0.6713830633086915
0 0.3224196943060596 0.6917047440528473 0.40586667596513437 0.6707816315226512 0.41788475368270495 0.7158882473635592 0.3391663594864993 0.7429522317347902
0 0.41494056703491544 0.6697919057749604 0.5272491816918944 0.645521917731731 0.5356619252174846 0.6936356429472202 0.42569650915041973 0.7219024661127217
0 0.5447944234964673 0.7030669564932331 0.6155820479647444 0.6906285335726391 0.6107748366828918 0.7339309036110465 0.5464781258451831 0.7363365811995876
0 0.5342437976589663 0.5983722847211069 0.6101739476508952 0.5968067607302013 0.6197883702146002 0.6232693133153919 0.6227929144004624 0.6707816315226512 0.5536889922809012 0.687621448975868 0.5344600481276125 0.6665716585759892
0 0.45389672397338104 0.5943143517066833 0.5212401923460483 0.5775612780773486 0.5212401923460485 0.6286821002785141 0.45994802569420207 0.6407105625546491
0 0.3841002761252968 0.6194735363961091 0.446127231367702 0.6004152895019177 0.4539389868354168 0.6413119695628793 0.38183052052999317 0.6575503552300558
0 0.7450077045475385 0.7231053049069922 0.8375469920961228 0.6755929866997329 0.8555740591595393 0.6966427770996116 0.758828548386978 0.750169289278223
0 0.7306477555570637 0.6665455593634217 0.8210911472274379 0.6437176471514202 0.8297351376025294 0.670781631522651 0.7450077045475386 0.7110768921864774
0 0.4935183819263028 0.771240231135548 0.5382968767337908 0.7578606350682716 0.5394986547977842 0.8143942566214641 0.5142607212986497 0.8180027977820857
0 0.9254285402493917 0.1049276301672094 0.9796419142174247 0.10354984477142251 1 0.03198068873422884 0.9976690307937807 0.008525220745809223 0.9628166252180017 0.007923801348674004
0 0.9838627756570901 0.09762335074124709 1 0.10174557419111176 1 0.04340768205760833
0 0.9587035909676643 0.12359412203355749 0.99947174740271 0.12339675921031557 0.9898572753260657 0.2094000675010902 0.9447895086416456 0.21300858388390162
0 0.9376023392926622 0.12440570863644218 0.9568075863592163 0.12219394519385521 0.9399822973597929 0.21421142267817206 0.9171479695015847 0.21300858388390165
0 0.9177488585335815 0.12399819099635583 0.9363768641419341 0.12399819099635583 0.9105379920978633 0.21481285446421242 0.8943135921304369 0.21361001566994195
0 0.8576584699457286 0.926954717948698 0.8750847470030272 0.9287589885290086 0.8624657307405204 0.9943139629837552 0.8384295753053792 0.9913068288313638