0 0.3434617919921875 0.5354670124053955 0.4061433490642736 0.614289122333868 0.41781052947555614 0.6148443946091452 0.41947729133355977 0.5459889548228679 0.46836837229567807 0.4121650574341585 0.3922538398549518 0.47213592729666737
0 0.3664617919921875 0.43446701240539554 0.3933650042539714 0.4615854947929244 0.3344734742196256 0.5304409345792017 0.3100279184790922 0.5037872248078962
0 0.2794617919921875 0.46446701240539556 0.33391787676064155 0.39717233996853124 0.3622524926382692 0.42549191231981126 0.3055832914019625 0.49767907726603744
0 0.24596179199218748 0.4264670124053956 0.30280536514493933 0.3583023351135084 0.3294732496835118 0.3877324825181047 0.2716928535292371 0.4576984973576983
0 0.2119617919921875 0.38646701240539555 0.2678037933921429 0.31998760253376274 0.296693976209806 0.3499730374650171 0.2405803419135348 0.41938378002933346
0 0.1599617919921875 0.2949670124053955 0.2050232032207029 0.3444773625024466 0.2005785456246246 0.37612866001367534 0.2550254485818407 0.3194894848083537 0.22724643016319715 0.3017203449608166 0.16502140693179268 0.2861723399685313
0 0.1979617919921875 0.25196701240539554 0.396142899992046 0.23064375506790674 0.3016942007459198 0.310049627357927 0.27780424246437047 0.28783820254850573 0.19446715668949133 0.26673733754101986
0 0.33696179199218745 0.3524670124053955 0.35280761050607706 0.3744627821823201 0.48781370350009773 0.31227077746455956 0.4917027331182433 0.24397060995355954
0 0.4064617919921875 0.23346701240539552 0.49336949497624694 0.22231446504510596 0.3322511454215865 0.3483643599376727 0.30613885834199805 0.3211553473883281
0 0.3614617919921875 0.37946701240539554 0.41503263373748156 0.44270577989207105 0.4722574629517208 0.4021699124570738 0.49059159923817236 0.31943232263279503
0 0.11696179199218751 0.3539670124053956 0.03792997627820169 0.47771738746387327 0.07070921923295903 0.49604179958668754 0.14237912459655555 0.3766553473883282
0 0.1485917919921806 0.39146701240539555 0.1768250988903679 0.4227440900899069 0.12404495779115549 0.5188085424255288 0.08182083270420612 0.49992879702191373
0 0.1835917919921806 0.4289670124053956 0.22182711971539193 0.46716693970874945 0.17960302514739113 0.5437964048682408 0.1284896153872338 0.5232508121360323
0 0.0005917919921805482 0.38196701240539555 0.06459783029782563 0.38387406998350315 0.01570676459518174 0.4843808072810093 0.0007060909868403931 0.47549623735724067
0 0.07609179199218055 0.5394670124053955 0.11960033071402579 0.5587033523806134 0.0829319971032257 0.6225612196783484 0.025707198407934992 0.6292246699982461
0 0.04059179199218055 0.5254670124053955 0.06959805483393942 0.535936640044534 0.0173734959342368 0.6325563646554332 0 0.6347775147620657 0 0.5870229399832744
0 0 0.5319670124053956 0.01904024253276617 0.5103934900751639 0.034596483081143 0.5192780599989324 0 0.575361932426215
0 0.12859179199218057 0.5634670124053955 0.19793716143384263 0.5986839322889527 0.09237687923541776 0.6320010923801559
0 0.2062708791670151 0.6536572296629192 0.24849500425396445 0.6281140949449298 0.20904877490508972 0.6047920798308113 0.11237777737987283 0.6342222424867885
0 0.08709179199218056 0.6524670124053955 0.11404450871892792 0.6836426645941736 0.21349343250116795 0.6953036874026135 0.21127110370312888 0.7263996973871844 0.22960527050852889 0.7258443946091453 0.23016083744856444 0.6547678047162353 0.20849320796505424 0.6614312245333713 0.09293244617545326 0.6447726597391505
0 0.06659179199218054 0.6594670124053955 0.08182083270420612 0.6819482171135745 0.08182083270420612 0.7324792447770376 0.1534907380678027 0.7274816722884951 0.15460190246682226 0.698606812410557 0.10793311978379455 0.694719814975331 0.07737620562707642 0.6580709297241788
0 0.011091791992180555 0.6679670124053956 0.052930649886543044 0.659736807555534 0.06959805483393941 0.6786165224563874 0.07182038363197858 0.7324792447770375 0.009039793460538617 0.7347003948836701
0 0.23759179199218056 0.6484670124053955 0.2801631133286508 0.625921514487541 0.32960973071185584 0.7225412696012018 0.2379389577227528 0.7286494171430604
0 0.3020917919921806 0.6234670124053955 0.34794392803620455 0.6148158249599015 0.3835010667290365 0.6547964048682409 0.33572115016593784 0.6936664097232637
0 0.34159179199218054 0.7004670124053957 0.39294594886122847 0.6625703997386929 0.43739240274621705 0.7253176919831117 0.34738836109616905 0.730315264471654
0 0.2675917919921806 0.5924670124053955 0.2951637869369921 0.6148158249599016 0.3423881365600552 0.6075971023647267 0.2929414581389529 0.5504026548841275
0 0.2560917919921806 0.5089670124053955 0.2846077098868318 0.5404075099070428 0.2612733490642667 0.5909385070677442 0.2196048214363013 0.5676165224563874
0 0.22659179199218055 0.4759670124053955 0.25127289999203906 0.5020927773272972 0.2157157612992072 0.5648400695717157 0.18738114542157955 0.5487368075555341
0 0.9999617919921876 0.06646701240539551 0.9759383095469955 0.06815049236541294 0.984827624739152 0.12478965231935372 0.9998282983474932 0.12590022737267006