0 0.36746179199218754 0.4879670124053955 0.36058576129921405 0.4510064773885569 0.4205884557325794 0.4199104674039862 0.4372558911989244 0.4532276274951895
0 0.31846179199218755 0.47046701240539546 0.3594745969001945 0.49542935751016115 0.37225294171049667 0.5354099374185004 0.3300288166235472 0.5437392350669917
0 0.3794617919921875 0.49246701240539553 0.4439228165551446 0.4632227724722743 0.46559047655760344 0.5076456373424978 0.39003151105691275 0.537075784747094
0 0.3364617919921875 0.5584670124053955 0.3728085086505322 0.55540022737267 0.3939205711940069 0.6275873923188962 0.351140879167022 0.6381378095712583
0 0.3924617919921875 0.5449670124053955 0.4678128053556426 0.5143090724110145 0.4800355832259093 0.55540022737267 0.4044766177252185 0.587051509632518
0 0.41046179199218746 0.5969670124053955 0.4805911501659448 0.5631742222431223 0.48781370350009773 0.6075971023647265 0.4228107845306186 0.6398036874026135
0 0.4229617919921875 0.6469670124053956 0.48614694164209404 0.6181475196170887 0.5000364813703644 0.6520199519835691 0.42947770988683875 0.6836712647461789
0 0.43696179199218754 0.6924670124053955 0.4967029576543571 0.6653468221206029 0.5000364813703644 0.7297599921963767 0.4439228165551446 0.7414209845020551
0 0.3574617919921875 0.6514670124053956 0.3983652287900853 0.6397465023499836 0.41225473799940693 0.698606812410557 0.3789198975856655 0.7430296620293996
0 0.3819617919921875 0.8094670124053955 0.37225294171049667 0.7913395395862302 0.3844757195807634 0.7680175244721116 0.4455895784131483 0.7524695347312069 0.5000364813703644 0.7485825372959809 0.5033699440484746 0.761909376930253
0 0.38596179199218755 0.8164670124053955 0.44725634027115196 0.7946712647461789 0.457812356283415 0.8196591271888909 0.3972540643910656 0.8513104094487389
0 0.4584617919921875 0.7909670124053955 0.49836971951236075 0.7752362470672867 0.5089257355246238 0.7974476871280888 0.46503490961756794 0.8174379770822583
0 0.4069617919921875 0.8589670124053955 0.4450340114731129 0.8390941143650216 0.4555900274853758 0.862971432257179 0.4155882311964657 0.8824064194333096
0 0.4009617919921875 0.9024670124053955 0.4639237146995998 0.8739913823343255 0.47447973071186283 0.9089743897541223 0.40669894652325767 0.9389598246853769
0 0.3274617919921875 0.9224670124053955 0.34836298342894734 0.918912364929958 0.3672527171743829 0.9999840997999527 0.3428071614338496 0.9994287970219137
0 0.3619617919921875 0.9189670124053956 0.39447616865299096 0.9122489298614412 0.38392012212177934 0.9949865273114104
0 0.2829617919921875 0.9259670124053956 0.3166948743542611 0.9211335150365906 0.33669577249871624 0.9994287970219137 0.28613796019754295 1
0 0.2214617919921875 0.9539670124053956 0.24502499950961312 0.9333497796175462 0.2494696571056914 1 0.22891316150225222 1
0 0.24946179199218751 0.9324670124053955 0.27335961538724074 0.9239099374185004 0.2816933026014647 0.9994287970219137 0.2544698816418052 0.9988735247466365
0 0.16835490012885138 0.9960971023647267 0.1883557982733065 0.9827702322276929 0.1900225296123616 1
0 0.19196179199218752 0.9834670124053956 0.21446805483394638 0.9633352145488006 0.22057944376907973 1 0.19446715668949124 1
0 0.7784617919921876 0.8309670124053955 0.8222731804796852 0.8240156574489015 0.8322736295519129 0.8551116674334722 0.7889383095469954 0.8673279320144279
0 0.7654617919921876 0.7809670124053955 0.7967164908590809 0.7684870572968961 0.813939432227564 0.8040253522433509 0.7706041732605438 0.8162416625784493
0 0.8069617919921874 0.7689670124053956 0.835607092230023 0.7568260649912177 0.8639417386265991 0.7884773625024465 0.8222731804796852 0.8018042173880993
0 0.8429617919921876 0.7544670124053955 0.86171940982856 0.7440544823808422 0.8894984282472035 0.771263494930187 0.8706086639828194 0.7912537848843564
0 0.8284617919921875 0.8199670124053955 0.8672752013047093 0.8068017898766416 0.8883872333292355 0.8445612196783483 0.8389406159460302 0.8562222424867886
0 0.8844617919921877 0.7959670124053955 0.9037658396497369 0.7779269299987035 0.9421009351185406 0.8162416625784493 0.9443232639165798 0.8329002273726701 0.8987656151136231 0.8401189499678451
0 0.9182917919921806 0.8934670124053956 0.9726578492752587 0.8794870572968962 0.9793248356693762 0.8950350622891814 0.9298781572482738 0.9133595049147576
0 0.9417917919921805 0.9474670124053955 0.9987701058358986 0.9289075099070427 0.9998813007538668 0.9594482171135743 0.9598795044649566 0.9722198149753309
0 0.9671020577991095 0.9772173874638733 0.9987701058358986 0.965001092380156 1 0.9999840997999527 0.9715467153951878 0.9972076774180428
0 0.8747917919921807 0.9749670124053955 0.9126551548418934 0.9600035198916136 0.9198777081760463 0.9816596571743768 0.8854317033632852 0.9949865273114102
0 0.30679179199218065 0.43596701240539554 0.3709641430836018 0.4016717947316647 0.3809645921558294 0.42943607955628643 0.3515188118791822 0.44609467485326904 0.35207440933816625 0.47052723451794193