0 0.531447085818729 0.344982487446553 0.6431610438449176 0.37086205949154377 0.6311544211780497 0.45197639744769463 0.5060858197973657 0.4299453085681148
0 0.5733389777106208 0.15173924420330975 0.6341560768447665 0.17658826090701293 0.6381582569194947 0.21864754114251703 0.572122079579772 0.19761790102476495
0 0.5695358276367187 0.21340968483372738 0.5701972975388651 0.2558888144634459 0.6215061756742959 0.27734011106541595 0.6390421105275848 0.2422380088300313
0 0.6563779328998766 0.18621670237758703 0.657876971805309 0.22403692126175578 0.7163300523059875 0.2454882044733365 0.7163300523059875 0.20713590659464665
0 0.6555007399174205 0.248497404131973 0.7195774753979285 0.2721398194607506 0.7195774753979285 0.3176425316862447 0.6416399633764557 0.28969087057844295
0 0.6651498627244381 0.3879710883424993 0.7169796225490573 0.4046103427487669 0.6922993782996686 0.520317286225809 0.640990500164238 0.5144669447801711
0 0.5914656521981222 0.5791991585179379 0.6604749316850322 0.5819335284213046 0.6689181675055679 0.5422811576414485 0.5922795819085305 0.5383809121571708
0 0.50583570653742 0.5280040004036644 0.577440804020072 0.5298239426661238 0.5728132746428174 0.5757181755725927 0.4991933409883255 0.5727708251914649
0 0.42969934290105644 0.5126630913127552 0.49204169207314974 0.5197187785307722 0.4853107181931605 0.5698234921569776 0.42431138222827414 0.5656130287838821
0 0.3723129792646928 0.4950494549491189 0.4137942290414033 0.5091925854047519 0.40832531493037466 0.562665678402754 0.3670981562434673 0.561823585728135
0 0.5882220701737837 0.6137994549491189 0.6275023464263021 0.6140335223675677 0.6195093127773523 0.661190902959286 0.5816476583621402 0.6607698652952969
0 0.5257220701737837 0.6075494549491188 0.5723925649442297 0.6085598939625825 0.5652409160290541 0.6519278661918351 0.5185448432311182 0.6515067938345643
0 0.46947207017378373 0.6052767276763916 0.5092897844766088 0.6072967462773334 0.5017174605262466 0.6527699241731727 0.46301438671385936 0.6527699241731727
0 0.41379025199196556 0.5984585458582097 0.4533386182607625 0.6043494132428462 0.4474490291145473 0.6510857388239344 0.4058011953924535 0.6498225911386855
0 0.36151752471923826 0.5865267276763916 0.3961254269393567 0.5874184960793203 0.390656512828328 0.6248917675463168 0.3746704801938294 0.6240496575250569 0.3713050452489364 0.6531019675525809 0.357001712755184 0.6509967271927128 0.3616292421324387 0.586997458415331
0 0.27742661562832915 0.5785721822218461 0.34648455956831314 0.584471163044833 0.33680882577861737 0.6455231161343683 0.26823711386826715 0.6467862464729766
0 0.5859493429010564 0.7001630913127552 0.6182472876717928 0.7017655275777349 0.576599419286298 0.8550270014908383 0.543785969283527 0.8558690421255352
0 0.5427675247192383 0.697890364040028 0.5715512148738568 0.6979760931953081 0.5282206116842149 0.856711152146795 0.49540716168144383 0.8562901144828059
0 0.4546993429010564 0.6961858185854826 0.5248551420759208 0.6962918904994292 0.4781590692779848 0.8554480044615461 0.4028564354827471 0.8520796337630696
0 0.3632220701737838 0.6944812731309371 0.4348284660883429 0.6958708441621196 0.39023587245654257 0.8491322833819417 0.3153538443696891 0.8449218373554868
0 0.2927675247192383 0.6922085458582097 0.34774661933727363 0.6937656038022514 0.3014712562379252 0.8402902842784801 0.27580943781862943 0.8407113392891099
0 0.24958570653742007 0.6450494549491189 0.181413962413258 0.6454341045031466 0.19066905583116836 0.5709086252531037 0.2596614601084055 0.577224346332708
0 0.21957434290107236 0.6910721822218462 0.2777509025822376 0.6919924111584517 0.2630268950532986 0.8410433653218773 0.2373650939657033 0.8410433653218773
0 0.13150616108289057 0.6922085458582097 0.20328958419397172 0.6911503098105123 0.22558595033667397 0.8402012726472583 0.13009036023806742 0.7976754451325471
0 0.07525616108289056 0.7302767276763916 0.08044949286702384 0.6861867437107185 0.10695266135669267 0.6895551230825151 0.10695266135669267 0.8188168430158094 0.06281517034896193 0.8162905476453113
0 0.041256161082882645 0.6785721822218461 0.06618063995725602 0.6840815120241706 0.0468291203827629 0.8045012155073624 0.006864004133115636 0.7826067192340618
0 0.002619797446519012 0.6643676367673007 0.027056908441382782 0.6728022291814325 0.0022364747558610044 0.7494329401180231
0 0.07932434290106447 0.8336858185854825 0.11582154199170067 0.8893748819676229 0.11708356709726014 0.8392701856880582
0 0.13500616108288266 0.8189130913127554 0.2054274736172899 0.8519016278472671 0.21888938671386732 0.9180061369845172 0.1515797519041782 0.9361111902020706 0.1347523691993067 0.8952695480365975 0.1343316595007192 0.8177967444253877
0 0.08216525199197357 0.9910721822218461 0.13306959973175864 0.981916411477318 0.13475236919930672 0.9987583517029037 0.07838049328487288 0.9991793720202523
0 0.17250616108288266 0.9637994549491188 0.17387608338347946 0.9916005206020395 0.22435830082489602 0.9996004270308823 0.31901250618972854 0.997074131660384 0.33163306921593294 0.8779175758624416 0.24328912803250216 0.8732860574787159 0.25590969105870653 0.9431800096717131
0 0.3486425247192463 0.8819812731309369 0.39431517464836746 0.8854964359539745 0.41240461712219956 0.8951805364053758 0.38548079092904475 0.9991793720202523 0.33499853882422703 0.9987583517029037
0 0.4281879792647008 0.9001630913127552 0.460362749689096 0.9023383675062401 0.4363837180690487 1 0.3993634137242097 1
0 0.014551615628337195 0.5995949094945734 0.07164955406828472 0.602665227893608 0.09562862035173295 0.5331923133646002 0.07922187801864695 0.5306660353407427 0.07669775848072585 0.5424553674786918 0.03084307041656392 0.5437185151639408
0 0.16682434290106446 0.5410721822218462 0.19659308989796717 0.5416132921507134 0.2193100964124549 0.4788771363652991 0.20248267904418235 0.46498256386748194
0 0.158869797446519 0.6012994549491189 0.17177263888074484 0.601402080208359 0.17892432245932166 0.5580341600190286 0.16756581920207775 0.5576131050083987
0 0.15375616108288268 0.6189130913127552 0.1696692290414113 0.6190861304552048 0.1667244344683037 0.6468752927974797 0.14358675291862955 0.6468752927974797
0 0.4774266156283292 0.9024358185854824 0.5507170245718638 0.902546557283073 0.5229518136449349 0.9993875791437259 0.45185603419176523 0.9985454864691067
0 0.5671993429010564 0.9024358185854824 0.6365368462173736 0.903388649957692 0.6108750451297783 0.9998086168077152 0.5372551114752864 0.9993875791437259
0 0.6541354217529297 0.9056435203552248 0.6649323243157671 0.907129400446085 0.6393882955995916 1 0.6279120061055675 1
0 0.9506354217529298 0.5776435203552246 0.9688522068166108 0.5862532678203582 0.9906942037117665 0.5640219296201506 0.9562653047259017 0.553276796561923
0 0.9861354217529298 0.6091435203552247 0.9992088494466986 0.611448772235225 0.9992088494466986 0.6462778473778221 0.9851411407283399 0.6425726243444541