0 0.13157894736842107 0.7263157894736842 0.17105263157894718 0.7447368421052631 0.13947368421052628 0.8052631578947369 0.11315789473684208 0.7552631578947369
0 0.1973684210526315 0.8368421052631579 0.23684210526315794 0.7657894736842106 0.20263157894736836 0.7526315789473683 0.16578947368421051 0.8210526315789474
0 0.22647058823529417 0.8411764705882354 0.25735294117647056 0.8529411764705884 0.29705882352941176 0.7808823529411765 0.26617647058823535 0.7720588235294119
0 0.28088235294117647 0.8602941176470589 0.2985294117647059 0.8647058823529412 0.33970588235294114 0.7970588235294119 0.3205882352941176 0.7897058823529413
0 0.3588235294117647 0.8029411764705883 0.3720588235294117 0.8073529411764707 0.3323529411764706 0.8779411764705884 0.31911764705882356 0.8720588235294118
0 0.3955882352941177 0.8985294117647059 0.4323529411764707 0.8294117647058823 0.3926470588235294 0.8176470588235294 0.35441176470588237 0.8852941176470588
0 0.4544117647058824 0.8352941176470589 0.4691176470588235 0.8426470588235294 0.42499999999999993 0.911764705882353 0.4117647058823529 0.9058823529411764
0 0.44705882352941173 0.9176470588235293 0.4911764705882354 0.9294117647058822 0.5294117647058824 0.861764705882353 0.4882352941176471 0.85
0 0.5140350877192982 0.7350877192982456 0.5271929824561403 0.7403508771929824 0.48676470588235304 0.8102941176470588 0.47368421052631576 0.8070175438596492
0 0.5470588235294119 0.7470588235294119 0.5897058823529412 0.761764705882353 0.5470588235294119 0.8308823529411765 0.5073529411764707 0.8191176470588236
0 0.6088235294117647 0.7720588235294119 0.6235294117647058 0.7779411764705884 0.5823529411764706 0.8441176470588236 0.5691176470588235 0.8397058823529412
0 0.41228070175438597 0.7842105263157895 0.45438596491228067 0.8 0.49473684210526314 0.7298245614035088 0.45438596491228067 0.7157894736842104
0 0.3798245614035088 0.6894736842105263 0.4 0.6973684210526315 0.35964912280701755 0.7657894736842104 0.3394736842105263 0.7578947368421052
0 0.37543859649122807 0.7736842105263158 0.3894736842105263 0.7771929824561403 0.4324561403508772 0.7078947368421052 0.41754385964912283 0.7043859649122807
0 0.3210526315789473 0.6692982456140351 0.3614035087719298 0.6833333333333335 0.3192982456140351 0.7543859649122807 0.28070175438596495 0.7403508771929824
0 0.26052631578947366 0.65 0.30087719298245613 0.6640350877192982 0.26228070175438595 0.7324561403508772 0.22105263157894736 0.7166666666666667
0 0.1543859649122807 0.694736842105263 0.2 0.7105263157894737 0.2394736842105263 0.6429824561403508 0.19210526315789472 0.6263157894736843
0 0.09912280701754388 0.6736842105263158 0.1280701754385965 0.6868421052631578 0.16842105263157894 0.6219298245614034 0.13771929824561402 0.6087719298245614
0 0.04492982456150152 0.6587719298245613 0.07563157894746643 0.6684210526315789 0.11598245614044896 0.6008771929824561 0.08615789473694013 0.5903508771929825
0 0.004578947368519044 0.6166666666666667 0.023877192982554148 0.5973684210526317 0.06861403508781731 0.5807017543859649 0.02738596491237869 0.6482456140350876
0 0.11949122807027347 0.5605263157894737 0.18177192982465942 0.5780701754385964 0.22387719298255412 0.5114035087719297 0.20808771929834372 0.5078947368421052 0.18878947368430857 0.5359649122807018
0 0.20282456140360683 0.587719298245614 0.22650877192992255 0.5964912280701754 0.2677368421053612 0.5280701754385966 0.2431754385965892 0.5157894736842106
0 0.2887894736843085 0.5333333333333333 0.3028245614036068 0.5394736842105263 0.26071929824571205 0.613157894736842 0.24492982456150159 0.6043859649122807
0 0.2817719298246594 0.6175438596491228 0.3212456140351857 0.6307017543859649 0.3607192982457121 0.5622807017543859 0.3247543859650103 0.5464912280701754
0 0.38352631578957175 0.5692982456140351 0.42036842105272954 0.5833333333333333 0.379140350877291 0.65 0.3458070175439577 0.6359649122807017
0 0.40107017543869444 0.6578947368421052 0.4194912280702735 0.6649122807017542 0.4598421052632559 0.6 0.4405438596492209 0.5912280701754385
0 0.4800175438597472 0.6052631578947368 0.4940526315790453 0.6114035087719298 0.45633333333343146 0.6754385964912281 0.4405438596492209 0.6701754385964912
0 0.47650877192992247 0.6833333333333335 0.5142280701755366 0.6973684210526315 0.553701754386063 0.6315789473684211 0.5151052631579929 0.6166666666666667
0 0.5361578947369401 0.7043859649122807 0.5493157894737822 0.7087719298245614 0.5896666666667647 0.6447368421052632 0.5756315789474665 0.6403508771929824
0 0.5703684210527297 0.7149122807017544 0.609842105263256 0.7289473684210526 0.6458070175439578 0.6649122807017543 0.6089649122807999 0.6508771929824562
0 0.6322982456141331 0.7342105263157894 0.6463333333334313 0.7403508771929824 0.6840526315790453 0.675438596491228 0.6691403508772908 0.6692982456140351
0 0.742824561403607 0.757017543859649 0.7410701754386946 0.7877192982456139 0.9340526315790454 0.7859649122807018 0.9472105263158874 0.7464912280701754 0.7770350877193962 0.7122807017543861
0 0.7972105263158875 0.6912280701754386 0.9515964912281683 0.7210526315789474 0.97615789473694 0.6596491228070175 0.8489649122807998 0.6342105263157894
0 0.869140350877291 0.6140350877192983 0.9858070175439577 0.637719298245614 0.9989649122808 0.6096491228070176 0.9963333333334314 0.5578947368421052 0.9322982456141331 0.5464912280701754
0 0.9682631578948349 0.5078947368421053 0.9963333333334314 0.48157894736842094 0.9972105263158874 0.513157894736842
0 0.9972105263158874 0.7228070175438596 0.9752807017544839 0.7710526315789472 0.9963333333334313 0.7710526315789472
0 0.6919473684211508 0.5166666666666666 0.7287894736843086 0.5280701754385965 0.6700175438597472 0.6280701754385964 0.631421052631677 0.6166666666666667
0 0.5963333333334314 0.606140350877193 0.6103684210527296 0.6096491228070176 0.6665087719299225 0.512280701754386 0.6542280701755365 0.5096491228070176
0 0.5858070175439577 0.4964912280701755 0.6331754385965893 0.5043859649122807 0.5779122807018524 0.5982456140350877 0.5358070175439577 0.5850877192982457
0 0.4998421052632559 0.5730350877193477 0.5165087719299225 0.5774210526316285 0.5621228070176418 0.49408771929829504 0.5489649122807997 0.49233333333338275
0 0.5077368421053611 0.4782982456140845 0.5287894736843086 0.48180701754390914 0.48054385964922075 0.5651403508772423 0.4603684210527296 0.5581228070175933
0 0.40247368421062435 0.537947368421102 0.4384385964913261 0.5528596491228565 0.4822982456141331 0.48005263157899675 0.4428245614036068 0.4721578947368915
0 0.34194736842115064 0.5151403508772424 0.37352631578957174 0.4633859649123302 0.4217719298246594 0.468649122807067 0.38317543859658926 0.5318070175439091
0 0.27878947368430856 0.4967192982456636 0.3208947368422032 0.5081228070175934 0.34896491228079973 0.4598771929825055 0.30335087719308046 0.456368421052681
0 0.2571228070176419 0.4958421052632073 0.2281754385965893 0.48707017543864595 0.25010526315799275 0.4511052631579442 0.2843157894737822 0.4511052631579442
0 0.13421052631578945 0.3710526315789474 0.19210526315789475 0.3710526315789474 0.13859649122807013 0.4394736842105263
0 0.007407407407407421 0.3814814814814815 0.022549019607843127 0.4784313725490197 0.005882352941176467 0.480392156862745
0 0.07807017543859648 0.375438596491228 0.1140350877192982 0.37192982456140355 0.12280701754385964 0.4464912280701754 0.0894736842105263 0.46666666666666673 0.08070175438596489 0.38070175438596493
0 0.04629629629629629 0.4777777777777778 0.07407407407407414 0.4722222222222222 0.05925925925925926 0.37777777777777777 0.03148148148148147 0.3833333333333334
0 0.01 0.26500000000000007 0.04333333333333329 0.2633333333333333 0.055 0.3450000000000001 0.019999999999999938 0.34666666666666657
0 0.06666666666666671 0.2633333333333333 0.1 0.2616666666666666 0.11 0.34166666666666656 0.07666666666666672 0.3416666666666666
0 0.12333333333333334 0.25666666666666665 0.15333333333333332 0.2583333333333333 0.17 0.34166666666666656 0.135 0.34
0 0.1803921568627451 0.2558823529411764 0.2147058823529412 0.25980392156862747 0.21666666666666665 0.3490196078431373 0.19117647058823528 0.3490196078431373
0 0.28 0.3483333333333334 0.2833333333333334 0.24999999999999997 0.39333333333333337 0.34333333333333327 0.4316666666666667 0.385 0.42 0.4 0.36 0.35666666666666663
0 0.006666666666666678 0.22666666666666668 0.036666666666666736 0.22999999999999993 0.018333333333333365 0.0916666666666667 0.00666666666666667 0.09500000000000007
0 0.03666666666666673 0.09666666666666664 0.07166666666666666 0.09 0.09 0.23 0.054999999999999945 0.23166666666666672
0 0.011666666666666697 0.05666666666666668 0.1433333333333333 0.05499999999999996 0.13833333333333328 0.026666666666666616 0.008333333333333358 0.02499999999999998
0 0.09333333333333332 0.09166666666666672 0.10999999999999996 0.09333333333333343 0.12833333333333333 0.225 0.11333333333333333 0.22499999999999992
0 0.13375 0.09125 0.16125 0.09 0.16 0.1 0.15 0.1175 0.165 0.22375 0.15125 0.22
0 0.225 0.1725 0.275 0.2075 0.3125 0.14125 0.23 0.09875
0 0.2475 0.06625 0.335 0.1125 0.355 0.0625 0.28625 0.03
0 0.30875 0.2275 0.3625 0.2675 0.43625 0.1025 0.37875 0.0725
0 0.3825 0.285 0.43 0.32875 0.51375 0.1325 0.45625 0.10625
0 0.5375 0.13 0.5925 0.15375 0.4975 0.37875 0.44625 0.35375
0 0.5325 0.40375 0.5825 0.41375 0.65625 0.25 0.61 0.23
0 0.68 0.25625 0.73125 0.27875 0.66625 0.4275 0.61375 0.41875
0 0.75875 0.285 0.8175 0.30875 0.755 0.4475 0.69 0.43625
0 0.84 0.31875 0.91125 0.345 0.835 0.465 0.775 0.4525
0 0.6225 0.19 0.665 0.2075 0.73875 0.03125 0.69875 0.01125
0 0.7625 0.03875 0.8025 0.055 0.72375 0.22625 0.68625 0.2125
0 0.745 0.23625 0.7875 0.25125 0.85875 0.08625 0.82125 0.065
0 0.80875 0.26 0.8525 0.275 0.92 0.1175 0.8825 0.09625
0 0.8725 0.28375 0.91875 0.3025 0.9875 0.1525 0.94125 0.1325
0 0.9421052631578947 0.3078947368421051 0.9973684210526318 0.32894736842105254 0.994736842105263 0.19210526315789475
0 0.9263157894736841 0.0842105263157894 0.9815789473684208 0.1105263157894736 0.9973684210526318 0.08684210526315782 0.9736842105263157 0.010526315789473663
0 0.8657894736842104 0.05263157894736837 0.9026315789473681 0.07368421052631582 0.95 0 0.8999999999999997 0.002631578947368376
0 0.8105263157894739 0.023684210526315717 0.8236842105263156 0 0.8815789473684208 0.007894736842105168 0.8526315789473682 0.04210526315789473
0 0.4736842105263158 0.07105263157894737 0.5289473684210523 0.0973684210526315 0.5710526315789473 0.005263157894736787 0.5052631578947367 0.005263157894736814
0 0.5499999999999995 0.11052631578947363 0.5999999999999996 0.13157894736842102 0.6578947368421053 0 0.5921052631578947 0
0 0.39210526315789446 0.03421052631578946 0.405263157894737 0.005263157894736783 0.4894736842105259 0.0052631578947368056 0.4605263157894735 0.06315789473684198