0 0.03863542175292969 0.6936435203552246 0.07041544668736639 0.6767742025041263 0.10965699009093655 0.7397629711738154 0.07781954083319924 0.7612532678203582
0 0.09763542175292969 0.7931435203552246 0.12705653659935104 0.7749625899908107 0.14112427582150266 0.7960823429629553 0.11150799074955006 0.8164610696464788
0 0.08374276734379685 0.7664405739610557 0.11298879737719947 0.7501375987202543 0.12631611803362988 0.7675521439240748 0.09373825021017146 0.7838551191648762
0 0.11563542175292969 0.8231435203552246 0.14223488841818793 0.8046043589927103 0.18295717744182163 0.8620353007448693 0.15223034078076966 0.880931959586107
0 0.1546354217529297 0.8841435203552246 0.1833274019765787 0.8705573167746243 0.20220775511264263 0.8972349042968207 0.17037027535111235 0.9164051840485521
0 0.1751829197688176 0.9215924749242059 0.20331836770932787 0.9049189712740503 0.22182849631063475 0.9286324231116752 0.19221227224626802 0.9467879946041166
0 0.21313542175292968 0.9770835203551695 0.23700684812947168 0.9590152031371517 0.25884881452083436 0.9882864742597848 0.24070884944669868 1 0.2184966890243719 1
0 0.19963542175292973 0.9545835203551696 0.22293910890732005 0.9378954501650071 0.23145378514604523 0.9523458138891246 0.20887140018896141 0.9708719595860519
0 0.050424480954617185 0.2657946981895496 0.07411747850838635 0.25208537601909703 0.10373373307654601 0.2972891016056989 0.08300234877807565 0.31544467309814034
0 0.08413542175292969 0.2481435203552246 0.11298879737719948 0.23059510227012006 0.14260505194535913 0.2720935819257882 0.11298879737719947 0.2928428217536223
0 0.021135421752929692 0.2241435203552246 0.05005428692365307 0.20428802025971218 0.07004525265640227 0.24022866536532841 0.04524164250594783 0.25875478053216805
0 0.008135421752929695 0.19714352035522464 0.02969312715993977 0.18168616509893315 0.04265022328161315 0.19761862337916303 0.020808241638353958 0.2146626401736292
0 0.0421354217529297 0.1776435203552246 0.06782402746303168 0.15664730970623356 0.08818521773053796 0.1859185579313007 0.06634322083538229 0.20110996320908292 0.05153509355130246 0.1911058793370421
0 0.06301138304532646 0.21296668912789535 0.08966602435818735 0.19518163077976436 0.10706557086660187 0.22148868989260648 0.07707912226747808 0.24038531820375664
0 0.19713542175292972 0.02314352035522461 0.21109262538233192 0.0162977350619523 0.24144926801241987 0.0600193508273978 0.22886236592171055 0.07002344996448243
0 0.2561354217529297 0.07264352035522462 0.26736349075955956 0.06224248312091417 0.30142219571446044 0.11152192962015059 0.2899458757166435 0.12115550034788088
0 0.2811354217529297 0.16164352035522458 0.29586913273103393 0.14857415995382983 0.3154898739290261 0.17562226062033676 0.303273165869281 0.19933568192787401
0 0.2371354217529297 0.3886435203552246 0.30327316586928105 0.3424144587942161 0.35399102927066806 0.3520480447869902 0.2544063641340932 0.42096518404860733
0 0.2681354217529297 0.25514352035522464 0.3029029718383168 0.3132998939376648 0.31030703548035676 0.30663048942459376 0.31400909780516956 0.27180138375190893 0.3743521890343814 0.22993237568688646 0.34473593446622175 0.18954546599423744
0 0.1841354217529297 0.3361435203552246 0.203688561740292 0.3029252358611381 0.2573680078931849 0.26402042454086255 0.2984605519553687 0.3277502576617822 0.21664565786196538 0.3759181113004337
0 0.3226354217529297 0.2756435203552246 0.3136388427666197 0.32663868769876303 0.3636162570984927 0.3462763270334902 0.40655986282687573 0.29959054123712453 0.3684289625237838 0.24104804478699018
0 0.4146354217529297 0.4191435203552246 0.4660768243057578 0.3877809033315296 0.5090203995303478 0.458550623579743 0.45163892155643487 0.4918976156150105
0 0.49273146561861864 0.35072866536532843 0.5534447508787944 0.3125648879661958 0.5849120061055677 0.3640674667589486 0.5216073016210571 0.40778910160569887
0 0.4568217600051044 0.29419543327030623 0.5241987208453918 0.27863349958316974 0.5423386554157346 0.29390323509642696 0.551963944251145 0.3113177803002474 0.4890294337975986 0.34874052377823717
0 0.46413542175292977 0.11414352035522463 0.5067991743369773 0.11316673931071383 0.5060587557712561 0.1487368636394977 0.5301219473559894 0.18838273941100384 0.5049481431745708 0.2061677977591348 0.47125966275442704 0.15614730970623353
0 0.5151354217529297 0.1456435203552246 0.5453002991748264 0.12798763144418554 0.6063838089697592 0.22061816148325217 0.5934266823442929 0.22654652444265844 0.5560361701031291 0.17430288883119693 0.5375260109980293 0.18838273941100384
0 0.5361354217529297 0.0921435203552246 0.5589977833584279 0.12695439171664144 0.5956479075376634 0.11509768106287285 0.5738059106425077 0.08730850831261339
0 0.5931354217529297 0.09664352035522461 0.6311874191202136 0.15548459075552187 0.6778329651582378 0.12880698796828155 0.6504379357834487 0.09434843360251684
0 0.6356354217529296 0.1586435203552246 0.6774627711272737 0.13658796244437174 0.7115214760821744 0.1914252358611381 0.6745011578719748 0.21662075554104882
0 0.6001354217529297 0.18814352035522464 0.6274853567954007 0.1747517474760263 0.6548803861701898 0.2184733823227766 0.6330383892750342 0.23403530074486928
0 0.6731354217529296 0.22364352035522464 0.7122618641441028 0.19661255726687948 0.7470610181685177 0.24737410977101135 0.70930031189639 0.26404759815612316 0.693381480504246 0.2358878969965094
0 0.7056354217529297 0.2706435203552246 0.7278103794901107 0.30546773231127244 0.7785281818839119 0.3050972496970497 0.7489119883233383 0.2513715157132147
0 0.7151354217529297 0.15664352035522464 0.7403914871844086 0.20023946532981626 0.7874072882609829 0.17578500246861423 0.7563102575689666 0.13280440917552874
0 0.6985754217530135 0.13314352035522461 0.7429829064087434 0.11094360701719745 0.7226217466450301 0.08241339652953415 0.6730145568479142 0.0883417556726794
0 0.7390754217530136 0.08314352035522461 0.7744501921393094 0.13873276450241306 0.8025856705836126 0.12946971455151518 0.7714885788840107 0.0801902642360178
0 0.7835754217530134 0.08114352035522461 0.803696252676505 0.1187245662282438 0.8806984413446173 0.11353726772006816 0.8540438610393423 0.07389139194856204
0 0.8055754217530136 0.1256435203552246 0.8318316701132225 0.1646693333685105 0.9080935317269921 0.15762940044608512 0.8836601156075019 0.11798353993962284
0 0.8355754217530135 0.17014352035522465 0.8599670875499399 0.21024356446690093 0.9313724418149795 0.20468572991684902 0.9065688316645251 0.16503984651282097
0 0.8649954217529856 0.06814352035522461 0.8932414805043019 0.11390778849690056 0.9343340550702783 0.09797532640040969 0.9024966363163339 0.04544397074131483
0 0.9009954217529856 0.1196935203552246 0.9354446371631707 0.10324543327030627 0.9646907587079522 0.15585958202607825 0.9221173470105333 0.15956480505944615
0 0.7419954217529856 0.20964352035522463 0.7673724595972089 0.25265140121079627 0.8077245850936714 0.21856336762186396 0.7844018120746594 0.17854697107352543
0 0.7784954217529855 0.25264352035522464 0.7977291327310897 0.29192675620547 0.8328983892750901 0.2693249048609519 0.8110564533875203 0.22782643283780565
0 0.7844954217529856 0.40614352035522466 0.8243837435401576 0.3792916651334079 0.8532595490388033 0.42968267396314147 0.8129074235423408 0.4508024422003299
0 0.7144954217529856 0.3811435203552246 0.7370158169671209 0.3715107059223615 0.7640406523109461 0.4137502576617822 0.7403476547571769 0.4274595645671909
0 0.6064954217529857 0.3771435203552247 0.6470564711697496 0.3455741599538299 0.6648262117091284 0.3844789712741054 0.6248442802436298 0.4104155477727247
0 0.5244954217529856 0.41214352035522467 0.5844921547471674 0.3737338305833559 0.6181806351673111 0.42597748145986125 0.5567269313414142 0.4681183239746734
0 0.5599954217529856 0.4740735203552524 0.6211422484226099 0.435512342962983 0.6540903407808255 0.4833097139874118 0.5922664124201714 0.5225850689820856
0 0.5954954217529856 0.5336435203552247 0.6552009533775108 0.4932271679185623 0.6751919191102599 0.5191636986220501 0.6152190219120124 0.561403235096427
0 0.6152190219120124 0.5673315827907894 0.6777833383345946 0.5265741599538298 0.6940722722463238 0.5513991359593424 0.6296569551651281 0.5888218794373321
0 0.6359954217529856 0.5971435203552247 0.6903702404253039 0.5588095820260782 0.7273905281317105 0.6125353007448693 0.6700090501577977 0.6529222104375184
0 0.701176587190603 0.5376596906224578 0.7341843633466955 0.5134988509743726 0.755368505749615 0.5455489079024779 0.7213754064840682 0.571682072184754
0 0.7244954217529856 0.5701435203552246 0.756266364134149 0.5510286075499881 0.7758871358359342 0.5762241272298987 0.7433092680124758 0.6003080769467902
0 0.7619954217529856 0.5451435203552246 0.7858826187023088 0.5332435644669009 0.8069841970317433 0.559550623579743 0.7832911994779741 0.5765946403742092
0 0.6499954217529855 0.4456435203552246 0.6844469834109134 0.4276447385460027 0.7033273365469773 0.4535812768820124 0.6651964362438854 0.47951783048306595
0 0.6294954217529856 0.4156435203552246 0.6651964362438854 0.3905925082123234 0.6837065648451922 0.41801115255322857 0.6477968897354708 0.4432066722331392
0 0.7454954217529857 0.43614352035522463 0.7744063292082848 0.47951783048306595 0.7943972949410338 0.4643264328378057 0.7670022655662448 0.41912272251624766
0 0.7764954217529856 0.4871435203552247 0.8043927778074087 0.5339845907555218 0.8284559998959347 0.5184226570683854 0.7984695207930181 0.4724779128256844
0 0.8114954217529856 0.5376435203552247 0.8358600635379747 0.5832640448872802 0.8573318053945803 0.5765946403742092 0.829566581988827 0.5258331031351212
0 0.8144954217529856 0.4556435203552246 0.8502979357835045 0.43727830164121106 0.8813950274831066 0.4891514012107963 0.8443747092729069 0.5087891016056989
0 0.8514954217529856 0.5136435203552246 0.8850970288003336 0.49248611109985374 0.9154536714304214 0.5436181614832521 0.8791738632973218 0.5628853182037566
0 0.8849954217529856 0.5716435203552247 0.9165643145308997 0.5517696491036529 0.9513634075477287 0.5980849522857957 0.9121218641441586 0.6210573167746243
0 0.9154954217529857 0.6301435203552246 0.9498825704162864 0.6073479946041718 0.9820902442087808 0.6565164421000678 0.9424785677818324 0.675413070411218
0 0.9494954217529856 0.6845735203552527 0.9857923065335936 0.6624448050594739 1 0.6913455477727527 0.998151480504358 0.7206167731002541 0.9751989625238958 0.7298798459487178
0 0.9739054217530417 0.6000735203552526 1 0.5827825251071075 1 0.6439186898926345
0 0.9509054217530419 0.5540735203552526 0.9789009638411228 0.5364672677200961 1 0.5772246981895774 0.96779483787427 0.5961213341332495
0 0.9449054217530418 0.5465735203552525 0.9837136082588281 0.5260926401736571 0.9392892264065886 0.46174866536530046 0.9044901333897596 0.48546210193788153
0 0.8749054217530419 0.4316635203551967 0.9037497148240385 0.47990426738782965 0.9326255508264768 0.45878449915064123 0.9037497148240385 0.40950504120262193
0 0.9199054217530418 0.40766352035519665 0.9422508396618874 0.4543382345636085 0.9800115459340154 0.43433002865691733 0.9481740661724851 0.3892814012108242
0 0.8934054217530418 0.3657735203552525 0.9226300679601022 0.3488944991506971 0.9452124529171863 0.38187097040913215 0.9170770354804688 0.40002655716661756
0 0.8509054217530418 0.3897735203552526 0.8826481669983969 0.3737194751562096 0.9044901333897595 0.40966012789434786 0.8848693616879744 0.4207757969944516 0.8659890085519106 0.4126243093740509
0 0.9454054217530419 0.45827352035525254 0.9774201877172664 0.44078399526862083 1 0.48042989393769275 1 0.5130358138892077 0.9855645784136488 0.5226693998819819
0 0.948405421753042 0.35177352035525256 0.9751989625238958 0.3959508057238953 1 0.3792773097062615 1 0.3244400286569732
0 0.9494054217530419 0.34527352035525255 1 0.31740010336706975 1 0.29072250821235135 0.9807519950035293 0.2706480028008809 0.9218896798981739 0.2973255979555992
0 0.8604054217530418 0.2948535203552807 0.8900522306404368 0.2776879128257405 0.9067113585831301 0.3058475987203104 0.8796865232393052 0.3225210871054223
0 0.8179054217530418 0.20435352035528065 0.8348919473561015 0.19617303280547282 0.867840039714317 0.24915769852181627 0.8430364295638626 0.26323754146910117
0 0.7794054217530418 0.14414352035522462 0.802314079532643 0.13498353993962284 0.8352621718908586 0.18982080572386728 0.8119393683680535 0.19982490486095192
0 0.45955445639903675 0.4986362251833333 0.4849893287691017 0.5469304523745141 0.5454778313067492 0.515782732821945 0.5147952502277512 0.4684031010435135
0 0.4962586254852549 0.5584285006302371 0.5187401643443339 0.6030840927154544 0.5748454771302102 0.5679880584654192 0.5542442830436057 0.5276276407665529
0 0.52349075093632 0.6099327378963819 0.5437245481827092 0.6460767202126315 0.6007064483556198 0.6131741881032235 0.581420297874524 0.5754459802026678
0 0.5485461219196405 0.6530959162183013 0.5801053265023298 0.7110043510421855 0.6370872266752403 0.6794179419058278 0.6028980793481625 0.6219481966657322
0 0.5838750291104209 0.714717220610263 0.6379638862955889 0.6851210510862376 0.6765362594910949 0.7354046476946635 0.6156094090849444 0.7661136595895492
0 0.6211712009238362 0.7708390791485449 0.6896859370963797 0.7336498351378248 0.7168619158106406 0.778835964775629 0.6423471121640171 0.8134932732940855
0 0.6467303380324454 0.8174415879915515 0.7212451416790691 0.7823455898893067 0.7492977800136785 0.8301639112515266 0.6804811374910201 0.8726031101578571
0 0.680371473643543 0.8820645515344294 0.7414079517805133 0.8418940982629715 0.7716521849910084 0.8954155468794963 0.7107254068181725 0.9327050471223682
0 0.6596513781916455 0.8885765815335972 0.6927541915926139 0.9384081563027781 0.6340189721790063 0.9797767199849661 0.603774738968511 0.9275713762675966
0 0.5573125375398398 0.8652759552363534 0.6305124059309264 0.8288638251241105 0.6572500728933419 0.8819465570460039 0.5932550041076147 0.9275713762675966
0 0.4718396511638169 0.9587190958201657 0.5634490465323081 0.9161651759806722 0.5840502406189124 0.9547707991965949 0.4906875621263815 0.9911829202718903
0 0.4986266363940432 0.9980497258467804 0.5704622151451246 0.9692479169395134 0.5928166562391118 1
0 0.4459383936735042 0.906289303131235 0.5204934474683737 0.8718564616582349 0.5419713011753267 0.9166038836383558 0.47052471590827993 0.9490676900161852
0 0.4222582845856215 0.8636651067730462 0.5082204294834374 0.8205285332562327 0.5292598992052303 0.8534310472917455 0.44291038932551596 0.8981784873457614
0 0.39557156439315344 0.8117545156567764 0.4639498590473089 0.7814841933456791 0.4893725907541872 0.8222833187022287 0.41441942118073205 0.8534310472917455
0 0.3701620445922796 0.766813460603605 0.4608816045510748 0.7295478515387144 0.4801677911488278 0.7589407585344448 0.39162666833489934 0.8036881805145655
0 0.3452979300500027 0.7188612397006424 0.4148577509909064 0.6834843156224908 0.4411570881431475 0.7277930389818755 0.36401235981046404 0.7606955530173883
0 0.3837781073178121 0.6318368388026735 0.311481997124818 0.6713861778353447 0.284306018410557 0.625761358613752 0.3566292271812951 0.5915427396790839
0 0.3194037307624364 0.6744610351608624 0.3382197002038906 0.7143788234064169 0.4276374284631818 0.6669991735540903 0.40835124186542876 0.632780554619422
0 0.23178732713727038 0.5406684188143251 0.2531851075213848 0.5794445928549901 0.32682326960598845 0.538206777914652 0.2983323195195332 0.5017946387654614
0 0.27381952076826216 0.5856606260813022 0.2952640650232991 0.6136632117896584 0.3754770659105453 0.577251090714363 0.3513693778091755 0.5417163668805394