0 0.12375 0.47875 0.12125 0.57625 0.1375 0.58 0.20125 0.6125 0.19875 0.5925 0.18625 0.48
0 0.25375 0.47625 0.2125 0.47625 0.21625 0.53125 0.2275 0.61875 0.24625 0.61875
0 0.26875 0.61625 0.28125 0.61625 0.32625 0.4775 0.285 0.47625
0 0.3075 0.62125 0.36875 0.62 0.41375 0.4825 0.355 0.48
0 0.39875 0.6275 0.46 0.63 0.50375 0.485 0.44375 0.48
0 0.49 0.6325 0.51 0.63125 0.55 0.48375 0.53125 0.48375
0 0.53625 0.63375 0.5525 0.63625 0.5975 0.48875 0.5775 0.4875
0 0.24285714285714263 0.6625 0.24821428571428555 0.725 0.16071428571428584 0.7517857142857142 0.1678571428571427 0.7696428571428572 0.29285714285714265 0.7785714285714286 0.3035714285714286 0.6678571428571429
0 0.1275 0.60625 0.1375 0.7125 0.2 0.69875 0.1925 0.6375
0 0.10125 0.6225 0.0725 0.62 0.10125 0.6675
0 8.881784197001253e-18 0.556896551724138 0.027586206896551734 0.5810344827586207 0.04482758620689651 0.4672413793103448 0.03275862068965516 0.46206896551724136
0 0.06625 0.46875 0.05375 0.59 0.0875 0.59 0.08875 0.47125
0 0.32678571428571446 0.7839285714285714 0.35535714285714304 0.7892857142857143 0.3839285714285714 0.675 0.33571428571428585 0.6714285714285715
0 0.3910714285714286 0.7839285714285715 0.4107142857142858 0.7857142857142858 0.4357142857142858 0.6946428571428572 0.41785714285714304 0.6892857142857145
0 0.46964285714285725 0.6910714285714286 0.4410714285714286 0.7964285714285715 0.49285714285714294 0.7982142857142857 0.525 0.6946428571428573
0 0.5285714285714287 0.8071428571428573 0.5767857142857143 0.8071428571428573 0.6089285714285714 0.6964285714285714 0.5624999999999999 0.6875
0 0.2642857142857144 0.817857142857143 0.25357142857142867 0.9267857142857144 0.2642857142857144 0.9250000000000002 0.29107142857142876 0.8250000000000002
0 0.17321428571428568 0.8071428571428573 0.1892857142857144 0.9178571428571429 0.21964285714285722 0.9214285714285715 0.22678571428571442 0.8107142857142858
0 0.2928571428571428 0.9339285714285716 0.31785714285714306 0.9357142857142857 0.3464285714285713 0.8285714285714285 0.3214285714285714 0.8250000000000002
0 0.3482142857142857 0.9375000000000001 0.36964285714285716 0.942857142857143 0.3964285714285714 0.8321428571428572 0.3785714285714286 0.8321428571428572
0 0.4017857142857143 0.9446428571428572 0.4535714285714287 0.9535714285714287 0.4821428571428573 0.8428571428571427 0.4321428571428571 0.8392857142857144
0 0.4857142857142857 0.9589285714285714 0.5339285714285713 0.9660714285714288 0.5625000000000001 0.8517857142857141 0.5160714285714286 0.8464285714285715
0 0.5642857142857145 0.9696428571428573 0.5785714285714287 0.9678571428571431 0.6160714285714287 0.8553571428571429 0.594642857142857 0.8660714285714286
0 0.6392857142857143 0.6964285714285714 0.6124999999999998 0.7946428571428572 0.6178571428571429 0.7928571428571429 0.6464285714285714 0.6928571428571427
0 0.08928571428571423 0.8589285714285714 0.0928571428571428 0.9017857142857143 0.13749999999999996 0.9071428571428573 0.12857142857142853 0.855357142857143
0 0.1625 0.9589285714285714 0.17142857142857146 0.9892857142857143 0.24285714285714285 0.9910714285714287 0.2500000000000001 0.9678571428571427
0 0.028571428571428595 0.7875 0.030357142857142846 0.8125 0.048214285714285675 0.8142857142857143 0.044642857142857144 0.7839285714285714
0 0.07321428571428569 0.775 0.07678571428571423 0.8214285714285715 0.12142857142857139 0.825 0.11428571428571424 0.7714285714285714
0 0.3517857142857143 0.37539285714280746 0.34464285714285725 0.428964285714236 0.355 0.43 0.35357142857142876 0.4021785714285217 0.37678571428571445 0.40039285714280753 0.3732142857142857 0.3753928571428075
0 0.4 0.3839285714285715 0.3982142857142857 0.4285714285714286 0.4267857142857143 0.4267857142857143 0.43214285714285716 0.38392857142857145
0 0.4625 0.3910714285714286 0.4553571428571429 0.430357142857143 0.4803571428571429 0.4285714285714286 0.48571428571428577 0.39464285714285713
0 0.5124999999999998 0.3982142857142857 0.5071428571428571 0.4285714285714286 0.5464285714285714 0.4285714285714286 0.5482142857142857 0.39464285714285713
0 0.5785714285714286 0.4017857142857143 0.5714285714285716 0.43750000000000006 0.595 0.445 0.605357142857143 0.3982142857142857
0 0.3607142857142856 0.28035714285714286 0.3571428571428571 0.33571428571428574 0.39 0.34 0.39464285714285713 0.2910714285714286
0 0.4232142857142857 0.3017857142857143 0.4214285714285714 0.3357142857142857 0.46071428571428585 0.34464285714285714 0.46785714285714297 0.3035714285714286
0 0.4946428571428572 0.3107142857142858 0.49642857142857155 0.35 0.5535714285714286 0.3500000000000001 0.5535714285714285 0.3178571428571429
0 0.2607142857142858 0.4214285714285715 0.31785714285714295 0.4214285714285715 0.3214285714285715 0.36964285714285716 0.2678571428571429 0.3660714285714286
0 0.1546511627906977 0.33953488372093027 0.14418604651162792 0.3825581395348837 0.1571428571428571 0.38074999999995013 0.16395348837209306 0.34069767441860455
0 0.14464285714285707 0.40039285714280737 0.1303571428571428 0.4218214285713788 0.14821428571428566 0.4218214285713788 0.14999999999999994 0.4021785714285217
0 0.18214285714285716 0.3589285714285715 0.175 0.4178571428571429 0.22857142857142873 0.42321428571428577 0.23928571428571438 0.3660714285714286
0 0.5857142857142859 0.31785714285714284 0.5785714285714285 0.3589285714285715 0.6410714285714283 0.3607142857142857 0.6392857142857142 0.32142857142857145
0 0.6517857142857143 0.1736071428570931 0.6321428571428572 0.28967857142852166 0.6714285714285715 0.2932499999999502 0.6964285714285715 0.18789285714280735
0 0.5214285714285714 0.13074999999995027 0.49642857142857144 0.20932142857137884 0.6107142857142857 0.2289642857142359 0.625 0.15217857142852168
0 0.5696428571428573 0.0021785714285216386 0.5589285714285716 0.0325357142856645 0.6071428571428573 0.05396428571423598 0.6142857142857143 0.023607142857093137
0 0.6428571428571429 0.036107142857093065 0.6321428571428572 0.06646428571423592 0.6964285714285715 0.08967857142852158 0.6982142857142858 0.053964285714235914
0 0.2775862068965516 0.979310344827586 0.2724137931034483 1 0.32 0.995 0.3172413793103448 0.9862068965517241