0 0.7599617919921876 0.6899670124053955 0.7934869769054009 0.6752276274951895 0.7918202150473974 0.658569047449588 0.7962648726434756 0.6535714749610455 0.7907090201294292 0.6102591775184478 0.7607076729127464 0.6319153224269014
0 0.7659617919921875 0.7029670124053956 0.7957092446655429 0.6863333475255905 0.8251550249421901 0.7351984973576983 0.7929313489274682 0.752412364929958
0 0.7999617919921875 0.7624670124053955 0.8290441155982328 0.7424172199528732 0.8562675670768408 0.7985010923801559 0.8201548004060762 0.8162702322276929
0 0.8249617919921876 0.8204670124053957 0.8573787009569119 0.8046092399220146 0.8834910185554489 0.8462556671589474 0.8496005806827234 0.866245957113117
0 0.8554617919921875 0.8734670124053956 0.8862689142935235 0.8534743897541225 0.9162702615102063 0.90233953958623 0.8807131228173742 0.9306591271888908
0 0.7334117919921874 0.9594670124053956 0.8128800017107853 0.9133880898153821 0.8289918702370949 0.9400417995866875 0.742321291265157 0.988351677143518
0 0.7519617919921876 0.9939670124053955 0.8295996825382684 0.9500083749145287 0.841822460408535 0.9744409345792016 0.8029317979996958 1 0.7523739856985224 1
0 0.8159617919921875 0.9999670124053955 0.8446003561466097 0.9783279320144278 0.8573787009569119 1
0 0.555142899992046 0.8950350622891814 0.5818107845306186 0.9444554996479474 0.5095853122269866 0.9816596571743768 0.4906955479626024 0.9450108024259865
0 0.5174617919921876 0.9889670124053955 0.5851442472087287 0.9500083749145287 0.6034783834951801 0.9822149599524157 0.5690324092013678 1 0.5234748214363083 1
0 0.5644617919921875 0.8534670124053956 0.6040340114731128 0.8072999076020508 0.6312574629517208 0.8628284925026753 0.5879221429468033 0.8994773625024466
0 0.2884617919921875 0.9219670124053956 0.3306883628069615 0.9389026548841275 0.3534671566894913 0.9766620846858344 0.31791001799665936 0.9899889548228679
0 0.24096179199218754 0.9494670124053955 0.27346357937114507 0.9344603546708626 0.2912421487175611 0.9699986648686983 0.2501291880296313 0.9827702322276929
0 0.25646179199218755 0.9864670124053956 0.2967979554531846 0.9766620846858342 0.3101318824629966 1 0.262351965899898 0.9977629496933201
0 0.23846200761834868 0.9427896523193537 0.27624147510921976 0.9277969348537266 0.2584629057628038 0.8933692149605877 0.22630327139811604 0.9050302072662663
0 0.21702179199217358 0.8664670124053956 0.2301923315352103 0.9000326347777238 0.2607492609514027 0.8917033523806134 0.24963764748015557 0.850612197418958
0 0.1925217919921736 0.8424670124053955 0.19741308858045292 0.8633837800293334 0.248526483081136 0.8489463348389836 0.2451930204030259 0.822847912594336
0 0.26052179199217357 0.8199670124053955 0.2751943676197085 0.8867057798920712 0.30741804363443037 0.8778212099683026 0.2901950412280499 0.8134080398925286
0 0.2745217919921736 0.8974670124053955 0.2807501590958578 0.9099991948541841 0.32297428418280716 0.9077780599989325 0.310195939372505 0.8822349100295622
0 0.41980474274375135 0.7524695347312071 0.4670290923668143 0.7330345170523148 0.48091857105718766 0.7674622521968343 0.4348054163520926 0.7846761197690941
0 0.4335217919921736 0.7954670124053956 0.4424241061095024 0.8240442270981451 0.4885372913335459 0.7957246699982461 0.4779812448023343 0.774068502212721
0 0.3775217919921736 0.9339670124053956 0.4057557724987022 0.9189981043804508 0.4118671614338356 0.9539811118002476 0.4085336987557255 0.9795242770209986 0.3879772031522863 0.9767478546390888
0 0.36652179199217355 0.5619670124053955 0.41297832583285526 0.5448212099683026 0.42575667064315736 0.5875782122585517 0.3807546498181334 0.6064579271594048
0 0.3620217919921736 0.5374670124053955 0.36742073806779574 0.5542610674187293 0.4124227588928197 0.5314943398312688 0.39964441408251744 0.5076170524418732
0 0.3455217919921736 0.4629670124053955 0.35519796019752903 0.5009536173733563 0.39464418954640373 0.48485034010579375 0.38186581421715293 0.44875675000699017
0 0.3315217919921736 0.4109670124053955 0.3418640179282428 0.4510350622891815 0.38464374047417615 0.44159520483875475 0.3696430668658348 0.3960617649152151
0 0.31552179199217356 0.36046701240539547 0.3251966129808463 0.3999487623504412 0.3707542007459058 0.3866219074647884 0.35130890006043475 0.3477519026097655
0 0.31052179199217356 0.3444670124053955 0.3490865712623957 0.33720147010602247 0.33353033071401883 0.2772305926178233 0.29519526576416366 0.2922233100834505
0 0.2675217919921736 0.23596701240539553 0.2824169209538615 0.27509520483875477 0.33297473325503474 0.2556602024112433 0.3135294325695637 0.215124334976246
0 0.11010179199220146 0.19296701240539552 0.16360760576173278 0.25790993741850043 0.18360850390618794 0.24347250747953136 0.12693930266988127 0.17961462493041555
0 0.07971495304681814 0.15296089990772915 0.09971585119127326 0.1412999076020508 0.12471697387184215 0.17406176491521502 0.10860515112395554 0.18683334752559053
0 0.07210179199220146 0.1414670124053955 0.09138214871757505 0.12908361251833342 0.05860290576281775 0.08688189012905209 0.03860200761836263 0.10631689255656354
0 0.03567179199217353 0.035967012405395515 0.06978899469683819 0.0808023351135084 0.082567370026089 0.07136247766308175 0.049232529612347614 0.021386745151967305
0 0.03710179199220146 0.09396701240539553 0.05693615916428838 0.08246818244210194 0.035898587343061325 0.056925040098422246 0.014230957859551151 0.07136247766308175
0 0.011171791992173538 0.0654670124053955 0.03200952720596713 0.04915103760227958 0.007008404525398237 0.01972088257199289 0 0.03193717765571025 0 0.06025675000699022
0 0.18067179199217354 0.027967012405395505 0.21201761050606308 0.09246332741918675 0.2347964349075414 0.08413404502207637 0.20368392329183918 0.018055027617708896
0 0.17217179199217356 0.0009670124053955087 0.18257186074836454 0.02194202505293501 0.20368392329183918 0.013057455129166484 0.19646136995768637 0
0 0.2631310202662206 0.04859575007562143 0.2792428582735814 0.07358361251833342 0.297021458138946 0.06081203753364834 0.2853542472087148 0.03582417509093637
0 0.25535289999203203 0.023052600106251278 0.26479778212422417 0.04415346511373717 0.2853542472087148 0.03526888756427822 0.2753537981364872 0.012502167602508356
0 0.21467179199217357 0.09796701240539551 0.24701918225885958 0.16517719499144654 0.26313102026622054 0.1585137599229297 0.2292406129124436 0.09132417509093635
0 0.2851717919921736 0.0999670124053955 0.2936879344229386 0.11853318001459048 0.3159111613654329 0.11131446504510595 0.30813304109124445 0.08632660260239396
0 0.2956717919921735 0.12496701240539551 0.3175779232234365 0.11631203753364834 0.3292451341536678 0.14352104245730246 0.307577474151209 0.1535161874343873
0 0.4201717919921735 0.10796701240539551 0.4264717291378687 0.12908361251833342 0.4659178974488462 0.11964375506790677 0.45980653903266144 0.09632174757947876
0 0.3816717919921736 0.24546701240539556 0.38591430487102585 0.2695709297241788 0.43980564088820645 0.24902535224335104 0.4264717291378687 0.22348220227398088
0 0.40369287421744177 0.32454422709814507 0.45591744837661885 0.30677508725060815 0.4359165502321635 0.25790993741850043 0.390358962467104 0.2756790772660375
0 0.40417179199217357 0.3279670124053955 0.45091722384050487 0.31335276761725134 0.4625844347707362 0.36110734239604286 0.4148045182076373 0.37276834995310204
0 0.4216717919921736 0.37946701240539554 0.4664735254267789 0.36499433983126894 0.4770295414390419 0.412193642334783 0.42813842995797513 0.42218878731186793
0 0.4366717919921736 0.42696701240539553 0.48202976597515573 0.41497007996807384 0.49591924466552906 0.4605035198916136 0.4475837611623949 0.4749409345792017
0 0.4531395526385441 0.4799385070677441 0.4920302150473833 0.46383521454880056 0.5064753217156892 0.5027052499065853 0.4614733008906651 0.5204743897541223
0 0.46417179199217357 0.5279670124053956 0.5075864555957601 0.5115326347777238 0.5231426961441369 0.5565108024259863 0.47314045078299904 0.5715035198916135
0 0.47617179199217363 0.5759670124053955 0.5259205918822114 0.5576213774793025 0.5403656985505174 0.6025995298761841 0.48702999051126944 0.6214792447770375
0 0.48967179199217353 0.6269670124053955 0.5403656985505174 0.6103735247466363 0.5503661476227449 0.6392483846245746 0.4986972014415008 0.659793977356783
0 0.5021717919921735 0.6664670124053955 0.5525884764207841 0.6459118044417105 0.5637001204109798 0.6792289645329137 0.514809008929913 0.7003298295403997
0 0.5161717919921736 0.7034670124053956 0.5637001204109798 0.6819482171135743 0.5748117033632782 0.7330345170523148 0.5375878028124428 0.7563565321664332
0 0.48067179199217347 0.7184670124053956 0.49980833532157165 0.7130442270981452 0.5214759953240304 0.7669069494187952 0.5009194692016427 0.7830102419377388
0 0.4116717919921736 0.7049670124053955 0.4559174483766188 0.6897222424867884 0.46702909236681434 0.7280369445637724 0.42091587662382224 0.7435849648074386
0 0.3911717919921736 0.6564670124053955 0.4431391035663165 0.6391912148233254 0.4564730763545514 0.6813929448382973 0.4048040691354099 0.6997173874638734
0 0.380914080334912 0.6147586399072716 0.4286940579359078 0.5936577748997858 0.44147240274620997 0.6347489298614412 0.3936924251452142 0.648631087525133
0 0.5916717919921736 0.6394670124053955 0.6103688420561102 0.6852799422735232 0.6831498812997779 0.6447440900899067 0.6709271644674084 0.6119822022739809
0 0.5621717919921736 0.5479670124053956 0.6414813841907611 0.5164730374650172 0.6587043865971416 0.562561764915215 0.5748117033632784 0.5886602024112433
0 0.5771717919921735 0.5939670124053955 0.6592599535371771 0.5675593374037574 0.6692604026094048 0.6042082074035287 0.5875900481735805 0.6303066448995568
0 0.6751717919921735 0.4999670124053955 0.7003728837061584 0.4898193200680211 0.7131512895543577 0.5120307525031329 0.6853722100978169 0.5259128949154439
0 0.6892613007538597 0.5325763299839607 0.7092621988983149 0.5214706099535595 0.7231517386265851 0.5475690474495878 0.6953726591700446 0.5592300550066471
0 0.7046717919921736 0.5634670124053955 0.7231517386265851 0.5592300550066471 0.730374230922841 0.5836626299227009 0.7059287362202048 0.5908813525178759
0 0.5492550137426739 0.4992591775184478 0.632036502058569 0.47260546012145177 0.6448148468688711 0.510364897548849 0.5637001204109798 0.537573902472503
0 0.5346717919921735 0.45146701240539555 0.5748117033632782 0.43826349493018685 0.5842565854954703 0.46769364233478306 0.6198137241883024 0.4554773625024465 0.6231471868664126 0.46824892986144123 0.5436992222665247 0.49434735210608866
0 0.6851717919921735 0.027967012405395515 0.709262198898315 0.020860050151624135 0.7203737818506133 0.05806419242667262 0.6948170922300091 0.06361705244187317
0 0.700928511684091 0.06916991245707373 0.7192626479705424 0.06361705244187317 0.7320409927808446 0.09915534738832815 0.7081510650182439 0.1074846297854385
0 0.5936717919921735 0.9019670124053956 0.6364811596546472 0.868381352517876 0.6653713119533617 0.926131087525133 0.6159246945701567 0.9544506446250322
0 0.6203692911283379 0.9622246699982462 0.6698159695494401 0.9333497796175463 0.6942615252899736 0.9811043848990993 0.6525929671430596 1 0.639259055392722 1
0 0.6476717919921735 0.8029670124053955 0.7278761845968512 0.7395836125183334 0.7434324251452281 0.7778983450980792 0.6606509368293331 0.8295399173120966
0 0.6669117919921874 0.8394670124053956 0.7467659488612354 0.7828959175866216 0.7634333843275803 0.8123260649912177 0.6789851341536817 0.8611912148233255
0 0.715097839786549 0.931157229662919 0.7962126272823375 0.8811815047774951 0.8134356296887182 0.9117222424867886 0.7278761845968512 0.9583662422122637
0 0.6984117919921874 0.8989670124053956 0.7801007587560281 0.8517513573728988 0.795656999304405 0.8817368075555341 0.7117643771084389 0.9278255045029702
0 0.6819117919921875 0.8679670124053955 0.7612110555295412 0.8201000598616699 0.7784340579359217 0.8445326347777238 0.6934301797840904 0.8933977998612125
0 0.8724117919921874 0.7974670124053955 0.9012173425407269 0.8418133974484441 0.9395523769716334 0.8168255045029702 0.912884492433061 0.7762896523193539
0 0.9559117919921875 0.8234670124053955 0.9839988308566221 0.8007222424867885 0.9989995044649634 0.8179360795562864 1 0.8645801097845234 0.9778874114025402 0.866801259891156
0 0.9044117919921875 0.8549670124053955 0.947330497245822 0.8251548021514615 0.9662202615102062 0.8712435296016594 0.9256628982812605 0.8928996973871842
0 0.8814117919921874 0.9359670124053956 0.9184403449471074 0.9051159619681398 0.9373300481735944 0.9389883943346204 0.9028840433608335 0.966752709662004
0 0.8484117919921874 0.7429670124053956 0.8678824716080369 0.7868400695717157 0.912884492433061 0.7674050823955852 0.8806608164183394 0.7113212099683025
0 0.8099117919921874 0.6804670124053956 0.8351032286532797 0.7302009248691559 0.8812164443962719 0.7079894848083537 0.8534374259776283 0.6507950525791357
0 0.828991870237095 0.5808290301138517 0.7989905230204123 0.6024851750223051 0.8078797771746717 0.6702300550066471 0.8567708886557387 0.6435763299839607 0.8462148726434755 0.6230307525031329 0.8262139744990203 0.6230307525031329 0.8256583465210877 0.6080380350375058 0.8378811243913543 0.6030404625489634
0 0.8501039022616211 0.20735034010579376 0.9217738076252177 0.16959089505270622 0.9373300481735944 0.1979104674039862 0.8584376505137422 0.2356699124570737
0 0.8656601428099978 0.24066748494561613 0.9078842678969472 0.22234305757142095 0.9251072703033276 0.2517732049760172 0.8756605918822253 0.2717634949301868
0 0.8804117919921874 0.2784670124053955 0.9312186897574096 0.2556602024112433 0.9456637964257155 0.290087922304382 0.8923280273485706 0.3139652096937777
0 0.940107943911669 0.1296674849456161 0.9934437129888142 0.10523491002956227 1 0.12022762749518949 1 0.15243421253307643 0.9595532751160887 0.1702033523806135
0 0.9114617919921875 0.7314670124053956 0.9490371549787057 0.7146548021514615 0.9145911501659449 0.662457927159405 0.8879232656273721 0.6802270975097037