0 0.1791354217529297 0.17164352035522462 0.31651024042524806 0.16992007827563257 0.31947185368054687 0.1984502925795568 0.18027551211702364 0.2273510200277916
0 0.0921354217529297 0.17014352035522465 0.17250125444401962 0.17029059905246494 0.17213102990926252 0.2273510200277916 0.10919651945571614 0.24661816148325216
0 0.3276354217529297 0.16414352035522461 0.4338645850936157 0.16139806987839947 0.43608581028698623 0.17251373134598133 0.32946733654692145 0.1947450695461889
0 0.33063542175292965 0.2171435203552246 0.3357607875922761 0.2755189194615746 0.26986463337963795 0.2903397810649586 0.2661626320624109 0.23031518624245081
0 0.1926354217529297 0.2431435203552246 0.2572777312889287 0.2329088545778434 0.26431160090000444 0.28774615852469754 0.19878567122212343 0.30071440861139753
0 0.1181354217529297 0.25914352035522464 0.1850881565347289 0.24810025985562564 0.18767957575906355 0.3003438802020433 0.124004646739796 0.3107185077484822
0 0.1331354217529297 0.3356435203552246 0.19212199564201174 0.3220480447869902 0.1950836394011035 0.3642875659963232 0.14251479059299935 0.37725584661311096
0 0.2026354217529297 0.32114352035522464 0.2669030506281321 0.3042629711738154 0.27356669570445086 0.3476140623461676 0.20507912226747804 0.3613233845166201
0 0.2751354217529297 0.2956435203552246 0.3357607875922761 0.28277269742483846 0.34205423863763074 0.33501632540377796 0.2802303407807696 0.3453909376851731
0 0.35063542175292967 0.21164352035522463 0.4127630372679741 0.19866416051796104 0.42386913273103405 0.21089139194856205 0.42423932676199805 0.2894421019379095 0.3576027844874317 0.29499992885543946
0 0.35763542175292967 0.30464352035522463 0.42683074598633275 0.302039846512821 0.4394176175732491 0.31908386330728716 0.4442302619909544 0.3739211367240534 0.3805553634754797 0.3887420593876129 0.36315581696706517 0.3705864421000399
0 0.24013542175292968 0.3761435203552246 0.3427946572033519 0.3502077306815602 0.3516795274730412 0.36206444133532867 0.3527901400697264 0.39429989393766474 0.24839286101923935 0.4257942439261606
0 0.1461354217529297 0.39364352035522465 0.22914234435600428 0.37206854047241333 0.24024843981906416 0.42320062138589953 0.1799053180860595 0.4432088196600688 0.15065925754886397 0.43283417684858605
0 0.3156354217529297 0.4721435203552246 0.35464114072834 0.46194877223522496 0.3605643977427305 0.5130808531487111 0.33724159421992556 0.5238259785744167
0 0.3676354217529297 0.4041435203552246 0.43571561625602206 0.395254780532168 0.43127316586928094 0.4419405739610557 0.36648765475712103 0.4430521439240749
0 0.2056354217529297 0.04464352035522461 0.1998962838188087 0.08789913595934234 0.3091061767832082 0.12458085314871116 0.34501588239672243 0.10864837578717648 0.34908810824870656 0.09419801206305908
0 0.19213542175292972 0.10014352035522461 0.3065147575588735 0.13421440861139758 0.3379820127856466 0.12013458856167837 0.34501588239672243 0.1282860456519913 0.3290971425159573 0.14607110400012235 0.18619876913141417 0.1479237613119378
0 0.10513542175292968 0.06664352035522461 0.17731386835793192 0.07641295371492805 0.1706502232816131 0.14421850774848224 0.08772476234721402 0.14792376131193785 0.09068637560251283 0.12421030947431298 0.11734098641158078 0.11939351647792588
0 0.21174276734379685 0.011279367722153922 0.3224334669358457 0.032399135959342365 0.316140015890491 0.07130397780970556 0.20618973486416337 0.032028607549988
0 0.04625542175297159 0.016643520355224605 0.17367766143724198 0.04055062357974302 0.1755286620958555 0.07056292099099692 0.06113590017899375 0.05129579480058015 0.04706819146063505 0.035363317439045465
0 0.18013542175292968 0.032143520355224615 0.1858285445966571 0.00016369862205017238 0.03892372450477048 0.0005342270314044905
0 0.7031354217529298 0.8806435203552246 0.8077991743369773 0.8193622437255805 0.825568914876356 0.8434461934424722 0.7245034736159246 0.9042118298186448
0 0.7701354217529297 0.9336435203552246 0.9003499393586832 0.8586375987202542 0.8999797148239262 0.8953192853795354 0.791510240425248 0.9579375332723918
0 0.7501354217529297 0.8966435203552245 0.8270497215040054 0.8545618625425759 0.8496321064610893 0.8497450695461889 0.8862822306403245 0.8278842673878576 0.9010903274206115 0.8549323756868865 0.7652258236471442 0.9286662926798468
0 0.7966354217529298 0.9626435203552246 0.9062731658692811 0.9016181614832521 0.9281151627644365 0.9368177803002473 0.8251987208453917 0.9927666389450769
0 0.9151354217529297 0.8976435203552247 0.9347788383445481 0.93348307041119 1 0.8930961607185409 1 0.8490040279925241
0 0.9341354217529297 0.8736435203552246 1 0.8382588720367308 1 0.8089876314441855 0.9851264467073855 0.8086171030348313 0.9680971552375209 0.7789753264004097 0.9014605519553686 0.8145454659942375
0 0.8131354217529299 0.8171435203552246 0.82964114072834 0.8420424253055736 0.9532889669458551 0.7683085083126134 0.9429232900485164 0.74459510227012
0 0.9571354217529299 0.7361435203552246 0.9610632246188593 0.7595726243444542 0.9995643799605012 0.7388233845166201 0.9840158036069071 0.7225204245408626
0 0.5601354217529297 0.4256435203552246 0.5760520677517479 0.4646580944056775 0.6734154466873663 0.4038924580295049 0.6586073499070794 0.3772148705073085
0 0.5626354217529298 0.4141435203552246 0.656015900178952 0.3753622437255807 0.6393567722362585 0.34572046709115917 0.5490165782052526 0.3679517976588448
0 0.42013542175292967 0.0011435203552246076 0.4196344044228095 0.005117103034831203 0.4707224313513678 0.025866342862665297 0.47405423863763074 0
0 0.8361354217529298 0.5206435203552247 0.8595418120746036 0.5384615239098678 0.8521377484325636 0.560322333700721 0.8784221957144603 0.5606928468450315 0.8821241970316873 0.5858883588924203 0.830665976072165 0.6251636986220501 0.8154876547571211 0.6273868385480885 0.8136366235947147 0.602561862542576