0 0.42746179199218753 0.6369670124053955 0.5011476152504354 0.6326135344566822 0.49392506191628244 0.6570461246241172 0.5033699440484746 0.664264847219292 0.4678128053556426 0.7719331220593432 0.45503446054534036 0.7708225470060267 0.4272554421266968 0.6703158249599016
0 0.44336724961510915 0.5698090724110146 0.5255931709909688 0.5870229399832743 0.5083701685845883 0.6247823697849809 0.4311444717448425 0.6236717947316646
0 0.45696179199218756 0.5144670124053955 0.545594069135424 0.5353813525178759 0.5305933955270824 0.5792489298614413 0.4428116826750736 0.5587033523806134
0 0.46296179199218757 0.4674670124053955 0.5722619536739963 0.49095847239627155 0.5522610555295413 0.5231650574341585 0.46114581896152507 0.5065064773885569
0 0.46336814775956436 0.42543475014425264 0.5933739856985225 0.4626389000449916 0.5772621782101102 0.48485034010579375 0.46281258081952875 0.4576413275564492
0 0.44614514535318384 0.3804565939345258 0.6339313489274683 0.4187713150757358 0.6217085710572017 0.42765589262519477 0.4428116826750737 0.3915623101520817
0 0.4614617919921875 0.4039670124053955 0.6150416457009813 0.43598517502230516 0.602263300890679 0.45486489754884885 0.4622570138794933 0.41932660260239396
0 0.4559617919921875 0.3424670124053955 0.5289266336690789 0.35111219741895794 0.5244819760730005 0.3788764974949607 0.451700936829333 0.36999191231981127
0 0.351140879167022 0.21451187764833876 0.4639237146995998 0.2239517389116106 0.4478119072111874 0.3139080398925286 0.36280805957830464 0.30668933254873454
0 0.2809617919921875 0.23346701240539552 0.3400292656957749 0.27570767741804286 0.33836253435671987 0.3090248070064843 0.2778042424643704 0.29569796737221243
0 0.2764617919921875 0.11346701240539553 0.3394736987557394 0.11023248251810468 0.349474147827967 0.18630664489955692 0.28169330260146463 0.17686678744913023
0 0.21596179199218754 0.04296701240539551 0.25113638844474645 0.03526888756427823 0.26002567311795444 0.08968690503727693 0.21391248789391087 0.08913161751061877
0 0.323917427688414 0.02249731257959314 0.3333623098206061 0.09912676248770355 0.27724867552433496 0.1030137599229297 0.2616924044570095 0.03193717765571024
0 0.3474617919921875 0.009967012405395508 0.3539187749050967 0.04085034010579376 0.5067034067265846 0.05473248251810468 0.5111480643226629 0.001980319999389968 0.37614200184759095 0
0 0.5179617919921875 0 0.5855958654243341 0.0003144650451059494 0.5700396248759573 0.06472762749518945 0.5122592592406311 0.05750890490001451
0 0.5949617919921875 0.0019670124053955186 0.6361536777255075 0 0.621153004117166 0.06805933740375744 0.5755954163521064 0.06361705244187317
0 0.6459617919921875 0 0.7233798236374807 0.00031446504510595385 0.7061568212311002 0.07472277247227424 0.626708795593315 0.06972519998373188
0 0.7294617919921875 0 0.8111615364894895 0.0008697525717640974 0.7894939375249281 0.08249676734272651 0.7106014788271786 0.07916505743415848
0 0.7899617919921876 0.1149670124053955 0.8344959583499519 0.11581392743392975 0.7850492799288498 0.24519553986075487 0.7550479327121671 0.24352966202939952
0 0.7054617919921875 0.10046701240539552 0.7794934884527004 0.10581878245684491 0.7478253793780141 0.23964266459417352 0.6655994580021545 0.23297924477703755
0 0.6199617919921875 0.09296701240539551 0.6967120001368055 0.0974894848083537 0.6628215622640797 0.22853694456377238 0.5839291035663304 0.2157653772047777
0 0.5694617919921875 0.08646701240539553 0.6128193169029422 0.08693906755599168 0.5794845070081494 0.21521010492950046 0.5350380531231608 0.2113231074942744
0 0.5119617919921875 0.0794670124053955 0.5628170715418044 0.08527320497601722 0.5305933955270825 0.2102125324409581 0.47725768748783465 0.20521495995241573
0 0.4499617919921875 0.07046701240539552 0.5061478397865491 0.07638863505224869 0.4750353586897955 0.20188323479246684 0.43836702507899533 0.19855150963251803
0 0.35846179199218753 0.06296701240539551 0.4450340114731128 0.06972519998373189 0.4300333378647715 0.19799623735724076 0.37836433064563013 0.19633035952588543
0 0.46696179199218757 0.23446701240539553 0.531148962467118 0.2418638147008061 0.5050367059064782 0.3229355495708008 0.45336769868733673 0.3173827048069811
0 0.5359617919921875 0.24696701240539554 0.602263300890679 0.25408010978452344 0.5600391758037295 0.3351518446545181 0.5089257355246238 0.3268225470060269
0 0.6049617919921875 0.25546701240539554 0.6683773537402291 0.26574110209020174 0.6094858542248321 0.3479234120135126 0.5655949672798789 0.33681769198311173
0 0.6749617919921874 0.26946701240539556 0.7372693633657511 0.27740212489864186 0.667266219860158 0.35514213460868777 0.6167083465210876 0.3468128369601965