0 0.001135421752929684 0.9401435203552246 0.04315137862325504 0.9372864999153804 0.05462763761348615 0.9743387226165376 0.000577997429629078 0.9795260287572353
0 0 0.9866435203552247 0 1 0.0653635390455819 1 0.05721905683782083 0.9821196970926279
0 0.07913542175292967 0.9316435203552247 0.09868182543476156 1 0.17827546383100132 1 0.2486140379265876 0.9747092357608481 0.22677207153522488 0.9150551693476946
0 0.2036354217529297 0.9981435203552246 0.24750342532990235 0.9847133348979328 0.2567585201343487 1
0 0.2716354217529297 0.9646435203552247 0.28341310043962376 1 0.4396388249843903 1 0.4270519839012668 0.9635935819257881
0 0.2476354217529297 0.9001435203552246 0.25934993935868333 0.9380275414690452 0.31006774175248464 0.9391391114320643 0.3082167105900782 0.8913417556726793
0 0.05313542175292969 0.8301435203552247 0.2600903274206116 0.8101401775130072 0.23417613517726488 0.8686826739631414 0.04796399253716741 0.8868382759856707
0 0.06363542175292969 0.7631435203552246 0.29377883834454827 0.7415935819257882 0.27082619834891447 0.7956898290539337 0.058699893969263145 0.817550623579743
0 0.07213542175292968 0.7036435203552246 0.32931838043089146 0.6789753264004097 0.3063657404352576 0.727143210569149 0.06832515230088065 0.7523387226165377
0 0.08163542175292968 0.6461435203552246 0.2049300746400692 0.6184446730981403 0.3030338721414088 0.5454517976588449 0.39928676049551354 0.5373003176709661 0.37152147608217445 0.595472293344268 0.08017166632966177 0.660684224837561
0 0.07609940997388477 0.6721703918169314 0.36374721840917046 0.6058469208907069 0.3374627711272737 0.6640189194615747 0.0760994099738847 0.6932901447890759
0 0.01463542175292968 0.39514352035522465 0.030934640059716995 0.4179349544796393 0.060180700596912544 0.39792675620546997 0.04463215474711154 0.3760659616796606
0 0.05536805617920733 0.37458386330728716 0.08609489284025934 0.35383462347945305 0.10127321415530328 0.3719902102369383 0.06869537683563774 0.3945920615814563
0 0.08313542175292969 0.39764352035522466 0.10756669570445088 0.3812532678203581 0.12089401636088126 0.39644467309814035 0.09979243803144681 0.4157118298186448
0 0.0936354217529297 0.34514352035522466 0.12422582364714424 0.3164118800014633 0.150140015890491 0.34383053197489033 0.11867279116751074 0.37310178019995743
0 0.1256354217529297 0.38114352035522464 0.15347185368054686 0.35272306878147774 0.17124159421992552 0.36569133413322163 0.13644253170688936 0.39533310313512116
0 0.13163542175292972 0.30914352035522463 0.15458246627723213 0.33493800280082486 0.17827546383100126 0.2897342848467449 0.15162085302193334 0.2715786942729987
0 0.1886354217529297 0.2951435203552246 0.21344475087879441 0.3156708384477984 0.18864114072834004 0.34197791282568446 0.1705012061579973 0.3241928468450315
0 0.022635421752929687 0.2716435203552246 0.0368578970741075 0.28766779775913476 0.00020778814676847946 0.318050623579743 0.0005779974296290513 0.29026146609452735
0 0.03213542175292968 0.26464352035522465 0.04833418656813153 0.24505776340549132 0.08387366764688878 0.2821099632090829 0.06240189528649017 0.30434130140929044
0 0.06263542175292969 0.24464352035522463 0.07424843981906414 0.22467903672196773 0.11386011624601258 0.25246819420718336 0.09572018167566981 0.2769226570683853
0 0.026135421752929683 0.18214352035522463 0.055738250210171446 0.20038121906667197 0.06684434567323129 0.18296668912789535 0.03833870370175692 0.1633290039980366
0 0.04613542175292969 0.15414352035522463 0.07313782722237887 0.17148049161843723 0.09386915051326337 0.13183462347945304 0.0653635390455819 0.12368312822653044
0 0.0738782152843071 0.10515703595725658 0.15125062848717627 0.12183053197489033 0.165688561740292 0.09292980452665557 0.0872055054369446 0.07588577246714558
0 0.1031354217529297 0.04064352035522461 0.1897517533250253 0.06151373134598133 0.17642443266859487 0.08707976417020248 0.09275856842037097 0.06892417741271718
0 0.12213542175292968 0.00664352035522461 0.20900233099584625 0.02779621853388143 0.19863662359471462 0.05595589679592944 0.10682627713872972 0.03261300389774658
0 0.21463542175292968 0.04214352035522461 0.24195039285026884 0.048545465994237424 0.23195490998389423 0.0970838633072871 0.2008578487880852 0.09152602875723524
0 0.1956354217529297 0.14064352035522462 0.24491200610556763 0.1415465244426584 0.2375079424635278 0.1697062103372283 0.1893815592940612 0.15599688816677573
0 0.2141354217529297 0.17764352035522463 0.23380591064250777 0.1795536642684067 0.23380591064250777 0.23957825909091446 0.20307907398145575 0.23513199450388172
0 0.1386354217529297 0.1581435203552246 0.16457794914360677 0.17362530130900047 0.142735982752244 0.20474916868327353 0.12126417988805249 0.19103984651282097
0 0.07963542175292967 0.17264352035522465 0.1057156645420444 0.18992827654980182 0.1334808879477977 0.13805516934769468 0.1020136632248174 0.1306447385460027
0 0.06613542175292969 0.20314352035522462 0.08054186036062586 0.21808796244437176 0.09683079427235508 0.1999323756868864 0.07424843981906415 0.1851114988184586
0 0.4026354217529297 0.5866435203552246 0.5846868957768977 0.5869502925795568 0.5806145784135349 0.5232204670911592 0.4280909466973742 0.5328540530839333
0 0.3919554217529279 0.5976435203552246 0.5854272228312402 0.5965838633072871 0.5880187030631607 0.6499390536167239 0.36885846806484773 0.6566084581297948
0 0.36095542175292794 0.6656435203552246 0.5398922588861083 0.6638622437255806 0.5143482606737255 0.7294446730981403 0.33554018167566796 0.7224047554407588
0 0.3274554217529279 0.7316435203552247 0.5087952281940921 0.7409308553425547 0.49139568168567765 0.7776125572668795 0.46177942711751785 0.7979912686853594 0.30185173175931723 0.7890987395112938
0 0.2914860243581856 0.8007987896941122 0.4432692680124181 0.8052450695461889 0.36774785546816247 0.8589707729999361 0.2592783505656912 0.8674927890296913
0 0.554455421752928 0.9256435203552246 0.7589648290300275 0.9073525251070795 0.7745133443760356 0.8551089047606619 0.6856645806715567 0.8425111525532286 0.6852943256330067 0.8995715658960332 0.552391465618631 0.9125398465128209
0 0.5597954217529421 0.9366435203552247 0.7541521236047365 0.9169861110998536 0.7378632201968003 0.9844211367240535 0.567569786933675 0.9833095820260782
0 0.6353169418049266 0.7848663428626653 0.7919128298768644 0.7689339036637403 0.7782153456932628 0.8437793677221539 0.679000905091445 0.8319226570683854
0 0.6407954217529421 0.7726435203552247 0.7885810225906015 0.7578182345636364 0.7959850862326414 0.7181723587921303 0.7811769589485613 0.6966157397432249 0.6504952631199704 0.7140302925795674
0 0.618295421752942 0.6572235203552352 0.6553079075376758 0.7010620119627796 0.7730324462370075 0.6862411350943518 0.7208338677193499 0.6169534750559023 0.6131047508788068 0.6326158967959331
0 0.591295421752942 0.5186435203552247 0.6878857448573413 0.5070055330718121 0.6975110336927518 0.5788868385480884 0.7167616113635727 0.6048233845166202 0.6160663641341055 0.6185327066870727 0.6153259760721774 0.578516325403778 0.5923733665803365 0.5548028888311969
0 0.43491433710141386 0.41998049161843726 0.48267054149181277 0.4181278953667972 0.49525747408631493 0.3732946981895495 0.44565022328161313 0.3584738136885999
0 0.5021354217529297 0.37514352035522464 0.5752213065135189 0.3918208057238673 0.5674470488405149 0.4270204245408626 0.4904447991648167 0.42035102002779157
0 0.5829955641865229 0.39182080572386724 0.6688826841319101 0.39960178019995746 0.664440233745169 0.42516779775913477 0.5755915005444829 0.42442675620547
0 0.6776354217529297 0.3986435203552246 0.7788329651582379 0.41145849085372604 0.7780926381038954 0.4229446730981404 0.6725847159529301 0.42479729987986814
0 0.4311354217529298 0.2431435203552246 0.49451702501680084 0.26555107021061003 0.4308421112494297 0.3100137313459813
0 0.4311354217529298 0.1456435203552246 0.5037721198212473 0.1579640950700987 0.47415586525308756 0.23280958202607824 0.4341739337875892 0.22095287137230962 0.4278804827422345 0.1964984085111076
0 0.5151354217529298 0.16714352035522462 0.5892890152318775 0.18575326782035817 0.5200610537329764 0.24985361408558823 0.48267054149181277 0.2387379297204406
0 0.4671354217529297 0.05664352035522462 0.5204312477639406 0.07104804478699023 0.5167292159429206 0.132184224837561 0.4623093512243065 0.11958644210003991
0 0.5301354217529297 0.07614352035522462 0.5833657582174869 0.09105624306115949 0.5833657582174869 0.15182187943733214 0.5267246988092953 0.13885361408558822
0 0.5956354217529297 0.09414352035522462 0.672214491418173 0.1151401775130072 0.6699932662248025 0.17331219134891868 0.5952122722462679 0.15367449095401609
0 0.48563542175292973 0.013143520355224609 0.5711490501577419 0.03518572991684901 0.5618940163608813 0.05889913595934235 0.48267054149181277 0.035926756205469944
0 0.5796354217529297 0.039643520355224615 0.6855418120746034 0.06964427665009182 0.6766569418049141 0.09372821110193946 0.5781829197688176 0.06445697050939424
0 0.5706354217529297 0.013143520355224609 0.6437088494466987 0.035926756205469965 0.6481512998334398 0.017030127894319867 0.6011354987568656 0 0.5737404998858694 0
0 0.6571354217529297 0.019143520355224607 0.7321874191202136 0.041114062346167504 0.7244131004396237 0.060381219066671966 0.6533341382821092 0.03852042454086258
0 0.7426354217529297 0.0476435203552246 0.825478572203848 0.07149688816677573 0.8195553456932504 0.08891144863564009 0.7377404515998469 0.06556854047241335
0 0.7011354217529298 0.001643520355224606 0.7010903274206116 0.007396557166589551 0.7395914827622536 0.021476392481352614 0.7466252913657434 0.0018387226165376624
0 0.7601354217529297 0 0.7521783848529628 0.02369953240739088 0.787347671900756 0.04111406234616752 0.8054876064710987 0.0018387226165376624
0 0.8161354217529297 0.0006435203552246093 0.7999345739914652 0.0392614660945274 0.8376952802635931 0.05334130140929046 0.8610180532826051 0
0 0.8486354217529297 0.056143520355224616 0.886874580671534 0.06927374824073745 0.9135291609768091 0 0.8657729718383067 0
0 0.9245054217529196 0.002143520355224613 0.8994614827622434 0.0726084581297949 0.9379626381038851 0.0885409049612419 0.9686894137573515 0.0003566242441641787
0 0.8495054217529195 0.08164352035522462 0.9364817399648571 0.1081785900911007 0.9320393505857019 0.1311509698449731 0.8443011994779082 0.10150918557802963