0 0.19219970703125 0.4126295949371768 0.18313569961450113 0.4365099647546316 0.18078819068625454 0.5217580522726402 0.2629514760036654 0.5280148131363939 0.3333772166798433 0.5718120102977611 0.34511480430551084 0.5569522247271642 0.298946856481909 0.49829528495683634
0 0.28656590421434863 0.4527704400075993 0.3412022750969551 0.509244573506769 0.4311906618159121 0.3004258241035329 0.36389500468478725 0.2714883802915356
0 0.14008703097491199 0.2626295949371768 0.13070767066966218 0.3410946408330233 0.1886132491033662 0.38176345756251356 0.2246086295816098 0.3059004683784993
0 0.08093210139744718 0.42319297521886695 0.11505751085100431 0.42321436939997314 0.1283601617414157 0.43572786964666244 0.12836016174141565 0.5201938620567017 0.09940735103234641 0.5201938620567017
0 0.44596179199218755 0.2949670124053955 0.5100369304425919 0.322764032541363 0.41225473799940693 0.5520971023647266 0.34836298342894734 0.524332787037343
0 0.5149617919921875 0.39196701240539555 0.5761509832921421 0.4143862075407911 0.49948085339243165 0.5865248070064843 0.438922592019031 0.5759743897541223
0 0.5894617919921875 0.42296701240539547 0.6505987843938132 0.44603748980063906 0.5767065502321775 0.6020728272501507 0.5150371549787057 0.5915223794950267
0 0.6659617919921875 0.4479670124053955 0.7339358396497438 0.47491236492995803 0.6661550249421901 0.6226183894795975 0.5955963144965617 0.6109573971739191
0 0.1599617919921875 0.6184670124053956 0.1972450829465145 0.6187313920443713 0.16891046706888688 0.6725941143650215 0.1322421487175611 0.6592672747307498
0 0.2144617919921875 0.6259670124053955 0.26558146459410376 0.6281712647461789 0.23224665469931097 0.6836998343954225 0.18391114067722825 0.6714835393117052
0 0.2454617919921875 0.6889670124053956 0.2922493491326763 0.7047435296016594 0.33669577249871624 0.635888089815382 0.2805821382024451 0.6308905173268397
0 0.1399617919921875 0.6784670124053954 0.12113053524631395 0.6703158249599016 0.09168477022914107 0.706409376930253 0.021745668373582206 0.7319525421510039 0.08897091614110049 0.7536086794337671
0 0.15152179199217353 0.6839670124053956 0.18619751112530142 0.6975248070064843 0.14008432590125783 0.7713778497840659 0.10341602280940633 0.7580509796470324
0 0.19730912459654856 0.7008565321664332 0.2178655896810391 0.7069646797082919 0.17119683751696008 0.7863705672496931 0.15064034191352085 0.7769306945478855
0 0.23002179199217354 0.7124670124053956 0.27953504597240814 0.7275102419377387 0.23286626328938045 0.8074714322571791 0.18286401792824272 0.7902575646849193
0 0.29302179199217354 0.7344670124053956 0.3378710090667184 0.7491664097232636 0.2923133907827103 0.8263511471580323 0.2473113699576863 0.8119137019676823
0 0.31102179199217356 0.7094670124053956 0.3495381589590524 0.7247338195558288 0.40120716617819385 0.6436620846858342 0.3506493538770205 0.6403303595258854
0 0.3655217919921735 0.7304670124053955 0.39009558322589527 0.740224669998246 0.44454242514521425 0.6524894848083537 0.4173190347045033 0.6452707774645594
0 0.35002179199217354 0.7569670124053955 0.37620604349762493 0.7635466546096029 0.33175958961263646 0.8385102419377388 0.30231383985493787 0.8301809747920094
0 0.3875217919921735 0.7694670124053955 0.4117631821904569 0.7768735247466364 0.3634276986873228 0.854058262181405 0.3412044717448285 0.8457289645329138
0 0.4055217919921736 0.7434670124053955 0.42787505071676635 0.750775087250608 0.4828775206140179 0.6619293575101612 0.45787639793344903 0.6547106349149863
0 0.49452179199217355 0.6644670124053955 0.5484360065235326 0.6724797747625232 0.48787774515013177 0.7740971023647266 0.4395422006091004 0.757993809845783
0 0.5620217919921735 0.6769670124053956 0.5828820113362936 0.6808090724110145 0.5178790923668144 0.7879792447770376 0.4989893281024302 0.7768735247466364
0 0.42352179199217355 0.7794670124053955 0.47176587662382213 0.7974190869760832 0.42565272191872716 0.8729379770822584 0.37620604349762493 0.8557241095099986
0 0.4865217919921735 0.7994670124053955 0.5067674483766188 0.8068589596778909 0.45732083099341353 0.8829331220593432 0.4395422006091004 0.878490821846078
0 0.5180217919921736 0.8119670124053955 0.5673257707879168 0.829070399738693 0.5212125550449246 0.907365712226778 0.47398820542186143 0.8873754222726083
0 0.5315217919921735 0.7889670124053956 0.5962159230866311 0.6813643599376726 0.6456626015077336 0.6930253522433509 0.5817708164183254 0.8063036874026136
0 0.6630217919921736 0.6944670124053955 0.6878867265946829 0.6996887873118678 0.6139944924330473 0.8174093769302531 0.5956603561465957 0.810745957113117
0 0.5800217919921735 0.8329670124053956 0.6017717756006777 0.8385102419377388 0.5551029929176501 0.9168055544258236 0.5328797659751556 0.9079209845020552 0.5806596825382544 0.8324021248986417
0 0.04696179199218749 0.7719670124053956 0.0871381847336567 0.7838789250064182 0.043247328307652266 0.8627295250211614 0.002134367619722468 0.847181504777495
0 0.0009617919921875107 0.7544670124053955 0.03491361057447975 0.7683309200141331 0 0.8344099374185003
0 0.10146179199218752 0.7894670124053955 0.15936365703728872 0.8072009248691558 0.11213930741422562 0.8877173874638733 0.0515810155218762 0.8671717947316647
0 0.16846179199218753 0.8119670124053955 0.22103311332865766 0.829412364929958 0.17436433064563006 0.9110393720752299 0.12158418954641764 0.8904938098457832
0 0.23346179199218753 0.8349670124053955 0.27659115016594477 0.8482920798308113 0.2310335624008853 0.9276979673722124 0.18547594411687723 0.911594674853269
0 0.36196179199218753 0.8804670124053955 0.41326397449902047 0.8971572296629191 0.3649284299579891 0.9743419670976877 0.31548175153688685 0.9560175244721116
0 0.32896179199218756 0.8679670124053955 0.3510389512676159 0.8743905173268396 0.3054813024646594 0.9526858298149244 0.2804801797840904 0.9454671072197496
0 0.2884617919921875 0.8529670124053955 0.31881527525289405 0.8627295250211613 0.2749243883079411 0.943245957113117 0.2427007122932193 0.9338061149140711
0 0.4243755574513191 0.900488954822868 0.44548765051374223 0.9077076774180429 0.39993000171078547 0.9871135344566824 0.3760400739481847 0.9804501146395463
0 0.45796179199218756 0.9124670124053955 0.5082682406851822 0.9304743897541223 0.46104389106211907 1 0.4332648726434756 1 0.41104164570098134 0.9910005318919084
0 0.5184617919921876 0.9344670124053955 0.5404919166999039 0.9415801097845236 0.5066014788271785 0.9987745572651224 0.47882246040853504 1
0 0.3514617919921876 0.9974670124053955 0.3060369304425919 0.9793395395862301 0.28714716617820785 1
0 0.22946179199218755 0.9539670124053956 0.2582570138794933 0.9626809747920093 0.23603378693699903 1 0.20158778212423806 0.9998851323184387
0 0.2704797307118628 0.9676785472805517 0.2915918237742861 0.9748972698757268 0.2765911501659447 1 0.24881213174730127 1
0 0.1724617919921875 0.9344670124053955 0.2188107845306186 0.9482435296016594 0.18936500425397146 0.9998851323184386 0.13325136995770026 0.9998851323184386
0 0.10846179199218751 0.9114670124053955 0.16269711971539888 0.9299190869760834 0.11825069634935889 0.9993298295403997 0.06380379339214287 0.993221681998541
0 0.04346179199218751 0.8879670124053954 0.017690608168099312 0.9265873923188961 0.0499142841828211 0.9865582621814051 0.09769420074591974 0.9093735247466364
0 0.038961791992187515 0.5424670124053955 0.11269487435426104 0.537417749938359 0.04824755284376603 0.6084943398312689
0 0.0014617919921875 0.5434670124053955 0.01991293696613843 0.5435258974802176 0.03324687923542474 0.6157130624264439 0 0.6362586399072716
0 0.025461791992187503 0.4244670124053955 0.06769285352923707 0.4253071901364236 0.08436028899558207 0.5147082074035287 0.04269173084866817 0.5152634949301869
0 0.00046179199218750357 0.4279670124053955 0.013245981090969609 0.4275283249916753 0.027691057240326868 0.5169293575101612 0 0.5174846297854385
0 0 0.26046701240539555 0.023801997103232653 0.2604444525643926 0.048803119783801495 0.3953789250064183 0.01991293696613843 0.4003764974949607
0 0.04096179199218751 0.25696701240539555 0.07658213820244508 0.25822331008345045 0.06380379339214287 0.2959827475108476 0.06324822645210734 0.3387397650524775 0.07158191366633126 0.3665040498770993 0.08491585593561758 0.3970447723350118 0.05935916631501313 0.39760005986167
0 0.1509617919921875 0.23646701240539553 0.24492304109125848 0.28773923506699167 0.27159092562983095 0.2366529198768705 0.19492079573012064 0.1966723399685313
0 0.2264617919921875 0.17296701240539553 0.28603603229813684 0.19722762749518943 0.32270430487103974 0.11393475014425265 0.2599237146995998 0.09561031514436703 0.2610349096175679 0.14225432249553263
0 0.07196179199218752 0.1274670124053955 0.18047571958076336 0.12170875264039534 0.13380693689773573 0.15724704758685026 0.07658213820244505 0.15891289491544383
0 0.0774617919921875 0.17446701240539553 0.11436163621226474 0.17223976505247748 0.08769375167369223 0.2216602024112433
0 0.00046179199218750357 0.13246701240539552 0.0382471037715385 0.13225917751844782 0.04658079098576239 0.17446089990772914 0 0.1794584723962715
0 0.00046179199218750357 0.1914670124053955 0.0493587172427856 0.18945361737335634 0.05324777737987981 0.22665777489978572 0 0.22832363747976014
0 0.001961791992187507 0.0789670124053955 0.03046898349735006 0.08011947995333077 0.03658034191353482 0.12121063491498624 0 0.12343178502161878
0 0.021579668305193513 0.027922612586964643 0.028246654699310935 0.06845847239627155 0 0.07123491002956227 0 0.02514618257936438
0 0.001961791992187507 0.010967012405395504 0.016023876829044253 0.012929895121337439 0.01602387682904427 0 0 0
0 0.04946179199218749 0.01946701240539551 0.19658755758812432 0.01626160502990542 0.1976987219871439 0.055686905037276926 0.05491450871893491 0.062905612381071
0 0.04696179199218749 0.00046701240539550606 0.04713638844474646 0.008487602533762757 0.19269849745103013 0.0034900300452203282 0.19214289999204603 0
0 0.06046179199218751 0.0719670124053955 0.1976987219871439 0.06901375992292971 0.1965875575881243 0.10732849250267534 0.06491495779116242 0.11454719984646944
0 0.24547860803129395 0.016261605029905413 0.2543679232234505 0.0828959175866215 0.32325993284897236 0.09844390732752593 0.3465942936715376 0.04569176006019213
0 0.24296179199218756 0.0009670124053955042 0.3521500851476869 0.02847790011362277 0.3671507587560284 0
0 0.38046179199218755 0.015467012405395497 0.44159855985769947 0.05235519512870896 0.3660396248759572 0.23282310749427437 0.30048107792854545 0.2017270975097037
0 0.45696179199218756 0.0539670124053955 0.5193798236374808 0.07845361737335635 0.4427096937377704 0.26169796737221246 0.3804847315442631 0.23226780471623534
0 0.43096179199218754 0.004467012405395519 0.4532657707879306 0.019621907464788396 0.47104434013434654 0.00018690503727692765
0 0.46796179199218757 0.023467012405395504 0.4927120001368055 0.035169912457073724 0.5177131228173742 0 0.4832671180046132 0
0 0.5234617919921876 0.0004670124053955149 0.5043791500291394 0.04294390732752595 0.5299358396497438 0.05460491488458517 0.5571592911283519 0
0 0.5674617919921875 0 0.5421586175200105 0.06126834995310199 0.6082727314074579 0.09014320983104014 0.6477189607563324 0
0 0.5344617919921876 0.08496701240539553 0.594938758619223 0.11402051247181674 0.5160463609593706 0.30670468941833784 0.453821337727966 0.27949567686899324
0 0.6069617919921876 0.1749670124053955 0.6537217868001938 0.19675809467040495 0.5770516569004834 0.3833551323184807 0.5237159488612356 0.36225426731099475
0 0.5908617919921876 0.3839370124054375 0.6387211131918523 0.4044559668232047 0.7137244812335592 0.22343278218236212 0.6670556985505314 0.2001107823196245
0 0.7278617919921875 0.2279370124054375 0.776505071404999 0.2528629448383392 0.6981682406851824 0.4305544043192331 0.6481659953240446 0.41334056724973506
0 0.6563617919921876 0.1649370124054375 0.7403923657721316 0 0.6792784764207981 0 0.614275557451319 0.14960121967836237
0 0.6713617919921876 0.1715070124054095 0.7020572703033278 0.18847122453338527 0.8020617610256034 0 0.7509483817843946 0
0 0.7133617919921876 0.1935070124054095 0.7592820689986185 0.21845665946463966 0.8737316663892 0.0363229150218616 0.8387300946364035 0 0.81428453889587 0
0 0.7708617919921876 0.22400701240540954 0.8165068676939093 0.251773819555843 0.9080529559435297 0.10351250747954534 0.8774960417868116 0.0474286350522627
0 0.9122417919921457 0.11750701240540952 0.9319428837061303 0.1590410923801699 0.9541661106486247 0.1729232347924809 0.8952746111332275 0.29286497451749843 0.8263826015077055 0.2567713920443853
0 0.8867417919921456 0.0010070124054094975 0.9002748356693412 0.031880630059977336 0.9213868676938674 0
0 0.9357417919921457 0.0940070124054095 0.9524994098285182 0.1340532299374579 0.9996080850108539 0.05020505743417246 1 0 0.9823851436423703 0
0 0.9087417919921458 0.04150701240540951 0.9258315252899456 0.08130106741874324 0.9741670087930798 0 0.9291649879680557 0
0 0.9626317919921595 0.1415070124054095 0.9990525180708183 0.16459393714398962 1 0.07352705729691014 0.9634953793779861 0.14016137747931653
0 0.9631317919921597 0.1815070124054095 1 0.20457451705232876 1 0.2961966996774473 0.9762737241882884 0.3322902821505604 0.9101596713387383 0.2961966996774473
0 0.9901317919921595 0.33546701240539556 1 0.34485034010579374 1 0.31319904259456494
0 0.8421317919921596 0.4804670124053956 0.9068261476227312 0.502551509632518 0.9762737241882885 0.3548454850828786 0.916271029754923 0.32652589748021765
0 0.9901317919921595 0.3604670124053955 1 0.3631747674799889 1 0.4936669397087495 0.9784960529863276 0.5336475196170888 0.9190489254929978 0.5086596571743768
0 0.7481317919921596 0.4799670124053955 0.8268225550449105 0.5086024873731276 0.7457078285870192 0.6446475196170887 0.6745934901634582 0.6302101049295006
0 0.8761317919921596 0.6799670124053955 0.9179377916129267 0.6834603546708624 0.9490502727096805 0.6640253522433511 0.967384470034029 0.6007227724722742 0.8740469046679736 0.6784627821823201
0 0.8441317919921596 0.7129670124053956 0.9240491500291114 0.7306596571743768 0.8962701316104681 0.8145078144262812 0.7673754275515807 0.7889646797082921
0 0.6956317919921596 0.8649670124053955 0.8668243513338209 0.9005771217848182 0.8901587731942833 0.8306111069452247 0.759041740337357 0.799515096960654
0 0.6871317919921596 0.8754670124053955 0.8629353217156752 0.9127076774180429 0.8462678862493302 0.9582411020902017 0.64737003868485 0.9604622521968343 0.6462589048047792 0.9265898198303537
0 0.9034926849446211 0.8927173874638734 1 0.8904962373572407 1 0.9443589596778907 0.8834917868001658 0.9404719622426647
0 0.9626317919921595 0.7034670124053954 1 0.7162222424867885 1 0.5896170524418732
0 0.9536317919921596 0.7244670124053956 1 0.7334360795562864 1 0.7961834023034668 0.9329384652212681 0.7867435296016595
0 0.9276317919921597 0.7984670124053954 0.9996080850108536 0.8161736922576366 0.9996080850108536 0.8778104094487388 0.9018259230866172 0.8772551371734616
0 0.8506317919921597 0.2939670124053955 0.9051594468026245 0.32272466999824606 0.8318227795810241 0.47653884208974423 0.7768203096837729 0.4565485521355746
0 0.7886317919921596 0.2579670124053955 0.8384897659751417 0.28885220712900384 0.7657087267314742 0.454327402028942 0.7118173907142936 0.4326712647461789
0 0.34735656651802344 0.2688619324262151 0.2848594485134521 0.24054234482355422 0.2154119024668433 0.393801259891156 0.2787480595783187 0.4443322570518572