0 0.5814617919921876 0.7104670124053954 0.6324317979996957 0.6516135344566822 0.617986752369287 0.6271809747920093 0.5563172960779181 0.664940404593716
0 0.44796179199218755 0.45946701240539556 0.5129819760730006 0.4233910625637063 0.5346496360754593 0.465037489800639 0.47075791202394845 0.5016863598004103
0 0.4759617919921875 0.5064670124053956 0.5390942936715377 0.4728114999224722 0.5596507587560283 0.5127920798308113 0.49464783978654914 0.5499962373572407
0 0.5049617919921875 0.5554670124053955 0.5629842824720356 0.5216766497545798 0.5879854051526046 0.5655442270981452 0.527982649681342 0.6049695347312071
0 0.5934617919921875 0.5824670124053956 0.6152087955933153 0.6238492496320603 0.55520610115995 0.657721681998541 0.5340940691354238 0.6205175244721116
0 0.42496179199218753 0.4154670124053956 0.4902031821904708 0.377330920014133 0.510204080334926 0.4189773625024466 0.44742349016348604 0.4561815047774951
0 0.3789617919921875 0.32546701240539555 0.4424232656273721 0.2890404625489633 0.4507570138794933 0.30736489754884894 0.3863096313311011 0.34345847239627153
0 0.3914617919921875 0.34896701240539557 0.45242371469959974 0.312917749938359 0.46353535868979556 0.32957632998396064 0.39908800666035193 0.3651146249304156
0 0.39946179199218756 0.36996701240539553 0.4663132544278701 0.3362397650524775 0.47520250858212953 0.352343057571421 0.4107552175905831 0.3873260649912178
0 0.4129617919921876 0.3934670124053955 0.47575813656006216 0.359561764915215 0.48798085339243175 0.3728886350522487 0.4224223674829171 0.4128692149605879
0 0.5514617919921876 0.3609670124053955 0.5785405230204124 0.34456904744958783 0.5946523305088246 0.37455448238084216 0.5690956408882203 0.391768349953102
0 0.5719617919921876 0.39646701240539556 0.5974302262468992 0.38510491488458515 0.6113197659751697 0.40842692999870356 0.5863186432946008 0.42230907241101456
0 0.5909617919921876 0.42946701240539553 0.6146532286532799 0.41564563734249765 0.6485436665260054 0.47839294483829725 0.6229869769054008 0.4939409345792018
0 0.6289617919921876 0.5019670124053955 0.6552105918822255 0.4872775147620657 0.6863231340168764 0.5394743897541222 0.6602108164183391 0.5577988323796983
0 0.6394617919921876 0 0.6502103673461118 0.026006477388556864 0.6791005806827235 0.016566619938130217 0.6657666689323858 0.0010186149458448757
0 0.6479617919921875 0.03496701240539551 0.6835452382788018 0.027117052441873155 0.7029905694832214 0.06321063491498624 0.6707668934684995 0.08431149992247214
0 0.6749617919921874 0.0889670124053955 0.7068795991013667 0.07431635494538731 0.7263249303057867 0.10707821225855155 0.6902122246729192 0.1259579271594049