0 0.6124617919921875 0.022967012405395514 0.6623166224695768 0.0003673250603064959 0.6800951918159928 0 0.6750949672798788 0.07199919485418409 0.6095364813703644 0.06811219741895798
0 0.5574617919921875 0.0694670124053955 0.6017583610961761 0.07088863505224868 0.6034250619162824 0.02035762264016654 0.5595342360092266 0.03423976505247747
0 0.5573119072111874 0.07810734239604283 0.6150922728465137 0.08143906755599167 0.6156478397865491 0.1336359272966673 0.5528672496151091 0.13530178987664176
0 0.55245 0.14345 0.61175 0.14345 0.61175 0.19415 0.55245 0.19415
0 0.549475 0.20345 0.609525 0.20345 0.609525 0.25634999999999997 0.549475 0.25634999999999997
0 0.542975 0.26697499999999996 0.606225 0.26697499999999996 0.606225 0.319125 0.542975 0.319125
0 0.45597499999999996 0.268975 0.516225 0.268975 0.516225 0.297425 0.45597499999999996 0.297425
0 0.45742499999999997 0.30547500000000005 0.515075 0.30547500000000005 0.515075 0.33462500000000006 0.45742499999999997 0.33462500000000006
0 0.45395 0.24197499999999997 0.51785 0.24197499999999997 0.51785 0.26132500000000003 0.45395 0.26132500000000003
0 0.45394999999999996 0.21294999999999997 0.5167499999999999 0.21294999999999997 0.5167499999999999 0.23465 0.45394999999999996 0.23465
0 0.5439779344229526 0.3283983450980791 0.5995360322981369 0.3322853425333052 0.5962025085821295 0.392256212395814 0.540088904804807 0.37282120996830254
0 0.5267549625355208 0.3917009248691559 0.6000915992381723 0.41502293998327433 0.6095364813703644 0.5543996973871842 0.460640879167022 0.5866062519223095 0.4534183258328692 0.5632842673109528
0 0.45196179199218744 0.6054670124053956 0.533977485350725 0.5892969348537265 0.5634232656273722 0.7142362470672866 0.4873087331866459 0.73033953958623
0 0.5454617919921876 0.5829670124053955 0.6134255109885101 0.569306644899557 0.6378710667290434 0.6992435296016595 0.5750904765576035 0.7114598246853768
0 0.6444617919921874 0.5639670124053956 0.7184302262468992 0.5520927773272972 0.7323197659751696 0.6825849648074387 0.6662056520877225 0.6953565321664332
0 0.7294617919921875 0.5569670124053956 0.7884333697524923 0.5493163549453874 0.8167680161490682 0.6687028223951276 0.7523206641196247 0.6842508121360322
0 0.8023229094807625 0.5487610674187293 0.8756595156644655 0.530436640044534 0.8967716087268888 0.6525995298761842 0.8262128982812605 0.6664816722884952
0 0.8904617919921876 0.5289670124053956 0.9484406159460304 0.519330920014133 0.9762196343646738 0.6420490821210604 0.907327624739152 0.6498231074942744
0 0.9028017919921316 0.4069670124053955 1 0.401610315144367 0.9982749415052328 0.4876796225029041 0.9182713489274125 0.5021170524418731
0 0.9593017919921317 0.5189670124053956 1 0.5098910625637063 1 0.6220587921668909 0.9943859118870871 0.6215035198916136 0.9916080161490125 0.6103977998612125 0.9771629094807066 0.6092872248078962