0 0.30213542175292973 0.3603101873397827 0.3503330134442602 0.3739323756868864 0.3166445330241164 0.47175025766178214 0.27259037570663397 0.4580409049612419
0 0.3556354217529297 0.3773101873397827 0.4025316529695037 0.39060587933704205 0.37439623553278634 0.4873121913489187 0.32812085302193333 0.47286181235975744
0 0.40663542175292966 0.39231018733978273 0.45954290640865963 0.40727936772215395 0.426965069088994 0.507320389623088 0.3821704932057904 0.49398158059694597
0 0.4632449687334725 0.41061406234616754 0.4754616767932176 0.41098459075552185 0.5239582539936483 0.531084224837561 0.4347393267619981 0.5092233845166202
0 0.42713542175292973 0.5317101873397828 0.47768290198658825 0.5455345885616784 0.44917722951132094 0.6424685900910448 0.3991998151794479 0.6298708531486554
0 0.4796354217529297 0.5471001873397269 0.5302517355427959 0.5613242270313488 0.49915470485077973 0.6565484406708518 0.4554707110604684 0.6413570201280256
0 0.5372855441462858 0.5728104245408068 0.5835610181685177 0.6839670544816693 0.5095203207405326 0.660253633174132
0 0.37563542175292974 0.516100187339727 0.42030139350888235 0.5276067065867269 0.3962382019241491 0.6232014486355842 0.34811181875468256 0.6146794173407855
0 0.3191354217529297 0.4981001873397269 0.3681027844874318 0.516491045119145 0.3399673365469215 0.6117152358610823 0.2914707288426978 0.5998585404723575
0 0.26563542175292965 0.48210018733972687 0.3133127257378535 0.495000771370168 0.2855475023321003 0.5928186075499322 0.23668070059691257 0.5805913837518532
0 0.1836354217529297 0.5616001873397269 0.22964686148962968 0.5772566891278396 0.25593124776394055 0.48129143393467166 0.21150686591170106 0.46498845869387023
0 0.12413542175292969 0.5651001873397269 0.2174301534298845 0.595412260620281 0.20040080095243412 0.6483969377854073 0.15079358065152523 0.6261656148502436 0.1134030684103615 0.6243130185986034
0 0.24663542175292968 0.3458101873397827 0.29332176000510435 0.3585935819257882 0.26481611803362987 0.4564114486356401 0.21743015342988453 0.4452957948005802
0 0.19114570614798776 0.3289517976588448 0.23557008800022727 0.34229059905246495 0.21039628381880873 0.4438136811631629 0.1648612893698839 0.42676964910365284
0 0.1381354217529297 0.3143101873397827 0.18559267366835425 0.3259876314441856 0.1570870316968799 0.42158234296295527 0.1085904239926563 0.41268982905393364
0 0.10263542175292968 0.4338101873397828 0.15005317733770054 0.4481033005442893 0.12006672873857674 0.545550623579743 0.07122474041507092 0.5336939129259745
0 0.15470542175276206 0.4513101873397828 0.20338724287131124 0.46477679656192306 0.17747305062796445 0.5607420593876129 0.12860624889277675 0.5466621935427621
0 0.04570542175276206 0.41831018733978276 0.09454754393787596 0.4306887553404688 0.06752270859405096 0.5292476483389418 0.017545309514074417 0.5140562430611595
0 0.005705421752762056 0.5313101873397827 0.09417734990691183 0.5562957948005801 0.07973941665379612 0.6115035660966132 0 0.5903837978594249 0.0003624491332619684 0.5518494996834598
0 0 0.40481018733978275 0.037752961374425686 0.4219528713723096 0.009987737968672467 0.5082845253076596 0 0.5093960952706788
0 0 0.3773101873397827 0.04441663695453738 0.3915700608167452 0.07699450477799584 0.2959753264004097 0.029978703701421635 0.2833775741929763
0 0 0.27281018733978274 0.021464027462696437 0.2778197396429244 0 0.35155366426840673
0 0.08377542175259442 0.2983101873397827 0.12919311379944648 0.3119077884969006 0.10216830895941438 0.4093551191648762 0.05552273241759727 0.39416369862205014
0 0.06827542175259442 0.0013101873397827113 0.0551525078828402 0.021147309706233557 0.13289514562046645 0.04745439171664145 0.15399672394990094 0.00002754146904513366
0 0.16066039953001254 0.0011391114320642793 0.14770327290454627 0.04597229334426797 0.20138271905743926 0.06005214392407484 0.20952720126520027 0
0 0.21767165296916852 0 0.20249333165412448 0.06153422703140447 0.24913890819594162 0.07264989613150824 0.2669086487353203 0
0 0.27977542175259446 0.00031018733978271484 0.36353167011280335 0.011884267387857559 0.32799218903404614 0.06042265706838536 0.2909718708238465 0.039302888831196946 0.2783849687331372 0.08080138375190893 0.2569131658689457 0.07561406234616753
0 0.6721354217529297 0 0.6925452526564022 0.07412226062033678 0.718459475403542 0.07634540054637506 0.7114256362962591 0.040775268585069295 0.722531731759319 0
0 0.7276354217529297 0.0043101873397827185 0.791759662754427 0.01780288883119693 0.7739899222150484 0.09042523586113813 0.726233733076546 0.08042113672405346 0.722161507224562 0.05818982905393361
0 0.8081354217529296 0.022810187339782715 0.8794977833584278 0.04040475544075881 0.8602472361913999 0.1108039778097056 0.7910192746924989 0.09672412722989866
0 0.8891354217529297 0.04231018733978273 0.9561298084993688 0.05744877223522496 0.937989873929026 0.1285890514228804 0.8683917183991611 0.11265657406134569
0 0.8281354217529296 0.0008101873397827219 0.8583962355327864 0.00935921830196083 0.8617280428190494 0
0 0.8721354217529297 0.00031018733978271484 0.8680214938644039 0.010841301409290443 0.9035610054469541 0.017510705922361515 0.910965069088994 0.00046668912789532113
0 0.9183691327310339 0.00046668912789533224 0.9083736498646593 0.018992789029691128 0.942062130284803 0.026773748240737447 0.9513171640816637 0.0015782590909144733
0 0.9501354217529296 0.02881018733978273 0.9642743212109229 0.0008372022722058126 1 0 0.9975926381038954 0.028255846613110914 0.9953714129105249 0.04048307041119001
0 0.9646354217529297 0.06281018733978272 1 0.06819391292597439 1 0.14489199613359405 0.9442833554781737 0.13192376131193784
0 0.9435429064086596 0.15762530130900046 1 0.16948201196276905 0.9850056750056004 0.24580958202607825 0.9209605519553687 0.2276539952685929
0 0.8596354217529297 0.13981018733978273 0.9316964533874645 0.15243800280082484 0.9154074889719422 0.22580138375190892 0.8450689148763559 0.21357415995382986
0 0.7836354217529297 0.12081018733978272 0.8543239791770094 0.13539397074131482 0.8395158823967225 0.20986892165541804 0.7647348884181879 0.19319543327030622
0 0.7276354217529297 0.18581018733978272 0.7551095690789844 0.19060178019995747 0.7754707288426979 0.1164973347976428 0.6980983156398287 0.09537757419297631
0 0.7391354217529298 0.2108101873397827 0.7580712128380763 0.21267645411295397 0.8021253701555588 0.35940323509642697 0.7891682435300925 0.35940323509642697
0 0.7691354217529297 0.21581018733978272 0.7876874369024429 0.2204574247727832 0.8247077551126426 0.36496106964647895 0.814342047711511 0.3668136811631629
0 0.8006354217529297 0.22331018733978272 0.8443284963106348 0.23342570538957094 0.8424774956520212 0.37496518404860735 0.8335926253823319 0.3723715157132147
0 0.9056354217529298 0.2503101873397827 0.9372494858670979 0.25825068139508345 0.9050418120746037 0.3897860456519913 0.8713533316544597 0.38163458856167837
0 0.8561354217529297 0.23881018733978274 0.8965271358358783 0.24972866536532842 0.8687619124301251 0.3805230185986592 0.8572856229361011 0.375335681927874
0 0.9436354217529296 0.2588101873397827 0.9746399981082616 0.2671432105691489 0.9465045806715443 0.39756702012808154 0.9187393267619981 0.39237971398738397
0 0.8666354217529297 0.40231018733978274 0.9135564883133287 0.41238789699650935 0.8980079424635277 0.46287523586113805 0.8546942037117664 0.4491659289557293
0 0.9206354217529298 0.4132601873397826 0.9679763225281499 0.422488326168489 0.9520576131511777 0.476955086440945 0.910965069088994 0.4647278473778221
0 0.9721354217529297 0.4307601873397826 0.9639040661723729 0.4806603094743129 1 0.4954812168728284 0.9990734142277519 0.432862953714928
0 0.9726354217529297 0.5173101873397827 0.9990734142277521 0.5205700608167452 0.9964819950034172 0.5931924231117303 0.9898183804308914 0.6235752031372069 0.9479853567954006 0.6080132847151144
0 0.8951354217529297 0.5943101873397828 0.9357686487356557 0.6080132847151143 0.9664955464042935 0.509824904860952 0.9209605519553686 0.49796819420718336
0 0.8606354217529296 0.4803101873397827 0.9179989081962769 0.49648611109985374 0.8906038788214877 0.594674490954016 0.8620982673538063 0.5857819465149067
0 0.9709379357834487 0.39771333489793276 0.9916693505857119 0.41031108710536623 1 0.4029006563036742 0.9972223830653455 0.2768409033313063
0 0.9383894259006681 0.7384842023306901 0.9985421261394789 0.7549224418097944 1 0.8533304737225 0.9514384332101463 0.8359374346415845 0.9464079117331465 0.7645343909109029