0 0.4428116826750737 0.43104477233501187 0.46892393923571357 0.45047977476252327 0.4805911501659448 0.43382120996830253 0.4539232656273722 0.4154967673427265
0 0.2783598399233545 0.31499003004522036 0.31336141167615095 0.3233193200680212 0.3005830668658488 0.36829748009059315 0.26558146459410376 0.3560811850068758
0 0.36596179199218754 0.3329670124053955 0.4055877821242381 0.34497547260216516 0.3700306129124576 0.4043910625637064 0.3450294902318886 0.37385034010579377
0 0.3544743723640808 0.3344250400984222 0.323917427688414 0.3255404625489633 0.31447257607517054 0.36385519512870895 0.3322511454215865 0.3694080398925286
0 0.5029617919921876 0.3279670124053955 0.5778177451501456 0.3416437550679068 0.5650394003398436 0.3699633274191867 0.49003603229813686 0.356636472533534
0 0.3114617919921875 0.4169670124053955 0.32669532342648866 0.42882363747976016 0.34169599703483 0.40494633483898357 0.32669532342648866 0.39217476747998886
0 0.3334617919921875 0.4399670124053955 0.3478073859699633 0.45325621239581393 0.3666971197153988 0.43271063491498624 0.34614065463090826 0.4154967673427265
0 0.2414617919921875 0.6624670124053955 0.2894714533946016 0.6264482171135743 0.3094723515390568 0.6497702322276929 0.2533587172427856 0.6886402370827159
0 0.3014617919921875 0.6174670124053955 0.35891899944121053 0.5836912148233254 0.38725361531883806 0.6075685022127212 0.32225069634935893 0.6442173874638732
0 0.37246179199218754 0.5769670124053955 0.43670026322099176 0.5226097699075004 0.4478119072111874 0.5353813525178759 0.3866980483788025 0.5886887873118679
0 0.4464617919921875 0.5129670124053954 0.46559047655760344 0.4942901975562204 0.4950362568342506 0.5309390675559916 0.47892438830794115 0.5509293575101613
0 0.49046179199218753 0.4769670124053955 0.5255931709909688 0.5020641924266727 0.5078146016445528 0.528162629922701 0.48003558322590917 0.49373491002956227
0 0.49003603229813686 0.43709575007562146 0.5144815270007731 0.44709089505270627 0.49781415257232525 0.46763647253353396 0.4800355832259093 0.455420185075507
0 0.5169617919921875 0.38146701240539554 0.5500387267315022 0.3860666199381303 0.5222597083128587 0.4388187824568449 0.4950362568342506 0.42549191231981126
0 0.48114671710598034 0.37385034010579377 0.5072590347045173 0.3777373375410199 0.4889248373801686 0.41827320497601717 0.4583679232234505 0.4077227724722743
0 0.5094617919921876 0.31696701240539554 0.5889293281024441 0.3344536173733563 0.6022633008906791 0.3127974800905932 0.5194817515368868 0.2922519026097654
0 0.5383715158012711 0.25615832013665235 0.6250420947732088 0.2772591775184478 0.6155972126410167 0.3016917600601921 0.5244819760730006 0.2811461825793644
0 0.5509617919921875 0.2469670124053955 0.6489320225358096 0.2705957500756215 0.6444874259776284 0.2400550276177089 0.6044856296887182 0.2300598826406241 0.6028188678307146 0.24616317515956754 0.5550389512676159 0.23672331008345046
0 0.6299617919921875 0.2929670124053955 0.6539322470719233 0.29724947509830785 0.6444874259776284 0.34444876235044114 0.6167083465210876 0.3400064773885569
0 0.6134617919921875 0.3874670124053955 0.6622659953240445 0.39109277732729725 0.6533766801318879 0.415525352243351 0.6044856296887182 0.40886193242621516
0 0.6284617919921875 0.4289670124053956 0.648376455595774 0.4326820500143617 0.6489320225358096 0.48876592244164435 0.621153004117166 0.48210248737312755
0 0.56670610115995 0.5220544823808422 0.5950407475565263 0.5364919123198113 0.5705951918159928 0.5831359272966674 0.547816397933463 0.5575927773272972
0 0.5214617919921875 0.6319670124053955 0.5361491870032319 0.6463813525178759 0.5161482888587767 0.6630399173120967 0.5005920483103997 0.6497130624264439
0 0.49796179199218754 0.6054670124053955 0.5178150507167804 0.6230593374037574 0.4894804043202042 0.6413837800293334 0.47225746295172094 0.62528048751039
0 0.5104617919921876 0.5969670124053955 0.5333712912651571 0.6230593374037574 0.565594967279879 0.5941844775258194 0.5383715158012711 0.5658648975488489
0 0.6019617919921876 0.5454670124053955 0.6294867523692871 0.564199042594565 0.6044856296887182 0.5941844775258194 0.5872626272823377 0.5764153224269014
0 0.5669617919921875 0.6044670124053956 0.5844847315442631 0.614730055006647 0.5589279808857617 0.6424943398312689 0.5467052030154949 0.6413837800293335 0.5405938445993101 0.6297227724722743
0 0.5764617919921875 0.13646701240539552 0.6078190923668283 0.13630233511350842 0.6111525550449385 0.1535161874343873 0.5750398494120711 0.1535161874343873
0 0.5699617919921875 0.16496701240539552 0.6189306753191269 0.16573248251810468 0.6233753329152052 0.18239106256370632 0.5672617291378826 0.17905933740375743
0 0.24346179199218748 0.9989670124053955 0.36558598583532786 0.9611140949449299 0.3616968951792851 1
0 0.0814617919921875 0.9999670124053955 0.12668634198193754 0.9783279320144278 0.1272419241814473 0.9994287970219138
0 0.48846179199218753 0.9519670124053955 0.7433807217819358 0.928907509907043 0.7217131228173743 0.9766620846858342 0.5300378285870471 0.9988735247466363 0.48281347896398397 0.9988735247466363
0 0.49746179199218754 0.8934670124053955 0.6133748838429777 0.8678546346404614 0.7161572703033277 0.7956674849456161 0.8144950602054969 0.7867829150218475 0.7856048468688851 0.8456432098310401 0.49559182377428607 0.9111669397087495
0 0.7514617919921875 0.9164670124053955 0.7783822935347324 0.8578309200141327 0.4905915992381724 0.9222440900899069 0.4911471661782078 0.9433449245946309
0 0.8124617919921876 0.8454670124053955 1 0.8467537848843564 1 0.8989506446250322 0.7848389512676159 0.9028376420602582
0 0.7767617919921876 0.9149670124053955 0.9526242566974454 0.9100563646554332 0.928178700956912 0.9800223794950269 0.7503929464548551 0.9700272345179419
0 0.7376146016445528 0.9982896523193537 0.7459482888587767 0.9782993623651842 0.9237340433608339 0.9916262325022178 0.9204005806827235 1
0 0.6122617919921877 0.9989670124053955 0.7126134789639839 0.9899603546708624 0.7115022840460158 1
0 0.8447617919921876 0.7829670124053955 0.9931816199263911 0.7751219074647884 0.999293039380473 0.8328716424720455 0.8198405230204124 0.8362033523806136
0 0.8617617919921876 0.6079670124053955 0.9881813953902773 0.6408284925026753 0.982625603914128 0.6730350622891814 0.8531753329152053 0.6702586399072716
0 0.8427617919921877 0.49346701240539553 0.909288997730425 0.5159463348389836 0.8459527795810524 0.5592586399072716
0 0.9992617919921877 0.6464670124053956 0.9937371868664264 0.6458832347924668 0.99207048604632 0.6730922473418113 0.999293039380473 0.6736475196170886
0 0.9002617919921877 0.4859670124053955 0.9331789254930257 0.49931635494538734 1 0.4421219074647884 0.9259563721588729 0.4138023351135084
0 0.8452617919921878 0.39296701240539555 0.9181782518846844 0.40936005015162413 0.8887324716080375 0.48376834995310203 0.8498418702370952 0.4726626299227009
0 0.8898436665260054 0.3089104674039862 0.9370680161490685 0.32223733754101985 0.9315122246729192 0.3827634949301868 0.8770653217157031 0.3677707774645596
0 0.9507617919921877 0.3229670124053955 1 0.34611462493041556 0.9981818444625048 0.40441964746433084 0.9448461364232569 0.38887164247204553
0 0.9017617919921876 0.26046701240539555 0.9881813953902773 0.2850903498158396 0.9792921412360179 0.30952293998327435 0.8981773537402293 0.2873114999224722
0 0.9162617919921877 0.21946701240539554 0.9837367377941989 0.23903020726626623 0.9776253793780143 0.26068635980041027 0.9109556985505316 0.24069606984624062
0 0.8947617919921876 0.1879670124053955 0.9354012542910649 0.20016020241124333 0.9687360641858576 0.10242989512133746 0.9265120001368055 0.08743717765571024
0 0.9765142454979433 0.1085380350375057 1 0.11686732506030649 0.9981818444625047 0.18572277247227426 0.9854034996522025 0.21792935751016124 0.9409570457672142 0.2034919123198113
0 0.9222617919921876 0.05996701240539551 0.9737362887219715 0.08416262992270092 0.9965151436423985 0.033076329983960644 0.9204005806827235 0.0003144650451059494 0.9309565966949868 0.03474219256393507
0 0.007961791992187503 0.6209670124053954 0.027968503906173937 0.5959487623504411 0.07297055525014655 0.6392610674187291 0.055747552843766035 0.6614725074795313
0 0 0.5704670124053954 0.02296827937006015 0.5909511898618987 0.0024118142855695467 0.6164943398312688 0 0.6159390675559916
0 0.5541032751160888 0.4061839322889527 0.5785488308566222 0.42228722480789616 0.5574367377941988 0.45449380984578314 0.535213571889602 0.4422775147620657