0 0.2649617919921875 0.6109670124053956 0.3616968951792851 0.5520971023647266 0.37558643490755544 0.574863814700806 0.28113773566142913 0.6287265370214561
0 0.37296179199218754 0.5474670124053955 0.49281392803621155 0.47657821225855157 0.5072590347045174 0.49601322993744396 0.38892034665789316 0.5665345170523147
0 0.4622570138794933 0.545988954822868 0.5200373795148195 0.5098953723497549 0.5389270827413065 0.5393255045029701 0.5583724139457261 0.5398808072810093 0.5639282054218753 0.5593158249599015 0.4889248373801686 0.6031834023034668
0 0.3064617919921875 0.6294670124053955 0.38003106198468517 0.5865248070064843 0.40003196012914016 0.585969534731207 0.43670026322099176 0.5615369445637723 0.45336769868733673 0.5815272345179419 0.32225069634935893 0.6576013968993942
0 0.4504617919921875 0.5949670124053955 0.4500342360092266 0.6259501146395463 0.3500297147680025 0.682033987066829 0.324473025147398 0.6648201194945692
0 0.5834617919921875 0.5634670124053955 0.5961518814365971 0.5870801097845234 0.6222641990351343 0.5715320895408571 0.6361536777255075 0.5798613871893484 0.7178240321613315 0.531551509632518 0.6789333697524921 0.5087847972964386
0 0.5549617919921875 0.49446701240539553 0.5683728630179535 0.48601808496035914 0.6622659953240444 0.5082295250211613 0.583373536626295 0.549875952258094
0 0.4729617919921876 0.6254670124053955 0.564483833399808 0.5720873923188962 0.583373536626295 0.6054045219073376 0.4894804043202042 0.6592672747307498
0 0.4624617919921875 0.6319670124053955 0.4817022840460157 0.664264847219292 0.3816978238426888 0.7175722667619031 0.35614110370313584 0.6920291320439139
0 0.6514617919921875 0.2209670124053955 0.7022677916129545 0.24516693970874948 0.7389360641858573 0.21518150477749512 0.7006010297549511 0.18963835480812496
0 0.7504617919921875 0.22196701240539554 0.7894939375249281 0.2596043848990994 0.7656039487244302 0.28625809467040503 0.7128238076252177 0.25294093457920175
0 0.1064617919921875 0.09746701240539551 0.19557832108851084 0.0830806397700092 0.20613436761972245 0.10084977961754622 0.12390844624386288 0.1408303595258854
0 0.7004617919921876 0.26096701240539555 0.7539367377941989 0.293974934990989 0.7394916921637902 0.31063351503659065 0.690045013742688 0.2745399173120966
0 0.3949617919921875 0.25546701240539554 0.40836567786231276 0.2695423448235542 0.40336545332619894 0.2850903498158396 0.4183661269345403 0.2967513573728988 0.43336680054288157 0.290087922304382 0.43336680054288157 0.3117440900899069 0.3828089577227598 0.35394578960211687 0.3728085086505322 0.35394578960211687 0.37225294171049667 0.3356213774793026