0 0.3589617919921876 0.11246701240539551 0.4239799552479766 0.13892261258696464 0.42842461284405486 0.1833454850828785 0.35342124480234816 0.15835762264016653
0 0.3559617919921875 0.1724670124053955 0.4289801797840904 0.19722762749518946 0.40731258081952876 0.24220577989207107 0.3506433490642735 0.21999433983126893
0 0.44046179199218755 0.13946701240539552 0.5062058766238362 0.1666869050372769 0.5039836088636942 0.21166505743415853 0.44009182377428613 0.1833454850828785
0 0.43796179199218754 0.2039670124053955 0.5073170715418044 0.23054477233501186 0.5039836088636942 0.28274166257844924 0.41842416377182734 0.24831392743392974
0 0.3164617919921875 0.2994670124053955 0.4373139280362115 0.32994093457920165 0.41842416377182734 0.4154549696624615 0.2867515944938141 0.39490937693025285
0 0.4449617919921876 0.3434670124053955 0.5078726384818399 0.3626456373424978 0.47731572432512165 0.4859190869760833 0.4206464925698664 0.48314266459417354
0 0.1544617919921875 0.45296701240539555 0.20008101552187618 0.4664554996479474 0.19396965710569142 0.5253158249599017 0.14785647188164786 0.5242052499065852
0 0.2124617919921875 0.47146701240539557 0.28008463861864524 0.4803090724110146 0.2750844140825314 0.5352823697849809 0.20674800191599363 0.528063647189806
0 0.2864617919921875 0.4809670124053955 0.36508845573257936 0.4869725074795314 0.3578659023984265 0.5413905173268396 0.2823069368977357 0.5341717947316647
0 0.3774617919921875 0.48996701240539553 0.46064828885877673 0.4975229399832743 0.45009227284651365 0.5441669397087494 0.37175544212669676 0.5397246699982462
0 0.3728665760067679 0.5690690474495879 0.4150907010937172 0.569624334976246 0.40397905710352155 0.6262634949301868 0.36064379813650105 0.6251529198768706
0 0.3064617919921875 0.5654670124053955 0.35953263373748157 0.5685137599229297 0.35342124480234816 0.6179342125330765 0.29897437236408075 0.6157130624264439
0 0.2559617919921875 0.5604670124053955 0.29897437236408075 0.5657373375410198 0.28564043009479445 0.616268349953102 0.24397190246682926 0.6134919123198113
0 0.1969617919921875 0.5589670124053956 0.23952724487075092 0.5612950525791356 0.23341585593561756 0.6140471998464695 0.1861915063125544 0.6123813525178758
0 0.1444617919921875 0.5459670124053955 0.17896898349735008 0.5474128949154439 0.18008011737742105 0.5851723399685312 0.16341271243002467 0.587393490075164 0.15841248789391088 0.6146024873731275 0.1367448584104007 0.6107154899379015
0 0.06246179199218751 0.5354670124053955 0.1367448584104007 0.5418600501516242 0.12618881187918907 0.6096049148845852 0.05007427943846285 0.6096049148845851
0 0.0015717919922433766 0.5314670124053955 0.047968941778955276 0.5351966150831073 0.03852405964676324 0.6107154899379015 0 0.6107154899379015
0 0 0.6464670124053956 0.06519191366638716 0.6512513573728989 0.049080106177974835 0.8039549696624616 0.023523386038421867 0.8039549696624616
0 0.07457179199224338 0.6494670124053955 0.13741738597001923 0.6512513573728989 0.08852630500790099 0.8050655447157777 0.05796939085118284 0.8039549696624616
0 0.14607179199224338 0.6499670124053956 0.22464356240094113 0.6545830672814668 0.17741918225892944 0.8139501146395464 0.09408212700299887 0.8095078144262812
0 0.2355717919922434 0.6534670124053954 0.31575873793106013 0.6534725074795315 0.26575649256992234 0.8217241095099985 0.1824194067950432 0.8150606896928626
0 0.3250717919922434 0.6559670124053955 0.3568717291379385 0.655693642334783 0.31742549978906376 0.8189476871280889 0.27631250858218537 0.8189476871280887
0 0.3700717919922434 0.6559670124053955 0.4090963032971155 0.6562489298614412 0.36631655023223353 0.8206135344566823 0.32187015738514213 0.8222794122880376
0 0.3490717919922435 0.8604670124053955 0.4279860065236024 0.8616189499678449 0.3879842102346923 0.9987745572651224 0.3107585133949464 0.9943322570518572
0 0.26007179199224345 0.8629670124053955 0.33687083099348347 0.861063647189806 0.3040915270008289 0.9882241095099985 0.2301993538770904 0.9837818397994951
0 0.20908729133361573 0.8588424970831734 0.2502002520215455 0.8627295250211613 0.2174210090667882 0.9848924148528114 0.1757524509198744 0.9782289645329136
0 0.1280717919922434 0.8389670124053956 0.1996424092014237 0.8510685022127212 0.169641061984741 0.9765631172043203 0.11408302514745397 0.9737866948224103
0 0.029071791992243377 0.8309670124053955 0.11463859208748946 0.836075784747094 0.10519374047424597 0.9698996973871842 0 0.9649021248986418 0.0007445921558921409 0.9154816722884951 0.043524284182876995 0.8954913823343256
0 0 0.9814670124053956 0.04130195538483784 0.9837246699982461 0.0429687172428415 1 0 1
0 0.051571791992243377 0.9859670124053956 0.105193740474246 0.9909433620906593 0.10408257607522639 1 0.05130240445706542 1
0 0.8486817919921594 0.2182870124053676 0.8587056296886901 0.29941520483872686 0.835926774768263 0.2871989250063903
0 0.7737017515368586 0.5637969348537265 0.8264819536739683 0.5893400695717158 0.8225928630179254 0.6204360795562864 0.7670348261806386 0.6026669397087494
0 0.8536817919921594 0.5209670124053954 0.9131524716080088 0.5104894848083537 0.9159303673460835 0.5526912148233255 0.8514830763545373 0.5699050823955852
0 0.8871817919921594 0.46846701240539546 0.9137080995859415 0.46606661993813026 0.9192638910620908 0.4993837800293335 0.8853734531893653 0.4999390675559916
0 0.9066817919921594 0.3249670124053955 0.9453761476227308 0.3223333475255906 0.9453761476227308 0.3351049148845852 0.9225973537402009 0.38063835480812486 0.9025964555957461 0.3795277797548086