0 0.011135421752929666 0.06681018733978272 0.05853395093122405 0.10610178019995749 0.04668743690244306 0.15241703758696887 0.005965117375016394 0.14908234296295525
0 0.020135421752929688 0.014810187339782711 0.10036688305533595 0.08164730970623356 0.115915398401344 0.045706672233139206 0.04705766143720012 0.001985041202649862 0.01707121283807627 0.0008734750558916727
0 0.012635421752929688 0.05781018733978272 0.07297185368054686 0.10499021023693832 0.09370323797901721 0.08201783048306595 0.015220181675669808 0.019399590222731317
0 0.1431354217529297 0.6298101873397828 0.1633013935088824 0.633312607449698 0.18403277780735272 0.5473514666586586 0.17107568168567938 0.545869375918807
0 0.2121354217529297 0.5423101873397828 0.2588138632972661 0.5418719699766037 0.2366016113635604 0.629685729916849 0.1955090978051696 0.6319088545778435
0 0.1711354217529297 0.6293101873397827 0.1910666474184285 0.6303484336025168 0.2014323243157672 0.5651365288230505 0.18773477912457973 0.5643954910856466
0 0.2646354217529297 0.5428101873397827 0.2939830893374733 0.5422424831209142 0.2980553456932503 0.6174584908537261 0.24215470485077972 0.6252394653298162
0 0.30323818414191966 0.5407604000135845 0.33063321351670877 0.5403898716042302 0.33100340754767305 0.5666969459821162 0.3484029540560874 0.5674380028008248 0.35691759979101967 0.612641697857339 0.3039785722038478 0.6196816307797643
0 0.3066354217529297 0.4378101873397828 0.3321140506481511 0.4356887553404688 0.3339650208029718 0.4712588720367307 0.34396050366934633 0.48052192962015056 0.34099889041404746 0.5160920615814564 0.2965745695693938 0.5149804916184373
0 0.23463542175292973 0.5193101873397827 0.2854684436025411 0.5183151862424508 0.2999063768556567 0.4342066722331392 0.2543714129105249 0.4342066722331392
0 0.2136354217529297 0.43231018733978277 0.25474154593390325 0.4312424831209142 0.22993793578344873 0.5205383261684892 0.18033074598633278 0.5201677977591348
0 0.25563542175292975 0.4118101873397827 0.3198973425884059 0.41176146609452746 0.3258205690990035 0.3624820119627691 0.3069401854591467 0.3565536642684066
0 0.3336354217529297 0.3653101873397827 0.4075506345287725 0.3728566242441642 0.39496367143047734 0.40398049161843724 0.32906754772163227 0.40657415995382984
0 0.3765054217530414 0.4308101873397827 0.42013747561189596 0.43176964910365284 0.4153248922017766 0.5125434990190385 0.3723812864733935 0.5106908722373107
0 0.42700542175304146 0.4352401873396711 0.46524713583599 0.43648776340537965 0.4600642973873207 0.5150384581296832 0.4245248163085634 0.5150384581296832
0 0.40685542175304135 0.4057401873396711 0.46820874909128885 0.40906911143195257 0.4704299742846594 0.37201689636331714 0.42637581696717697 0.3660885410364329
0 0.4768554217530414 0.36824018733967107 0.5178159998959906 0.3734989871031687 0.5170755508264765 0.4138858967958178 0.4745022306404363 0.4116627645023014
0 0.5273554217530414 0.3767401873396711 0.6018521191827645 0.38239152390975617 0.5974096687960233 0.4183321690153724 0.5248498084994805 0.4127743344653205
0 0.6438554217530413 0.3857401873396711 0.6756405103497605 0.3842441354264401 0.6774914805045811 0.42722469818943787 0.6404712233019674 0.4238899959329024
0 0.6078554217530414 0.3812401873396711 0.6362810181686293 0.3838736070170858 0.6377617332848999 0.4231489620117595 0.6055541204999915 0.42055530130888874
0 0.6860061872470992 0.3886904000134729 0.7562954155453699 0.3909135399395111 0.7559252215144059 0.43167097040899255 0.6837356162564131 0.426483664268295
0 0.7616554217533208 0.3932401873396711 0.8295956028962551 0.3961008384476868 0.8281148267723987 0.4368582765496901 0.7588868957772905 0.43204149881834686
0 0.47605173175971005 0.4375993333683988 0.5127018254351526 0.43796984651270926 0.506408343886005 0.5194847227167159 0.46642641242050664 0.5194847227167159
0 0.5201554217533207 0.4397401873396711 0.5597175960079338 0.4409340279924124 0.552683726396858 0.5257836140854766 0.510480600241782 0.5231899457500839
0 0.5681554217533208 0.4417401873396711 0.6119162355331774 0.4427866242440526 0.5945166890247628 0.5265246403740974 0.5556453701559498 0.5239309873037488
0 0.6186554217533208 0.4472401873396711 0.65597039285066 0.44612133413311 0.6363496211488748 0.5291183239745341 0.6000697215043964 0.5283772518907814
0 0.6606554217533207 0.4497401873396711 0.6915098739294172 0.44760343250548346 0.667816876375648 0.5320824749241494 0.6430132662251935 0.5313414486355285
0 0.7281599981086526 0.4561254332701946 0.7748055441466769 0.45686647482385934 0.7544444453905494 0.5287477803001357 0.7040967760201265 0.5361582111018278
0 0.6937310991227877 0.4531612670555353 0.7170538721417999 0.4531612670555353 0.6970629064090506 0.5317119465147951 0.6737401333900386 0.5343056148501877
0 0.7836904449201592 0.4590895994848539 0.8207107631303588 0.45946012789420815 0.8040516046838724 0.5268951840484957 0.7651803163188524 0.5306003918168197
0 0.8251554217533209 0.4607401873396711 0.8849039264694187 0.460201169447873 0.8327052869441751 0.5235604894244821 0.8127143212114258 0.5235604894244821
0 0.8390754217534326 0.3967401873396711 0.9174817332852914 0.40128814458838435 0.8523259976383741 0.44167506954607716 0.8401093505862148 0.4394519296200389
0 0.8704659932163028 0.43796984651270926 0.9315495335150288 0.4401929711737037 0.9470980488610367 0.4109217305811585 0.9241454088654028 0.40573440917541703
0 0.7490754217534327 0.5593101873397828 0.7890212931538639 0.5489615239098679 0.7220145568483332 0.627141697857339 0.7083170421609387 0.6523372022722057 0.6998023659222135 0.6501140623461675
0 0.7072064295642534 0.5589656154144306 0.7383034907600624 0.5615592684847793 0.6957301400702295 0.6490025076481922 0.6794412061585002 0.6471498961315082
0 0.6190754217534327 0.6363101873397827 0.64019966275493 0.6408510200277917 0.6664840795330339 0.5548898716042302 0.6413102753516153 0.5515551693476948
0 0.6705754217534325 0.5563101873397828 0.7005427844879347 0.555630920790417 0.6738881431750738 0.6427036315444755 0.6487143389936553 0.6419625899908107
0 0.5925754217534326 0.5518101873397828 0.632425405081926 0.5515551693476948 0.6131748884186909 0.6389984085111076 0.5839287973777023 0.6364047554407588
0 0.5520754217534326 0.5463101873397828 0.5842990219124594 0.547108904760662 0.5724525078836784 0.6319584908537261 0.5354322201772717 0.6323290039980366
0 0.5050754217534326 0.5443101873397828 0.5432065083540687 0.5467383839838296 0.5309897697905306 0.6323290039980365 0.4928588542355422 0.6286237962297124
0 0.4590754217534326 0.5388101873397827 0.5002629178775821 0.5415510702106101 0.48989722572834693 0.627141697857339 0.4539875353667291 0.6249185579313008
0 0.45507542175343263 0.5368101873397827 0.4476940843213745 0.6212133348979328 0.4188675941162513 0.6204722933442679 0.4236802232820601 0.537845854809764
0 0.37816542175337664 0.5343101873397827 0.4136847404156855 0.5352521941068934 0.41146353047421136 0.6193607233812488 0.3822174851889123 0.6163965571665895
0 0.43366542175337663 0.35131018733978275 0.5265966957048979 0.35482900399803663 0.5606553701560056 0.23922609038883663 0.4984612477643875 0.23403877661561712 0.4451519956424586 0.2870234499644824
0 0.5661654217533766 0.2383101873397827 0.5902715942203725 0.24033765653559477 0.5488088561272246 0.35519953240739083 0.5306689215568818 0.35631108710536624
0 0.5965650452657271 0.23996712812624046 0.6128539791774563 0.23885556197948227 0.5758336914710496 0.35816369862205016 0.557693726396914 0.3566816307797643
0 0.6471654217533767 0.2433101873397827 0.7205830960179992 0.24589549108564668 0.6846733599006919 0.3711319945038818 0.607671140728787 0.3652036315444755
0 0.6231654217533766 0.2428101873397827 0.6395086204903171 0.24219026423601778 0.603969108907767 0.3611278953667971 0.585088755771703 0.36223946532981627
0 0.7241654217533767 0.24681018733978274 0.7986959277865896 0.25145332181943764 0.7646372228316887 0.37002042454086265 0.6928178726122459 0.37002042454086265
0 0.8094318597224782 0.2540469710735254 0.8383077262287096 0.2540469710735254 0.8035085722042947 0.37594877223522494 0.7727817355432427 0.37298459075552187
0 0.9289454217532657 0.38781018733978273 0.9768483892753701 0.38817599603330405 0.9998010292710039 0.3348208057238673 1 0.2510827934100833
0 0.965001936254175 0.2662742025041264 0.980550451600183 0.2662742025041264 0.9287220061059034 0.3792834668592386 0.9124330721941744 0.3770603421982441
0 0.9439003274209474 0.26293950788011283 0.9568574235426209 0.2629395078801128 0.9020673952968356 0.37928346685923864 0.8905911058028115 0.3796539952685929
0 0.9239454217532657 0.26481018733978273 0.9387174889722781 0.2629395078801129 0.8842976547574571 0.3781718968962194 0.8720809466977117 0.3781718968962194
0 0.9069454217532656 0.2588101873397827 0.9183563292085648 0.2625689871032804 0.8654173016213931 0.37780138375190897 0.8498687557715922 0.37743085534255466
0 0.8739454217532656 0.26031018733978273 0.9016972012658714 0.2614574247727832 0.8446859173229226 0.3789129537149281 0.8295075960078787 0.3781718968962194
0 0.8106654217533767 0.3758101873397828 0.8220187008056017 0.3763192853795354 0.865047077086636 0.2599753264004097 0.8469071425162932 0.2566406241438742
0 0.9054249999999999 0.14780000000000001 0.9999750000000001 0.14780000000000001 0.9999750000000001 0.2235 0.9054249999999999 0.2235
0 0.80545 0.1423 0.89465 0.1423 0.89465 0.2187 0.80545 0.2187
0 0.876925 0.05330000000000001 0.9686750000000001 0.05330000000000001 0.9686750000000001 0.1268 0.876925 0.1268
0 0.9754249999999999 0.056825 0.9999750000000001 0.056825 0.9999750000000001 0.129075 0.9754249999999999 0.129075
0 0.755925 0.140825 0.797275 0.140825 0.797275 0.21537499999999998 0.755925 0.21537499999999998
0 0.711425 0.136825 0.749175 0.136825 0.749175 0.213175 0.711425 0.213175
0 0.6109499999999999 0.1313 0.70105 0.1313 0.70105 0.2087 0.6109499999999999 0.2087
0 0.6839749999999999 0.0378 0.769925 0.0378 0.769925 0.114 0.6839749999999999 0.114
0 0.781425 0.043824999999999996 0.8731750000000001 0.043824999999999996 0.8731750000000001 0.12107499999999999 0.781425 0.12107499999999999
0 0.921325 0 0.964975 0 0.964975 0.0233 0.921325 0.0233
0 0.970925 0.00030000000000000024 0.9999750000000001 0.00030000000000000024 0.9999750000000001 0.024400000000000005 0.970925 0.024400000000000005
0 0.873925 0.0013250000000000007 0.914275 0.0013250000000000007 0.914275 0.018875 0.873925 0.018875
0 0.83095 0 0.86875 0 0.86875 0.0148 0.83095 0.0148
0 0.7829249999999999 0 0.818775 0 0.818775 0.0159 0.7829249999999999 0.0159
0 0.73795 0.00032500000000000085 0.77545 0.00032500000000000085 0.77545 0.010375 0.73795 0.010375
0 0.685975 0.0008000000000000001 0.728825 0.0008000000000000001 0.728825 0.0085 0.685975 0.0085
0 0.58355 0.035325 0.6739499999999999 0.035325 0.6739499999999999 0.10707499999999999 0.58355 0.10707499999999999
0 0.48705 0.025825 0.57765 0.025825 0.57765 0.100775 0.48705 0.100775
0 0.5005454217532652 0.12381018733978273 0.6035466718810725 0.1264517976588448 0.6024360592843871 0.19981518624245076 0.5109959068593664 0.19870363154447554 0.5106257128284022 0.1464599959330141