0 0.5269617919921875 0.37446701240539554 0.5533721894096123 0.3732950525791356 0.5511498606115731 0.40605690989229987 0.5644838333998081 0.41882849250267534 0.5644838333998079 0.45547736250244664 0.5167038557988122 0.4554773625024465
0 0.4769617919921875 0.37346701240539554 0.5172594837767448 0.37273976505247747 0.5089257355246238 0.45936435993767266 0.4555900274853758 0.4571432098310402
0 0.4374617919921875 0.37196701240539554 0.47336859683179183 0.3721844775258194 0.44947860803129397 0.45936435993767266 0.397809631331101 0.4588090724110146
0 0.42996179199218754 0.4824670124053955 0.47392416377182733 0.48157578474709395 0.4583679232234505 0.5648686697237213 0.4161437981365011 0.56820039488367
0 0.4809617919921875 0.4814670124053956 0.5117036312626984 0.48157578474709395 0.5139259600607375 0.5637580946704049 0.4639237146995998 0.5665345170523147
0 0.5229617919921875 0.4824670124053955 0.5494830987535695 0.4871286600136754 0.5494830987535695 0.507118949967845 0.5683728630179536 0.5076742222431223 0.5750398494120711 0.5537629496933202 0.5244819760730006 0.5598710972351788
0 0.5999617919921875 0.3714670124053956 0.6389315734635822 0.37162918999916117 0.6328202150473973 0.45270092486915586 0.5939295526385581 0.4515903498158396
0 0.4109617919921875 0.4814670124053956 0.4266998141487642 0.48157578474709395 0.40725451346329317 0.56820039488367 0.3894759441168772 0.5698662422122636
0 0.38796179199218755 0.4834670124053955 0.4044766177252185 0.48324166257844925 0.38225339078272424 0.5693109699369865 0.36558598583532786 0.572087392318896
0 0.6009617919921876 0.4759670124053955 0.6328202150473973 0.47879936236518417 0.6294867523692871 0.5576499471285463 0.6039300017107856 0.5576499471285462
0 0.6444617919921876 0.4784670124053955 0.6750443401343467 0.47879936236518417 0.6655994580021545 0.5587605221818626 0.6383760065235466 0.5598710972351788
0 0.6844617919921876 0.4809670124053955 0.7167128982812605 0.48213108752513306 0.7044901204109938 0.5648686697237213 0.6767110409544531 0.5615369445637723
0 0.7254617919921875 0.4859670124053955 0.7594925903082455 0.48601808496035914 0.7500477081760532 0.5687556671589474 0.7183795991013668 0.5676450921056311
0 0.7709617919921875 0.48996701240539553 0.8044946111332694 0.4893497796175463 0.7911606383450345 0.5720873923188962 0.7594925903082453 0.572087392318896
0 0.8926517919922009 0.4974670124053955 0.9197294003398568 0.49656850221272114 0.8952838445993234 0.5837483846245745 0.87083828885879 0.581527234517942
0 0.8569617919921876 0.4904670124053955 0.8886168582052061 0.4960132299374439 0.8619490347045305 0.5826378095712582 0.8408369416421073 0.577640237082716
0 0.8129617919921875 0.49096701240539553 0.8539412895543717 0.49157092972417876 0.833384763431984 0.5776402370827158 0.8028278492752656 0.5759743897541223
0 0.9651517919922008 0.5044670124053955 0.9719539744990336 0.4971238049907602 1 0.49656850221272125 0.9997329929176773 0.5043424970831734 0.9452860899604613 0.5659792447770375 0.93361887903023 0.5904118044417105 0.9230628630179669 0.589301259891156 0.9391747315442764 0.5537629496933202
0 0.9266517919922009 0.5014670124053956 0.9586200017107989 0.5015660747012636 0.9119512800656685 0.5876353820598007 0.9019508309934409 0.5870801097845234
0 0.650651791992201 0.37446701240539554 0.6858299810225802 0.3755161874343873 0.6791630251474114 0.45381149992247216 0.6413835271375916 0.45270092486915586
0 0.6946517919922008 0.37946701240539554 0.7324987331866594 0.3788479125943362 0.7224982841144317 0.4582537848843565 0.6869411454215998 0.4571432098310402
0 0.7421517919922009 0.3804670124053955 0.7808342472087421 0.381624334976246 0.7675003049394558 0.46325135737289885 0.7352766594436827 0.4604749349909889
0 0.7921517919922009 0.38446701240539555 0.8291697307118763 0.3844007726095367 0.8125023562834284 0.46547250747953134 0.777500784530632 0.4638066448995569
0 0.8391517919922009 0.38596701240539555 0.8786164091329784 0.38662190746478836 0.8586155109885234 0.4688042173880993 0.8213916104376878 0.46769364233478306
0 0.946651791992201 0.3949670124053955 0.9947327683815635 0.396061764915215 0.9736206753191402 0.471025352243351 0.9236184299580024 0.474912364929958
0 0.9176517919922008 0.39196701240539555 0.9363967747683045 0.3921747674799889 0.9152847427437786 0.47047007996807383 0.8941726496813552 0.4715806397700092
0 0.8821517919922008 0.3899670124053955 0.9130624139457393 0.39106419242667256 0.8886168582052059 0.4732465023499836 0.860282272846527 0.4726912148233255
0 0.9981517919922009 0.4674670124053955 0.9813987955933285 0.467693642334783 1 0.3938406300599634
0 0.5561517919922009 0.30546701240539553 0.5508239185475082 0.34170092486915593 0.6147156731179678 0.345587922304382 0.6269384509882345 0.3167130624264438
0 0.47765179199220087 0.3514670124053956 0.5380455737372061 0.35114078231958246 0.5447125296123749 0.3006097699075004 0.5280451246649785 0.2945016223656417
0 0.6426517919922009 0.30946701240539554 0.6886078767606548 0.3094943398312689 0.6863855479626157 0.3478090724110146 0.6263828535292505 0.3472537848843564
0 0.6961517919922008 0.3149670124053955 0.7336098975856788 0.31393664004453403 0.7341654950446629 0.3516960698462407 0.6952748631547724 0.352806644899557
0 0.9061499999999999 0.32695 0.9719500000000001 0.32695 0.9719500000000001 0.36945 0.9061499999999999 0.36945
0 0.980675 0.3319750000000001 1.000025 0.3319750000000001 1.000025 0.37282499999999996 0.980675 0.37282499999999996
0 0.8631749999999999 0.325475 0.892525 0.325475 0.892525 0.366125 0.8631749999999999 0.366125
0 0.825625 0.32195 0.860275 0.32195 0.860275 0.36055 0.825625 0.36055
0 0.742675 0.31847499999999995 0.8186249999999999 0.31847499999999995 0.8186249999999999 0.358925 0.742675 0.358925
0 0.7076250000000001 0.000950000000000002 0.796375 0.000950000000000002 0.796375 0.04365 0.7076250000000001 0.04365
0 0.80415 0.000024999999999999466 0.8941500000000001 0.000024999999999999466 0.8941500000000001 0.048674999999999996 0.80415 0.048674999999999996
0 0.903125 0.000024999999999999466 0.995275 0.000024999999999999466 0.995275 0.050875000000000004 0.903125 0.050875000000000004
0 0.7246517919922009 0.06496701240539551 0.8241695061757625 0.06919849735769824 0.8219472384156203 0.14138566230392444 0.7347210619846984 0.1380539371439756 0.7319431662466238 0.08918878731186787
0 0.9241740579359352 0.07752777975480864 0.9186182054218887 0.14860438489909936 0.8325032544278835 0.1447173874638733 0.8347255832259226 0.0697537848843564
0 0.9302854163521198 0.07697250747953138 0.969176078760959 0.07641721995287322 0.969176078760959 0.14860438489909938 0.9269519536740098 0.14915965717437668
0 0.980651791992201 0.07846701240539553 1 0.07919364233478304 1 0.15526780471623536 0.9769541990351476 0.15360195738764182
0 0.7166517919922009 0.17396701240539553 0.7780563514706674 0.1757847972964386 0.7441659441168906 0.2951712647461789 0.6563842007459332 0.2890631172043202 0.6652735159380896 0.22798167228849514
0 0.8651517919922008 0.18646701240539554 0.9391747315442766 0.18689051732683962 0.9036175318135474 0.3073875598298963 0.8325032544278835 0.30350053189190845
0 0.8401517919922008 0.18196701240539553 0.8580599440484878 0.1813376420602582 0.8263918349738014 0.3001688372347213 0.8052798029492755 0.299058262181405
0 0.8146517919922008 0.17946701240539553 0.8325032544278835 0.17911652245638734 0.7986128165551579 0.2968371120747724 0.7769452175905964 0.2968371120747724
0 0.788151791992201 0.1774670124053955 0.8075021317473147 0.17745064462503213 0.7691670667974594 0.29628183979949524 0.7508328999920593 0.2962818397994952
0 0.9451517919922009 0.1899670124053955 0.9991774259776417 0.18966693970874945 0.9991774259776417 0.26574110209020174 0.9852878862493715 0.3134956768689932 0.9113956520877359 0.3068322570518573
0 0.003461791992187497 0.8674670124053955 0.06374418480205937 0.855493809845783 0.07263346947526736 0.8677101049295004 0.07485579827330652 0.9437842673109529 0.005963803907258889 0.9487818397994952
0 0.004461791992187507 0.9609670124053955 0.07763369401138115 0.9576664097232637 0.0876341430836087 0.9721038244108519 0.09152320322070288 0.9993128369601965 0.009297281844843307 1
0 0.15996179199218752 0.9389670124053956 0.18041608047173138 0.9371208169910551 0.18541630500784514 0.9598875598298963 0.1665265712624096 0.9621086794337671
0 0.1889617919921875 0.9364670124053955 0.19430558968105313 0.9609981043804509 0.21930671236162202 0.9554452596166311 0.21319532342648861 0.9315679722272354
0 0.17541585593561757 0.9804331220593432 0.20263930741422562 0.9776566996774334 0.20819509889037482 1 0.17874934913267626 0.9987575646849192
0 0.2369617919921875 0.9759670124053954 0.24875249263826912 0.9737697022422073 0.25708621037144164 0.9993128369601965 0.23930761050607707 0.9993128369601965
0 0.06896179199218752 0.6589670124053956 0.12319128177644063 0.6806645121972918 0.12596920803346381 0.5918187824568449 0.0709667076172637 0.5923740699835031 0.06041069160500067 0.5124128949154438 0.04818791373473395 0.5124128949154438
0 0.06896179199218752 0.49896701240539554 0.18041608047173135 0.5163284925026754 0.16319307806535088 0.5829627821823202 0.07763369401138118 0.5851839322889526
0 0.06996179199218751 0.4424670124053955 0.14763683751697404 0.45977508725060817 0.18652746940686465 0.4581092399220146 0.18486073806780964 0.5014215144875409 0.14319217992089575 0.5041979673722125 0.07096670761726372 0.4914263695104561
0 0.060961791992187514 0.40146701240539556 0.06596648308114995 0.4236815047774951 0.08318948548753041 0.42423680755553406 0.08374508294651449 0.4331213774793026 0.1559705552501465 0.4514457896021169 0.17097122885848784 0.4508905173268396 0.18374957366879005 0.4425612196783484 0.17763818473365667 0.4064676372052353
0 0.10596179199218751 0.3544670124053955 0.1648598399233545 0.3526049148845852 0.17430469153659797 0.39425135737289885 0.10374598109096958 0.3964725074795314
0 0.0489617919921875 0.31546701240539554 0.1281915063125544 0.32595118986189875 0.12708034191353482 0.3437203449608166 0.09707899469685217 0.34594149506744926 0.09430109895877756 0.38370092486915586 0.05596603400892239 0.38425621239581403
0 0 0.6439670124053956 0.049299078133753546 0.6540679722272352 0.0431876891986202 0.5935417995866876 0 0.5879889548228678
0 0 0.5199670124053956 0.029853762188808225 0.5185782122585515 0.040965375660055356 0.5824360795562865 0 0.5818808072810093
0 0.002461791992187501 0.47146701240539557 0.04040979346054556 0.4597179174493591 0.04207654005907492 0.49747736250244656 0.03263165792688285 0.5102489298614412 0 0.5124700799680738
0 0.002961791992187499 0.4004670124053955 0.03985421126103578 0.3975258974802177 0.04263210699911041 0.4319536173733563 0.018186566518051304 0.43806176491521504 0.01707540211903174 0.4569414950674492 0.0031858929097099776 0.4597179174493591
0 0.0009617919921875018 0.30546701240539553 0.028187015590278867 0.31034602269405476 0.036520733323451356 0.388086040029791 0 0.38753075250313285
0 0 0.2074670124053955 0.025409119852204235 0.20057092972417878 0.027631433390769074 0.2877508121360322 0.001519161570654899 0.291082537295981 0 0.2899719622426647
0 0.041520957859565125 0.19168635980041024 0.10263481669195001 0.1822465023499836 0.0748557982733065 0.3005223794950268 0.0426321069991104 0.2994118044417105
0 0.11696179199218751 0.1824670124053955 0.15819285352923707 0.17169606984624067 0.15541495779116243 0.2233376420602582 0.11374643016319715 0.2200059474030711
0 0.16746179199218753 0.17346701240539553 0.21430648782550818 0.1583692149605879 0.1970835159380763 0.2311116674334722 0.16319307806535088 0.2233376420602582
0 0.014461791992187507 0.08846701240539552 0.09374553201874203 0.11005933740375744 0.10096805483394639 0.16281149992247215 0.029853762188808232 0.17558306728146675
0 0.10646179199218751 0.11246701240539551 0.19708351593807635 0.14060005986166996 0.18541630500784512 0.1494846297854385 0.11485759456221672 0.1611456373424977
0 0.08996179199218751 0.25346701240539554 0.1726379601975429 0.26220767741804285 0.1687489000604487 0.31273867457874416 0.07707809655239706 0.3021882573263821
0 0.1499617919921875 0.23346701240539552 0.18041608047173135 0.2355539371439756 0.17374912459656255 0.25887595225809407 0.14597010617791895 0.2566548021514615
0 0.1144617919921875 0.22646701240539552 0.14541450871893488 0.22944578960211687 0.14208101552187619 0.25276780471623533 0.1104129369661384 0.2527678047162354
0 0.04696179199218751 0.0004670124053955149 0.03540956892443178 0.02907335723563637 0.06318858734307531 0.054061219678348336 0.10485714548998917 0.059614094944929794 0.1165243259012718 0
0 0.12446179199218753 0 0.12263571483640512 0.03851322993744391 0.1248580436344443 0.06239051732683963 0.15874845098822113 0.06738808981538207 0.17208236273855884 0
0 0.1764617919921875 0 0.1731935271375784 0.03518150477749504 0.17208236273855881 0.07016451219729185 0.2054172031523002 0.0768279320144278 0.21708441408253148 0.001309072411014549 0.22041787676064156 0
0 0.2344617919921875 0.009967012405395543 0.2765315110569127 0.04351080242598632 0.26930895772275976 0.08959952987618422 0.22486253435671982 0.09015480215146143
0 0.24096179199218748 0.0019670124053955363 0.2937545134632932 0.045731952532618865 0.3126442472087287 0.025186359800410257 0.28375406439106554 0
0 0.29996179199218753 0 0.32097793442295264 0.021854634640461404 0.3282004877571056 0.00019849735769826183