0 0.6621354217529297 0.4171435203552247 0.6963149449097585 0.42449021023693834 0.663366883055336 0.5545434990190385 0.6300485966661563 0.5478741097710114
0 0.6241354217529298 0.4066435203552246 0.6563330134442603 0.4144861110998537 0.6256061767832081 0.5460214829892835 0.5930283089597497 0.5404636331741878
0 0.583032826093375 0.3967010451192008 0.6178319191102041 0.40262940044608514 0.5874752459763232 0.5341647570704712 0.5515655708666019 0.5282364093761087
0 0.5460125078831755 0.3874380028008248 0.5778499876447057 0.3926253013090005 0.5456423443560043 0.5245312168728286 0.5115836394011035 0.5167502576617822
0 0.5715565365993511 0.28829469818954956 0.6381930788739174 0.30385662424416415 0.6211637263964671 0.3820368058241573 0.552305989432323 0.3638812190666719
0 0.6456354217529298 0.30864352035522463 0.7166761351772648 0.32534692089070694 0.6981659760721649 0.4016744909540161 0.6274571774418217 0.38425994575019556
0 0.49463542175292974 0.37564352035522464 0.5282427673437968 0.38106078882911115 0.4964053180860596 0.5125961607185411 0.46419764429356514 0.50592675620547
0 0.46663542175292977 0.5316435203552247 0.5152856712221233 0.5392737482407375 0.5026987691314142 0.5941110369225477 0.4560531773377005 0.5815132847151143
0 0.5216354217529298 0.5451435203552246 0.56711408621261 0.5522420593876128 0.5537867655561794 0.6074498459486898 0.5123240274630316 0.5978162904860034
0 0.5726354217529297 0.5536435203552247 0.621163726396467 0.5659513510279778 0.605615241554252 0.6241233343338015 0.560450441136291 0.610414012163349
0 0.714065421752957 0.5901435203552247 0.7305271425159845 0.5912219912517519 0.6875835672913945 0.7646263597574213 0.6683330506281593 0.7586980120630591
0 0.6440654217529569 0.7526435203552246 0.6616694055518405 0.7563965571665895 0.709055370155586 0.5882578097720489 0.6916558236471714 0.5852936359248676
0 0.6666354217529298 0.5766435203552247 0.6833578487880851 0.5818837978594248 0.6370824662772321 0.7508413510279914 0.617091500544483 0.7426898939376784
0 0.6236354217529297 0.5631435203552246 0.6629966890243719 0.5759554501650623 0.6459673365469214 0.6337569203265758 0.6067258236471443 0.6241233343338017
0 0.5711354217529298 0.6410335203552383 0.6230147575588735 0.6530234995831833 0.5896964711696938 0.748618211101953 0.5474933145108248 0.7412077803002611
0 0.5226354217529297 0.6305335203552382 0.5656333100887535 0.6389436642684203 0.5393488628068568 0.7367615157132283 0.4930734802960037 0.7230521935427757
0 0.4719719019665692 0.6148597145515288 0.5141750586254382 0.6252343344654459 0.4886310299092625 0.7256458466131245 0.4434662752469912 0.7111954828890071
0 0.4071354217529297 0.5955335203552383 0.4682698701455492 0.6085608384478121 0.4382834215464254 0.7111954828890071 0.4108884074235328 0.7008208553425683
0 0.4156354217529297 0.5161435203552247 0.46308703169687987 0.5269421019379095 0.44679809778515067 0.5788151862424509 0.4020035371538435 0.5658469208907069
0 0.3486854217529297 0.49914352035522463 0.3744304827422345 0.5047107713702238 0.3744304827422345 0.5584364748239711 0.36702641910019457 0.5580659616796606
0 0.4081354217529297 0.5146435203552246 0.38479617489146967 0.5069339036637401 0.3833153530119238 0.5632532678203581 0.39442144847498367 0.5632532678203581
0 0.4016854217529297 0.3521435203552246 0.44995189528649016 0.3619241774127172 0.4177442519977888 0.4930890514228804 0.4058977379690078 0.4930890514228804
0 0.3116854217529297 0.3296435203552246 0.35443951700948534 0.4738218794373321 0.34111221160495137 0.47567449095401604 0.2904247054894021 0.32598353993962276
0 0.3191854217529297 0.33264352035522465 0.34111221160495137 0.33561710303483117 0.37480069202509514 0.48160283864837844 0.36369459656203523 0.48123231023902413
0 0.3476854217529297 0.3396435203552246 0.3940512544440196 0.34932643283780573 0.3936810299092625 0.4875312168728286 0.3859067722362585 0.4875312168728286
0 0.2517654217529575 0.2126435203552246 0.32633441110291644 0.22943390366374017 0.3107858652531154 0.30613199450388173 0.27709738483297164 0.3005741599538298
0 0.33376542175295754 0.23364352035522462 0.4044472428715068 0.24944210193790947 0.3874179208978493 0.326881219066672 0.3137474785084142 0.31020773068156016
0 0.21976542175295755 0.10364352035522462 0.27228474041526646 0.1146503427623753 0.26154885423506713 0.16430031767096603 0.26710190196659706 0.18875478053216801 0.24192809778517851 0.18801373134598134
0 0.27826542175295754 0.1176435203552246 0.340031895286518 0.13103164060612976 0.32707479916484467 0.20365399526859287 0.2759867722362864 0.1925383261684891 0.2708039337876171 0.17586482251833346
0 0.3567654217529575 0.13764352035522462 0.42777001589051894 0.1536334995831697 0.40925988728921203 0.2258853182037566 0.340031895286518 0.20921182981864483
0 0.43369327290490944 0.1565976810628729 0.5055126841319381 0.17215959948496554 0.48774291308876655 0.24552301859865927 0.4174043389931802 0.22810845812979486
0 0.38726542175295753 0.06814352035522463 0.3755714068690682 0.08421030947431295 0.21564368100707465 0.01899840851110758 0.22193713205242932 0.002324904860951946 0.274505965608637 0.00047229334426798883
0 0.21426542175295754 0.02814352035522462 0.3685375677617854 0.09228346685923858 0.35632085970204025 0.11043905361672389 0.23045179303925806 0.08264989613150828 0.21490327769325 0.06523536619273164
0 0.29226542175295755 0.00014352035522462005 0.3922305348117617 0.059755846613110945 0.4118513065135467 0.045305482888993553 0.35113799074957797 0.0015838633072871033
0 0.4552654217529576 0.0181435203552246 0.47441562293612904 0.022254780532168058 0.4100002753511402 0.12266629267984681 0.37446079427238305 0.1171084581297949
0 0.3667654217529575 0.0006435203552246093 0.4166639509312519 0.03752450841290337 0.4340634669358735 0.01492265706838536 0.41555333833456665 0.0008428217536222981
0 0.47376542175295755 0.00264352035522462 0.528465263119986 0.01566369862205018 0.5295758757166713 0
0 0.5377203274206395 0 0.5336481015686554 0.020480491618437235 0.5884381298144408 0.024926756205469955 0.5902891609768471 0.00010178019995747967
0 0.5952654217529576 0.00014352035522462005 0.5943614173326242 0.03048459075552187 0.644338831664497 0.040118161483252146 0.6458196687959394 0
0 0.6517654217529576 0 0.652483344376051 0.03974764833894166 0.6617383781729117 0.049751747476026294 0.7076435361490077 0.05234540054637508 0.6924652758415496 0.0015838633072871122
0 0.47926542175295755 0.027143520355224604 0.5062530721938662 0.03040626815256874 0.45109281941332385 0.13415247492426105 0.4148129197688455 0.1267420593876129
0 0.5377654217529576 0.03664352035522461 0.5654855508263927 0.04337454113683457 0.5458647791246076 0.15638379785942477 0.49884900855182635 0.146379713987384
0 0.5117654217529576 0.03014352035522461 0.5317971009100417 0.0355935819257882 0.4940363641341211 0.1434155477727247 0.4603478837139774 0.13637561485029934
0 0.5682654217529576 0.044643520355224606 0.5962124484950305 0.04930288883119694 0.5988038677193652 0.1693520937412564 0.5536390978051975 0.16268267396314148
0 0.605837737330441 0.048932375686886444 0.6302711534499315 0.05708386330728711 0.64767063895076 0.18194984594868976 0.605837737330441 0.17342786044902248
0 0.6354539308910149 0.05597229334426797 0.6613681841419475 0.06745849085372607 0.6920950208029996 0.1889897788711152 0.6547045695694217 0.18491401216334907
0 0.6654403794901387 0.06338273941100382 0.6906141836715572 0.07153422703140444 0.7344187729148908 0.19697206158141445 0.7022110991223964 0.19363736695740083
0 0.6946354217529295 0.06252352035518267 0.7110959998958787 0.060249375918765107 0.7769921236047239 0.2099403421982022 0.7410824484950025 0.20623511916483422
0 0.7446354217529294 0.23152352035518267 0.7758814805042455 0.23772949968341783 0.8043871529795129 0.31887387800815786 0.7266445152418868 0.30961080515969425
0 0.6666716180436392 0.21068138375186699 0.7399718053945241 0.22772540054633314 0.7207212277237034 0.30331195958606516 0.6496422655661889 0.2855268707078465
0 0.5901354217529294 0.1935235203551827 0.6670418120746032 0.20771720227216392 0.6444594271175194 0.2855268707078465 0.5711592092628414 0.2688533823227347
0 0.5096354217529294 0.1735235203551827 0.5833759173225864 0.19030265706834343 0.5656061767832078 0.26625971398734205 0.49341660202900806 0.24625151571317277
0 0.40913542175292944 0.25464352035522464 0.4834211191626334 0.2692655499665682 0.4649109295537407 0.34485209374125636 0.39161074220285563 0.33188379785942473
0 0.4900847642389522 0.27037711992958735 0.554500081320148 0.28260435899271025 0.5371005348117335 0.3570793022742916 0.47120441110288824 0.34337001063392675
0 0.7226354217529294 0.32664352035522465 0.7888386376335049 0.3391375987202544 0.774400704380389 0.42102301859865926 0.7033216812152887 0.40397897127410537
0 0.7961354217529295 0.3441435203552246 0.8636196621158322 0.3598868385480884 0.8521433421180155 0.4380670201280816 0.7803239308909866 0.4210230185986592
0 0.8176354217529294 0.45504352035522433 0.8477008917312742 0.46138201196276873 0.8184548922016646 0.5955110369225474 0.7877279945330267 0.5877300777115011
0 0.7786354217529294 0.44304352035522426 0.8121614106525169 0.45211896201187085 0.7821749620533932 0.5847659114968418 0.7477460630675283 0.5766144086113972
0 0.7407122544640384 0.43618649991538 0.7710688970941263 0.44174433446543193 0.7403419994254884 0.5732797139873838 0.7114661939268427 0.5673513510279774
0 0.6999898739290259 0.4265025076481922 0.7281252913657431 0.4302077306815601 0.7029514871843248 0.5651282111019392 0.6733352631199578 0.5577177803002471
0 0.8256354217529295 0.5950435203552243 0.8606606345286884 0.6044035660966128 0.8943490844450391 0.46693984651282067 0.8539969589485765 0.4573062681525684
0 0.8666154217529572 0.6055435203552243 0.8958298605688956 0.6107024422003297 0.9281910270127156 0.47435029257955647 0.8959834142278069 0.46731035965713114
0 0.9710454217529849 0.5020435203552244 1 0.5069562430611592 0.9975970288003327 0.5432674165761298 0.9764954809746912 0.6333042935448476 0.9450281952441251 0.6255233343338014
0 0.9305454217529848 0.4945435203552243 0.9629901200295446 0.4988047554407585 0.9385567649176401 0.6229296812634526 0.9048682539937033 0.6155192351967166
0 0.9824954217529848 0.6325435203552243 0.999448120970325 0.6366390034339051 0.999077865931775 0.5684629209909966
0 0.8569954217529847 0.44804352035522427 0.9509514827623085 0.4665693333685102 0.9265180666428182 0.40061636795407424 0.8769108463419094 0.3706040743590813
0 0.9109954217529846 0.10914352035522462 0.9724232246189142 0.10625068139508344 0.9961162526764764 0.20480958202607824
0 0.8684954217529848 0.06014352035522462 0.9565045152419421 0.05030183038277597 0.9676105802012088 0.09884023532834758 0.9017144564923637 0.10476859828775381
0 0.8434954217529849 0.00814352035522461 0.9391049687335274 0.0018417556726794215 0.9513216767932728 0.04704546599423743 0.8569198806091604 0.053714870507308464
0 0.9604954217529849 0.0026435203552246113 0.9764954809746914 0.038893970741314836 1 0.03852344996448243 1 0
0 0.9774954217529848 0.04814352035522461 1 0.044822333700721056 1 0.09299021023693832 0.9890823830654005 0.09373126705564701
0 1 0.9230532176375397 0.9465090323755675 0.8974871695482747 0.9594661284972409 0.8737737482407375 0.998707671900811 0.8922998939376648
0 0.9750147048508347 0.8682159289557293 0.9990778659317752 0.8852599457501956 0.9983374778698467 0.8515424253055738 0.9883419950034722 0.848948772235225
0 0.8173081431746259 1 0.8524774302224191 0.960903689359816 0.9205947791246348 0.981652936820172 0.9220756162560773 1
0 0.7299402471053821 0.9224476985217602 0.814346529919327 0.9472726974248384 0.7936151456208568 0.999516325403778 0.7047664124201707 0.9980342270314044
0 0.6254954217529848 0.9891435203552246 0.6521975941158594 1 0.703285636296314 0.9987752685850693 0.7240169900909915 0.92059510227012 0.6536784007435088 0.9031805570662996
0 0.5759954217529848 0.8821435203552247 0.6444233211909589 0.8991831282265305 0.6225813395476998 0.9858853182037567 0.553570079428437 0.9688413014092905
0 0.4890654217529569 0.8551435203552247 0.5702292073711304 0.8791749375848831 0.5502382416383811 0.9647655499665682 0.49915022996171926 0.9529088545778435 0.5006310365893687 0.886585376019097
0 0.7620654217529568 0.6011435203552247 0.7805045568478575 0.6049313057896826 0.7394120127856738 0.778335681927874 0.7227528848429805 0.7735189194615747
0 0.7880654217529569 0.6071435203552247 0.8075293616878895 0.6112301895259212 0.7653262355328135 0.7850050864409449 0.7431140446066938 0.7816703918169314
0 0.8130824246713161 0.6145648879661958 0.8315925837764158 0.6156764541129539 0.7893894271175469 0.7968618123597574 0.7693984613847976 0.7905629209909969
0 0.8382561983489416 0.6212342848467448 0.8534345806715714 0.6212342848467449 0.8153036498646865 0.8031606731984303 0.7982742973872361 0.7961207555410488
0 0.8595654217529568 0.6271435203552247 0.8741659344662489 0.6267921193967968 0.8389966474184557 0.8109416476745206 0.8182652631199852 0.8057543567988668
0 0.8820654217529568 0.6331435203552247 0.8985993505857391 0.6345730862403651 0.8989695446167033 0.7272036315444755 0.8660214827622806 0.8161289538152181 0.8482516812153161 0.8127942439261605
0 0.7371907875923033 0.5967798258018039 0.7531095274730683 0.5982619089091336 0.7175700158905183 0.7720368058241572 0.6931366302748208 0.7672200280928141
0 0.03163542175292969 0.6611435203552246 0.08163667188073695 0.674254780532168 0.054241642505947825 0.7724431527538084 0 0.7602159289557295
0 0.08763542175292971 0.6821435203552246 0.13790756776175747 0.8002323102390241 0.057203286265039545 0.7776304894245938
0 0.0006354217529296901 0.6511435203552246 0.02980824163835397 0.6605454659942375 0.000562211604951337 0.7557696491036527
0 0.014135421752929686 0.5231435203552246 0.028327435010704588 0.5237655499665682 0.0775644460287529 0.6490592684847794 0.00019200232209075628 0.6297921193967968 0.001672808949740161 0.5699241774127173