0 0.34024390243902447 0.4853658536585367 0.33414634146341465 0.524390243902439 0.4048780487804878 0.5414634146341464 0.4097560975609757 0.5036585365853659
0 0.39883720930232563 0.4651162790697675 0.4290697674418605 0.472093023255814 0.44883720930232557 0.3883720930232559 0.42558139534883715 0.38372093023255816
0 0.45581395348837206 0.4779069767441861 0.4825581395348837 0.4848837209302326 0.5046511627906977 0.40465116279069774 0.4802325581395348 0.3953488372093023
0 0.5116279069767442 0.4965116279069768 0.5383720930232557 0.5023255813953489 0.5616279069767441 0.4232558139534883 0.5372093023255815 0.4174418604651163
0 0.5895348837209302 0.4348837209302326 0.5651162790697675 0.5162790697674419 0.5918604651162791 0.5220930232558141 0.613953488372093 0.4418604651162791
0 0.6220930232558141 0.5313953488372093 0.6465116279069768 0.5337209302325581 0.6686046511627908 0.4593023255813953 0.6441860465116279 0.44883720930232557
0 0.669767441860465 0.5430232558139535 0.708139534883721 0.5534883720930233 0.7279069767441859 0.472093023255814 0.6918604651162791 0.45813953488372094
0 0.7267441860465115 0.5627906976744186 0.7802325581395348 0.5790697674418603 0.7441860465116278 0.4941860465116279
0 0.655813953488372 0.40697674418604657 0.7162790697674418 0.42558139534883715 0.6767441860465115 0.3348837209302326
0 0.6023255813953488 0.38604651162790704 0.6279069767441859 0.394186046511628 0.6488372093023256 0.3197674418604651 0.6255813953488372 0.3127906976744186
0 0.5465116279069768 0.36860465116279073 0.5720930232558139 0.3779069767441861 0.5941860465116278 0.3023255813953488 0.5686046511627906 0.2941860465116279
0 0.491860465116279 0.3569767441860466 0.5186046511627906 0.3651162790697674 0.5395348837209303 0.28720930232558145 0.513953488372093 0.28023255813953496
0 0.43604651162790703 0.3418604651162791 0.4651162790697675 0.34534883720930226 0.4848837209302325 0.26860465116279064 0.46162790697674416 0.2616279069767442
0 0.4034883720930233 0.24534883720930228 0.3813953488372093 0.3244186046511628 0.4104651162790698 0.3279069767441861 0.4302325581395349 0.25465116279069766
0 0.3279069767441861 0.3081395348837209 0.35232558139534886 0.3116279069767442 0.3755813953488372 0.23837209302325582 0.34883720930232565 0.23139534883720933
0 0.2744186046511628 0.29302325581395344 0.29883720930232566 0.29883720930232555 0.3197674418604652 0.2197674418604651 0.2941860465116279 0.2127906976744186
0 0.21511627906976746 0.27558139534883724 0.24302325581395345 0.2813953488372093 0.26860465116279075 0.20465116279069767 0.2406976744186047 0.19767441860465113
0 0.1604651162790698 0.26279069767441865 0.1883720930232558 0.26976744186046514 0.21162790697674422 0.18953488372093022 0.18372093023255817 0.18372093023255823
0 0.10813953488372093 0.24767441860465111 0.13720930232558137 0.2511627906976744 0.15697674418604649 0.17558139534883718 0.13023255813953485 0.16627906976744186
0 0.018604651162790704 0.35 0.041860465116279055 0.35697674418604647 0.06627906976744186 0.27325581395348836 0.04767441860465118 0.26860465116279064
0 0.0709302325581395 0.3662790697674419 0.09883720930232558 0.3755813953488373 0.12325581395348839 0.30000000000000004 0.09651162790697673 0.29186046511627906
0 0.1267441860465116 0.38372093023255816 0.15465116279069765 0.3872093023255814 0.17558139534883715 0.31046511627906975 0.1511627906976744 0.3046511627906977
0 0.18372093023255814 0.3988372093023256 0.2069767441860465 0.40232558139534885 0.22790697674418606 0.33837209302325577 0.2058139534883721 0.327906976744186
0 0.2372093023255813 0.41395348837209306 0.26395348837209304 0.422093023255814 0.28720930232558134 0.34767441860465115 0.26162790697674415 0.3395348837209302
0 0.2883720930232557 0.4348837209302326 0.31860465116279074 0.43953488372093025 0.3406976744186047 0.36395348837209307 0.31627906976744186 0.35348837209302325
0 0.3453488372093023 0.45 0.37325581395348834 0.45348837209302323 0.3965116279069767 0.3779069767441861 0.3744186046511627 0.3697674418604651
0 0.21097560975609753 0.4878048780487806 0.28170731707317076 0.5036585365853659 0.2890243902439024 0.46707317073170734 0.21951219512195128 0.45121951219512196