0 0.3524617919921875 0.37446701240539554 0.4222552175905831 0.3455307525031329 0.4372558911989244 0.3771820500143617 0.3666971197153988 0.40772277247227423
0 0.32796179199218756 0.36496701240539553 0.3444739232918532 0.4227154899379015 0.3166948743542611 0.46325135737289885 0.2922493491326763 0.3755161874343873
0 0.2734617919921875 0.2874670124053955 0.3078055896810531 0.28000702262542354 0.3272509208854727 0.3505283249916753 0.29280491607271175 0.3655210424573025
0 0.34446179199218746 0.31946701240539555 0.35669667064317123 0.3644104674039862 0.42281078453061866 0.3327591775184478 0.41003240920136785 0.28944688007585023
0 0.3299617919921875 0.2699670124053955 0.4005875575881243 0.2383891726634249 0.41225473799940704 0.27781446504510593 0.34169599703483 0.3122421925639351
0 0.2569617919921875 0.19696701240539555 0.2828044670004842 0.21565103760227955 0.296693976209806 0.2328648975488489 0.30169420074591974 0.2595186149458449 0.2678037933921429 0.26618205001436174
0 0.2414617919921875 0.16096701240539552 0.28336006445946826 0.19682849250267537 0.2855823627385588 0.1712853425333052 0.31002791847909217 0.15740318486961344 0.29724957366879 0.13074947509830784
0 0.29796179199218753 0.1774670124053955 0.30558329140196255 0.2129317850216188 0.37169734425151263 0.1801699124570737 0.3555855367631003 0.14574219256393506
0 0.3169617919921875 0.2179670124053955 0.37558643490755544 0.18960976990750042 0.396142899992046 0.2284797747625233 0.32836208528449234 0.259575784747094
0 0.36996179199218754 0.4189670124053956 0.4322556666628106 0.39112137747930265 0.43336680054288157 0.453313397448444 0.38336455518174384 0.46441908697608336
0 0.31225024727713135 0.508813397448444 0.3233618607483785 0.49382067998281687 0.38114222638370465 0.47438566230392454 0.3989207957301206 0.483270232227693 0.43336680054288157 0.4732750872506082 0.4328112336028462 0.49326537720477776 0.31725047181324517 0.5332459571131168
0 0.3219617919921875 0.5424670124053955 0.3828089577227598 0.5193638147008061 0.3883647797178577 0.5465728272501507 0.3305844140825315 0.5754476871280887
0 0.3949617919921875 0.5149670124053956 0.43392236748291707 0.5004840997999527 0.43892259201903094 0.5249166594646256 0.40169872198714385 0.5399093769302529
0 0.3414617919921875 0.5839670124053956 0.37669759930657504 0.5676165224563874 0.38725361531883806 0.587606812410557 0.351140879167022 0.6064865273114104
0 0.3374617919921875 0.6219670124053955 0.3983652287900852 0.5998231074942744 0.40947684226133235 0.6348061149140711 0.3422515944938141 0.6586834023034669
0 0.2614617919921875 0.6439670124053956 0.28391563139950377 0.6425801097845235 0.3028053651449393 0.7275388420897443 0.2839156313995038 0.7408657122267779
0 0.2964617919921875 0.6409670124053954 0.32891765222452773 0.637027234517942 0.3316955479626024 0.6892241095099985 0.313361411676151 0.7275388420897443
0 0.21846179199218752 0.6479670124053957 0.2539142841828211 0.6470223794950267 0.2744707797862603 0.7453079819372812 0.22891316150225222 0.7791804143037617
0 0.1009617919921875 0.7269270124053991 0.11835263950823932 0.7119993720752337 0.1400202842512238 0.8274988420897478 0.12335286404435312 0.8402704094487424
0 0.12996179199218752 0.7054270124053992 0.148353986724922 0.6897879320144312 0.16946603400892235 0.814171971952714 0.1511318824629966 0.8252776919831152
0 0.1574617919921875 0.6739270124053991 0.17835534920107896 0.659802497083177 0.18780020081432242 0.8002898295404032 0.17724418480205942 0.8069532493575392
0 0.18746179199218752 0.6554670124053956 0.19502275414847536 0.6497988323796983 0.20891226335779714 0.6492435296016593 0.21891271243002464 0.7830759619681433 0.19557832108851084 0.7997345572651261
0 0.09346179199218749 0.7309270124053991 0.10946335483503133 0.8452679819372847 0.09279593462816066 0.8541525518610533 0.06794109895877405 0.7408742319531717
0 0.03760179199218403 0.7529270124053992 0.05682948548752695 0.7480929545483466 0.08349737002609948 0.8563737019676858 0.06127414308360521 0.8702558443799967
0 0.27010179199218404 0.9994670124053954 0.2835063514706505 0.9906499471285463 0.29461793442294915 1
0 0.295601791992184 0.9829670124053955 0.30906304109125493 1 0.3707324973826239 1 0.345731374702055 0.9484482171135744
0 0.3606017919921841 0.9399670124053955 0.4068452030154914 0.9156863598004102 0.4129566224695733 1 0.37962175153688327 1
0 0.4771017919921841 0.9989670124053954 0.47518164570097765 0.993426369510456 0.518516904667998 0.9745466546096029 0.535184340134343 1
0 0.5331017919921841 0.9674670124053955 0.5796307940193318 0.9478929448382972 0.5929647057696692 0.9912052499065852 0.5868533473534846 1 0.5418512654905634 0.9989792447770376
0 0.7334617919921875 0.49696701240539554 0.746651207828256 0.5298206799828168 0.7066494115393457 0.5381499471285462 0.6994268582051927 0.5070539371439756
0 0.7409617919921875 0.4939670124053956 0.7733190923668283 0.48484249708317334 0.7949867523692871 0.5153832347924668 0.7566516569004834 0.5242678047162354
0 0.7779617919921875 0.4779670124053956 0.7988757819874327 0.47151565744890156 0.8216545758699624 0.4959482171135744 0.8072094692016566 0.5137173874638732
0 0.8184617919921875 0.5164670124053956 0.8388775782763429 0.5042775147620656 0.8799905694832213 0.5492556671589474 0.8772126737451467 0.5586955398607548 0.8338773537402292 0.5636931123492972
0 0.7659617919921875 0.5449670124053955 0.799986976905401 0.5342629496933202 0.8199878750498558 0.5675801097845234 0.7744302262468995 0.5797964048682408
0 0.7149617919921876 0.5569670124053956 0.7560960899604479 0.5498109699369863 0.76554097209264 0.5825728272501506 0.7194277563496478 0.5909021248986419
0 0.9009617919921875 0.7034670124053954 0.9144365132580852 0.7291111069452246 0.9733280738113794 0.7080102419377389 0.9549939375249282 0.6863541046549756
0 0.8829617919921876 0.6719670124053956 0.8955468100315982 0.698570399738693 0.9505492799288497 0.6763589596778908 0.9299928148443591 0.6530369445637725
0 0.8089617919921875 0.6969670124053955 0.8438778028124567 0.6857988323796984 0.855545013742688 0.7074549696624615 0.8205434419898916 0.7191159619681398
0 0.8259617919921876 0.7279670124053956 0.8577673425407272 0.7168948423642689 0.8699901204109939 0.7396615547003484 0.8338773537402292 0.7496566996774332
0 0.7814617919921875 0.7049670124053955 0.7999869769054009 0.7002362470672865 0.8083206641196249 0.7218924148528114 0.7910976617132444 0.7296664097232636
0 0.7869617919921875 0.7389670124053955 0.8110985598576994 0.7296664097232636 0.8244324716080371 0.7546542721659756 0.7944311243913543 0.7602071169297954
0 0.8499617919921876 0.6209670124053956 0.9033249303057866 0.605282369784981 0.9166588420561242 0.6197198149753309 0.8622120001368054 0.6385995298761842
0 0.7904617919921876 0.9339670124053956 0.8205434419898914 0.9216523746400038 0.8355441155982328 0.9477508121360322 0.8027648726434756 0.9632988323796983
0 0.8344329206802646 0.918875952258094 0.8605452382788016 0.9088808072810093 0.8833240321613315 0.9366450921056311 0.8438778028124567 0.9433085424255288
0 0.9614617919921875 0.8684670124053955 0.9816617610256034 0.8650703997386929 0.9855508516816461 0.883394842364269 0.9622164908590808 0.8889476871280888
0 0.0194617919921875 0.8459670124053956 0.03990889531609043 0.8348260649912177 0.026019386106768683 0.7576413275564491 0 0.7720787574954181 0 0.8203886350522487
0 0.031961791992187495 0.9169670124053956 0.05657631552296114 0.9453279320144279 0.0715769738718282 0.9347775147620658 0.043242373253674866 0.9070132299374438