0 0.17162162162162167 0.20135135135135143 0.22432432432432442 0.2054054054054055 0.2662162162162162 0.06621621621621628 0.21486486486486492 0.06351351351351354
0 0.25666666666666677 0.20666666666666664 0.2766666666666667 0.205 0.31666666666666665 0.06166666666666667 0.3016666666666668 0.06333333333333334
0 0.305 0.205 0.32499999999999996 0.20333333333333337 0.365 0.065 0.34333333333333327 0.06166666666666667
0 0.021621621621621658 0.054054054054054126 0.005405405405405423 0.054054054054054 0.006756756756756772 0.19459459459459474 0.013513513513513504 0.19459459459459466
0 0.0445945945945946 0.11756756756756764 0.03648648648648648 0.1905405405405406 0.05000000000000004 0.18783783783783783 0.09189189189189191 0.054054054054054106 0.0527027027027027 0.05540540540540548
0 0.08243243243243242 0.195945945945946 0.13513513513513517 0.1986486486486487 0.17972972972972978 0.059459459459459546 0.12162162162162161 0.05675675675675684
0 0.07209302325581393 0.24069767441860462 0.01395348837209303 0.23953488372093035 0.010465116279069786 0.3511627906976744 0.06627906976744186 0.3534883720930233
0 0.09651162790697672 0.35930232558139535 0.1313953488372093 0.36162790697674424 0.15465116279069768 0.24767441860465111 0.10930232558139533 0.24069767441860462
0 0.15813953488372096 0.3674418604651163 0.1802325581395349 0.369767441860465 0.20813953488372092 0.2651162790697674 0.18604651162790695 0.2616279069767442
0 0.21162790697674416 0.3674418604651163 0.2651162790697674 0.37325581395348834 0.2953488372093023 0.2697674418604652 0.23720930232558138 0.26860465116279075
0 0.29651162790697677 0.37790697674418605 0.35 0.3802325581395349 0.38255813953488377 0.2651162790697674 0.33139534883720934 0.26395348837209304
0 0.027631578947368424 0.39342105263157895 0.01973684210526315 0.4960526315789474 0.035 0.505 0.0631578947368421 0.3973684210526316
0 0.0644736842105263 0.5026315789473684 0.0921052631578947 0.5052631578947367 0.11578947368421051 0.40394736842105267 0.09210526315789473 0.40394736842105267
0 0.11973684210526313 0.5131578947368421 0.14078947368421055 0.5131578947368421 0.1710526315789474 0.40921052631578947 0.1473684210526315 0.4065789473684211
0 0.17368421052631575 0.5184210526315789 0.22236842105263155 0.5236842105263159 0.2486842105263158 0.4236842105263158 0.19736842105263158 0.41842105263157897
0 0.28289473684210525 0.42500000000000004 0.2578947368421052 0.5289473684210525 0.30657894736842095 0.5355263157894737 0.3355263157894737 0.42763157894736836
0 0.33815789473684205 0.5394736842105263 0.35 0.5407894736842106 0.3868421052631579 0.4342105263157894 0.3671052631578947 0.4328947368421052
0 0.009090909090909064 0.5378787878787878 0.004545454545454568 0.6151515151515151 0.015151515151515155 0.6151515151515151 0.022727272727272735 0.5393939393939394
0 0.039393939393939356 0.6181818181818182 0.06969696969696963 0.6196969696969696 0.08333333333333334 0.5621212121212121 0.04848484848484851 0.5590909090909091
0 0.09393939393939398 0.6257575757575757 0.12272727272727274 0.6287878787878788 0.14848484848484855 0.5757575757575758 0.11666666666666664 0.5712121212121213
0 0.18636363636363634 0.5787878787878787 0.15151515151515163 0.6393939393939394 0.18181818181818188 0.640909090909091 0.21363636363636368 0.5848484848484848
0 0.20909090909090902 0.6469696969696969 0.23484848484848478 0.6530303030303031 0.28484848484848485 0.5909090909090908 0.24999999999999992 0.5893939393939394
0 0.395 0.275 0.375 0.37 0.415 0.26
0 0.0575 0.95375 0.01 0.955 0.0075 0.99125 0.05625 0.99125
0 0.0225 0.89125 0.01625 0.925 0.07125 0.92625 0.0775 0.9
0 0.03 0.86625 0.08875 0.87625 0.10125 0.84875 0.03625 0.84
0 0.045 0.79 0.045 0.81125 0.115 0.82375 0.12125 0.80625
0 0.04375 0.76125 0.045 0.74875 0.15125 0.7725 0.1525 0.78375
0 0.043333333333333356 0.7266666666666667 0.043333333333333376 0.7233333333333334 0.1783333333333334 0.75 0.175 0.7566666666666666
0 0.028333333333333356 0.7 0.026666666666666696 0.6933333333333335 0.2083333333333333 0.7283333333333333 0.20333333333333337 0.7333333333333334
0 0.035 0.675 0.03625 0.66125 0.08875 0.66625 0.09 0.68125
0 0.33740447998046874 0.0024175310134887697 0.33341700135720403 0.015263650303629559 0.3750855900230664 0.01665186912027493 0.3750855900230664 0.0013815002656282027