0 0.19210526315789472 0.8736842105263157 0.2078947368421051 0.9315789473684211 0.33684210526315783 0.9105263157894735 0.3157894736842104 0.8368421052631579
0 0.028947368421052458 0.9210526315789473 0.03684210526315773 0.9526315789473684 0.17368421052631564 0.9342105263157895 0.15526315789473671 0.8815789473684211
0 0.16842105263157892 0.7842105263157895 0.18157894736842095 0.8394736842105263 0.30789473684210517 0.8052631578947367 0.2894736842105263 0.75
0 0.010526315789473557 0.8289473684210527 0.002631578947368496 0.863157894736842 0.015789473684210548 0.8921052631578946 0.1394736842105263 0.85 0.12368421052631576 0.7973684210526315
0 0.14736842105263157 0.7447368421052633 0.15526315789473677 0.7578947368421052 0.2868421052631579 0.7210526315789474 0.27894736842105256 0.7078947368421052
0 0.15263157894736815 0.7105263157894737 0.15526315789473677 0.7210526315789474 0.2710526315789473 0.6842105263157895 0.2657894736842105 0.6763157894736841
0 0.24736842105263132 0.6052631578947368 0.11842105263157876 0.6026315789473682 0.14473684210526316 0.6789473684210524 0.26315789473684204 0.6473684210526315
0 0.00789473684210506 0.7842105263157894 0.005263157894736779 0.8052631578947369 0.11315789473684201 0.7657894736842106 0.1078947368421051 0.7526315789473683
0 0.00789473684210506 0.7394736842105263 0.005263157894736689 0.7578947368421051 0.10263157894736814 0.7263157894736842 0.0973684210526315 0.7105263157894736
0 0.07368421052631569 0.6315789473684209 0.007894736842105132 0.6473684210526315 0.00789473684210515 0.7026315789473684 0.08947368421052623 0.681578947368421
0 0.052631578947368425 0.5552631578947369 0.007894736842105274 0.5578947368421052 0.0026315789473682605 0.6157894736842106 0.0631578947368419 0.5947368421052631
0 0.0894736842105263 0.5342105263157894 0.09736842105263165 0.5578947368421052 0.12894736842105267 0.5578947368421052 0.12631578947368424 0.5342105263157895
0 0.1289473684210526 0.4394736842105263 0.10526315789473685 0.4868421052631578 0.19210526315789475 0.4789473684210526 0.23947368421052637 0.4447368421052633
0 0.1657894736842105 0.36578947368421055 0.14736842105263148 0.4105263157894737 0.2894736842105262 0.4184210526315789 0.32105263157894726 0.3815789473684211
0 0.19999999999999993 0.3026315789473684 0.17894736842105252 0.34210526315789475 0.3368421052631579 0.35263157894736835 0.35526315789473684 0.29999999999999993
0 0.2342105263157893 0.23421052631578954 0.21578947368421056 0.2736842105263158 0.4078947368421052 0.27368421052631586 0.4052631578947367 0.23421052631578954
0 0.245 0.21 0.40263157894736834 0.20789473684210527 0.40263157894736823 0.16315789473684206 0.2631578947368419 0.17105263157894732
0 0.010526315789473628 0.45526315789473676 0.010526315789473557 0.4973684210526316 0.057894736842105034 0.49473684210526303 0.0736842105263157 0.44999999999999984
0 0.013157894736842 0.3894736842105263 0.015789473684210513 0.4263157894736842 0.09473684210526297 0.4210526315789474 0.10789473684210513 0.38421052631578945
0 0.010526315789473557 0.3342105263157894 0.007894736842105168 0.3631578947368421 0.04999999999999998 0.36052631578947364 0.12631578947368424 0.3552631578947368 0.13684210526315788 0.3210526315789473
0 0.1289473684210526 0.2605263157894736 0.010526315789473611 0.2842105263157894 0.01315789473684191 0.3052631578947368 0.16315789473684192 0.2868421052631578 0.1763157894736842 0.24999999999999992
0 0.13947368421052617 0.18421052631578938 0.015789473684210405 0.2605263157894737 0.19473684210526307 0.21578947368421042 0.21315789473684205 0.1763157894736841
0 0.37894736842105237 0.8210526315789473 0.38421052631578945 0.8710526315789474 0.513157894736842 0.8552631578947368 0.5105263157894736 0.8289473684210527
0 0.35789473684210504 0.763157894736842 0.37105263157894725 0.7921052631578946 0.5078947368421052 0.8 0.526315789473684 0.7710526315789474
0 0.4105263157894736 0.7 0.3736842105263156 0.736842105263158 0.5315789473684209 0.7421052631578948 0.5368421052631578 0.7210526315789474
0 0.4157894736842105 0.6684210526315788 0.5447368421052633 0.6868421052631578 0.555263157894737 0.6473684210526315 0.4289473684210529 0.6447368421052632
0 0.4026315789473685 0.5789473684210524 0.41315789473684217 0.6052631578947368 0.5578947368421054 0.605263157894737 0.5710526315789471 0.5631578947368421
0 0.526315789473684 0.4815789473684211 0.5315789473684208 0.5263157894736841 0.38421052631578945 0.5473684210526315 0.38947368421052614 0.5552631578947367 0.585 0.53 0.5894736842105261 0.49210526315789466
0 0.505263157894737 0.42368421052631555 0.4842105263157894 0.42368421052631555 0.5157894736842104 0.45263157894736844 0.5999999999999998 0.4605263157894737 0.6052631578947371 0.41578947368421054
0 0.4973684210526315 0.35263157894736835 0.48421052631578937 0.39473684210526305 0.6078947368421052 0.37631578947368416 0.6026315789473682 0.3394736842105262
0 0.45526315789473665 0.26842105263157895 0.49210526315789493 0.3263157894736842 0.5842105263157893 0.3105263157894737 0.5526315789473686 0.2578947368421053
0 0.431578947368421 0.15263157894736842 0.439473684210526 0.1894736842105263 0.45526315789473687 0.23947368421052623 0.5263157894736841 0.2289473684210526 0.5105263157894737 0.14736842105263148
0 0.4236842105263156 0.03157894736842103 0.413157894736842 0.044736842105263144 0.4999999999999997 0.0526315789473684 0.48947368421052617 0.034210526315789413
0 0.5210526315789474 0.03684210526315784 0.5184210526315788 0.04999999999999996 0.5999999999999998 0.04999999999999998 0.5921052631578946 0.04210526315789474