0 0.18684210526315795 0.8368421052631578 0.19473684210526315 0.8815789473684211 0.3131578947368419 0.8710526315789473 0.3131578947368421 0.8394736842105263
0 0.17105263157894732 0.7763157894736843 0.17894736842105247 0.8052631578947369 0.32894736842105254 0.8157894736842103 0.33157894736842103 0.7842105263157895
0 0.20789473684210522 0.7263157894736842 0.18947368421052616 0.75 0.34210526315789463 0.755263157894737 0.3421052631578945 0.731578947368421 0.2105263157894737 0.7078947368421052
0 0.2342105263157893 0.6578947368421052 0.2342105263157893 0.6868421052631579 0.3578947368421052 0.705263157894737 0.3684210526315789 0.6631578947368421
0 0.2157894736842106 0.5894736842105263 0.21842105263157877 0.6210526315789473 0.37105263157894725 0.618421052631579 0.3815789473684212 0.5763157894736842
0 0.32894736842105243 0.4973684210526316 0.33684210526315783 0.5368421052631579 0.20789473684210516 0.5605263157894735 0.19999999999999984 0.5657894736842104 0.38947368421052614 0.5473684210526314 0.3999999999999998 0.5052631578947366
0 0.3 0.43684210526315786 0.32894736842105243 0.47105263157894733 0.4131578947368419 0.47631578947368425 0.4131578947368419 0.4289473684210526
0 0.2999999999999997 0.3710526315789474 0.29473684210526313 0.4105263157894738 0.4210526315789471 0.39473684210526316 0.41842105263157914 0.35263157894736835
0 0.2657894736842104 0.2868421052631578 0.27631578947368424 0.31052631578947365 0.3078947368421053 0.3394736842105263 0.3921052631578947 0.3210526315789474 0.3526315789473682 0.2736842105263158
0 0.24473684210526314 0.17368421052631583 0.26578947368421035 0.24736842105263152 0.33421052631578924 0.24210526315789466 0.31578947368421056 0.16315789473684206
0 0.005263157894736636 0.886842105263158 0.015789473684210405 0.9500000000000002 0.1526315789473684 0.9263157894736842 0.12368421052631576 0.8473684210526313
0 0.007894736842105017 0.7921052631578946 0.010526315789473521 0.8526315789473684 0.11578947368421055 0.8184210526315789 0.1026315789473682 0.763157894736842
0 0.0105263157894737 0.75 0.08684210526315785 0.7236842105263157 0.09736842105263156 0.7342105263157894 0.010526315789473583 0.7605263157894737
0 0.01315789473684191 0.7078947368421052 0.010526315789473628 0.7236842105263156 0.08684210526315787 0.7026315789473685 0.08157894736842096 0.6921052631578946
0 0.06052631578947354 0.6184210526315789 0.00789473684210516 0.613157894736842 0.010526315789473712 0.6842105263157895 0.07105263157894746 0.6605263157894737
0 0.0578947368421052 0.4578947368421052 0.010526315789473628 0.4578947368421052 0.00789473684210511 0.49473684210526314
0 0.01052631578947377 0.3842105263157895 0.010526315789473557 0.42631578947368426 0.0973684210526315 0.431578947368421 0.12894736842105237 0.3973684210526316
0 0.00789473684210506 0.32368421052631574 0.010526315789473734 0.35526315789473684 0.14473684210526305 0.36578947368421055 0.16052631578947377 0.3184210526315789
0 0.044736842105263006 0.25526315789473686 0.0289473684210526 0.28421052631578947 0.21578947368421036 0.28157894736842104 0.2131578947368419 0.25263157894736843
0 0.007894736842105168 0.19473684210526307 0.007894736842105203 0.23421052631578954 0.031578947368421095 0.18947368421052624
0 0.08157894736842099 0.18421052631578946 0.0631578947368421 0.22105263157894736 0.213157894736842 0.21842105263157893 0.20789473684210522 0.17894736842105263
0 0.17368421052631575 0.08947368421052632 0.18157894736842106 0.12894736842105264 0.244736842105263 0.12894736842105264 0.23684210526315802 0.08947368421052632
0 0.2342105263157893 0.04736842105263159 0.2289473684210526 0.06052631578947368 0.30263157894736825 0.06578947368421052 0.29736842105263134 0.05263157894736842
0 0.3289473684210526 0.052631578947368425 0.3263157894736841 0.06315789473684211 0.415 0.065 0.4078947368421051 0.057894736842105256