0 0.10263157894736816 0.5578947368421051 0.13947368421052622 0.5631578947368419 0.16578947368421051 0.4578947368421052 0.12894736842105245 0.4421052631578948
0 0.020312500000000008 0.6671875 0.007812500000000005 0.6671875 0.003125000000000018 0.7 0.018750000000000013 0.6984375
0 0.04531250000000002 0.6703125 0.040625000000000015 0.703125 0.07031250000000006 0.7046875 0.0750000000000001 0.6671875
0 0.05326086956521744 0.592391304347826 0.05108695652173914 0.6228260869565218 0.14456521739130437 0.625 0.15217391304347833 0.5923913043478262
0 0.003445822579189226 0.7508316320338557 0.028830357071702766 0.747691183251385 0 0.8422992688630214
0 0.046875 0.7578125 0.006250000000000036 0.9 0.025 0.8984375 0.0640625 0.765625
0 0.02968750000000007 0.9578124999999998 0.01875000000000009 0.9906250000000001 0.07656250000000007 0.9890624999999998 0.0828125 0.9593749999999999
0 0.8486842105263157 0.22631578947368416 0.8710526315789474 0.34868421052631576 0.8921052631578948 0.33684210526315783 0.8763157894736843 0.22368421052631568
0 0.9052631578947367 0.22105263157894733 0.919736842105263 0.31447368421052624 0.943421052631579 0.3144736842105263 0.9263157894736842 0.2223684210526316
0 0.956578947368421 0.21710526315789483 0.9723684210526315 0.31052631578947365 0.9934210526315789 0.30657894736842106 0.981578947368421 0.2171052631578948
0 0.7999999999999998 0.10789473684210528 0.8276315789473684 0.18815789473684205 0.8118421052631578 0.10657894736842102
0 0.8381578947368422 0.10921052631578945 0.8460526315789474 0.18289473684210514 0.8671052631578946 0.1776315789473685 0.8578947368421054 0.10657894736842109
0 0.8855263157894737 0.10921052631578952 0.894736842105263 0.1802631578947368 0.9197368421052632 0.17631578947368418 0.9118421052631579 0.10526315789473689
0 0.9394736842105261 0.10263157894736842 0.9473684210526315 0.18157894736842095 0.9736842105263156 0.17631578947368426 0.9671052631578947 0.10131578947368425
0 0.764473684210526 0.005263157894736814 0.7894736842105263 0.08026315789473687 0.7960526315789473 0.08421052631578946 0.7802631578947369 0.006578947368421026
0 0.8105263157894735 0.007894736842105239 0.8184210526315789 0.07105263157894731 0.8460526315789473 0.07105263157894734 0.8394736842105261 0.010526315789473646
0 0.869736842105263 0.009210526315789452 0.8723684210526317 0.0644736842105263 0.9013157894736843 0.0631578947368421 0.894736842105263 0.009210526315789452
0 0.9223684210526315 0.010526315789473663 0.9302631578947369 0.06447368421052632 0.96 0.065 0.9513157894736841 0.010526315789473682
0 0.11315789473684196 0.33421052631578946 0.1184210526315789 0.3078947368421051 0.16578947368421054 0.3184210526315789 0.1605263157894737 0.35
0 0.03369565217391303 0.3032608695652174 0.03421052631578936 0.276315789473684 0.08260869565217391 0.2902173913043478 0.07717391304347826 0.32173913043478264
0 0.03695652173913045 0.24130434782608706 0.03804347826086958 0.21847826086956526 0.09021739130434785 0.23913043478260868 0.09021739130434783 0.26086956521739135
0 0.11739130434782608 0.2684782608695652 0.11847826086956521 0.24673913043478257 0.16847826086956524 0.2673913043478261 0.16847826086956524 0.2891304347826087
0 0.005434782608695654 0.6217391304347827 0.02500000000000001 0.6239130434782609 0.0282608695652174 0.5847826086956522 0.006521739130434783 0.582608695652174
0 0.7945652173913045 0.532608695652174 0.7967391304347828 0.4923913043478261 0.8032608695652174 0.4934782608695653 0.8032608695652175 0.5315217391304349
0 0.8195652173913045 0.48913043478260865 0.826086956521739 0.4880434782608696 0.8271739130434784 0.5358695652173914 0.8206521739130435 0.5369565217391306
0 0.841304347826087 0.5391304347826087 0.841304347826087 0.4782608695652174 0.8456521739130436 0.48043478260869565 0.8456521739130436 0.5391304347826087
0 0.8619565217391306 0.48043478260869565 0.8673913043478262 0.48260869565217396 0.8673913043478261 0.5434782608695653 0.8608695652173914 0.5423913043478261
0 0.9500000000000003 0.4729166666666667 0.9375 0.45624999999999993 0.9854166666666667 0.42083333333333334
0 0.45 0.6895833333333333 0.4520833333333333 0.6666666666666667 0.4854166666666668 0.68125 0.4833333333333333 0.7041666666666666
0 0.5375000000000001 0.6416666666666666 0.5354166666666668 0.6208333333333333 0.5729166666666667 0.6145833333333333 0.5729166666666667 0.6375000000000002
0 0.5562499999999999 0.5854166666666667 0.5604166666666666 0.5625000000000001 0.575 0.5645833333333333 0.58125 0.5833333333333333
0 0 0.493509240128109 0.08933362225952875 0.5048814542233441 0.10787491433646317 0.4180760680478659 0 0.38979116874047715
0 0.5154559061322618 0.30556728836077185 0.4991942538212723 0.37726237396116397 0.5313976634402029 0.395793832001993
0 0.9659896503221869 0.4908745398696884 0.9998098903757969 0.5097581480680792 1 0.4327062031591607