0 0.5342676026876219 0.24441445879421608 0.5894278554681641 0.26182900399803655 0.5783217600051043 0.3162957948005802 0.5427822484225541 0.3111084581297949
0 0.5986354217529297 0.2661435203552246 0.6738341382821091 0.28628346685923856 0.6590260109980294 0.33556292099099694 0.5868364362438295 0.32037151571321476
0 0.6821354217529297 0.2921435203552246 0.7560192264064765 0.3122200280928141 0.746393937571066 0.35408905142288044 0.66865129983344 0.3388976156150105
0 0.7621354217529297 0.31514352035522464 0.8470891542967403 0.3388976156150105 0.8367234773994017 0.37594984594868974 0.7504661939268431 0.358164757070471
0 0.9568860764276866 0.3652133348979328 0.8798838267519886 0.34335252510707953 0.8591524729573112 0.38077526858506927 0.9509628194132961 0.40597077299993617
0 0.9651354217529297 0.5606435203552246 0.9446693683679415 0.5469047554407588 0.935784498098252 0.5543151862424507 0.9217167893798934 0.5561677977591347 0.9106106939168336 0.5909968881667758 0.9472607875922762 0.6058177803002475
0 0.8506354217529298 0.5231435203552246 0.9150531137997817 0.5369006563036742 0.9054278554681642 0.5865506235797431 0.8373105065659484 0.5672834668592386
0 0.7736354217529298 0.5021435203552246 0.8421231204798607 0.5172629711738154 0.831757474086315 0.5654308553425547 0.7603082416383539 0.5469047554407588
0 0.8266354217529297 0.6001435203552247 0.8613736676468888 0.6098935164779259 0.8517484398190642 0.6322211694479848 0.8154685096707928 0.6644566067852771 0.7995497697900277 0.6614924253055738
0 0.7756354217529297 0.5975935203552247 0.8154685096707928 0.6040614988184587 0.7947371253723224 0.6533409376851732 0.7610486602040751 0.6414842270314045
0 0.7329132275154613 0.5862764328378058 0.7699335304737644 0.5918342673878577 0.7566062250692305 0.638149532407391 0.7169944876346962 0.6285159616796606
0 0.6601354217529297 0.5636435203552247 0.7268013935088824 0.5837946981895495 0.7123634907595595 0.6241816307797644 0.683487654757121 0.6204763924813527
0 0.7081354217529297 0.6806435203552246 0.744571164552054 0.6896857299168491 0.7323544564923088 0.7389651840486073 0.6883002991748264 0.7293315827907894
0 0.6753431725493599 0.6685659616796606 0.7019977833584279 0.6796816307797644 0.6864492680124198 0.7259968881667757 0.6516501749955907 0.7237737482407374
0 0.7161354217529297 0.9531435203552246 0.6783048163084517 0.9397670703109 0.6535012061579972 0.9920107059223615 0.6734921718907464 1 0.702368007893185 1
0 0.7094018470004678 0.9990506235797431 0.7212483610292488 0.9749666891278953 0.7686343256329943 0.9983095820260783
0 0.5991354217529298 0.9696435203552247 0.6246253701555589 0.9834886898926065 0.6509097869336625 0.9823771199295872 0.6727517533250252 0.9393965571665897 0.6305485966661564 0.9216114988184586
0 0.5566354217529297 0.8936435203552248 0.6168510819787617 0.9160536642684066 0.5935283089597497 0.967185729916849 0.5335554117615021 0.9471775316426797
0 0.4866354217529297 0.8656435203552246 0.5505847642389525 0.8882644991506692 0.5287427673437969 0.943472293344268 0.4624764191001946 0.9179062681525687
0 0.47284211124942976 0.8604753264004097 0.3948305414918161 0.824164160517961 0.39705176668518666 0.8941928468450315 0.45406305062813546 0.9160536642684066
0 0.40329542175293315 0.9201435203552246 0.4436973432270038 0.9342092357608481 0.4225957648975694 1 0.3689163187446764 0.9997916651334077
0 0.4512954217529331 0.9376435203552247 0.4958959827522474 0.9553290039980367 0.4810878554681676 1 0.4292594099738881 1
0 0.5012954217529331 0.9581435203552247 0.5455031725493634 0.9742256323091867 0.5377289148763593 1 0.4859004998858728 1
0 0.6087954217529331 0.9981435203552246 0.555498655415738 0.9757077306815602 0.5458733665803275 1
0 0.43029542175293306 0.7261435203552246 0.490342919768821 0.7491831282265303 0.46702011624601597 0.8318095820260782 0.41074928137258127 0.8058730207925028
0 0.3817954217529331 0.7121435203552247 0.4240766020290117 0.7239876314441855 0.40186441110289195 0.8058730207925028 0.37372896316238163 0.7951278953667972
0 0.6171354217529297 0.45764352035522465 0.6897246505232729 0.4782614660945274 0.6775079424635276 0.5256883239746457 0.636415398401344 0.5116084581297948
0 0.6926354217529297 0.4811435203552247 0.767467288260899 0.49938121906667193 0.7545101921392257 0.5438438802020432 0.6819503928502688 0.5249472518908931