0 0.2794617919921875 0 0.3218098558672149 0 0.3090315110569127 0.12946763720523533 0.26680738596996334 0.12780178987664179
0 0.32946179199218745 0.0004670124053955149 0.37459002748537584 0.00008604002979102354 0.3618116826750737 0.13390993741850044 0.315142899992046 0.13446520969377768
0 0.3849617919921875 0 0.4273701685845883 0 0.4151473907143216 0.1383522071290038 0.36847860803129395 0.13446520969377773
0 0.4334815270007731 0 0.4807058766238362 0 0.4745945182076514 0.14279450734226898 0.41903648137036437 0.14279450734226898
0 0.260975 0.15497500000000003 0.301825 0.15497500000000003 0.301825 0.222725 0.260975 0.222725
0 0.25345 0.26045 0.34125 0.26045 0.34125 0.33765 0.25345 0.33765
0 0.31195000000000006 0.15947499999999998 0.34845000000000004 0.15947499999999998 0.34845000000000004 0.227125 0.31195000000000006 0.227125
0 0.358475 0.16547499999999998 0.394025 0.16547499999999998 0.394025 0.234925 0.358475 0.234925
0 0.40347500000000003 0.16945 0.44292499999999996 0.16945 0.44292499999999996 0.23825000000000002 0.40347500000000003 0.23825000000000002
0 0.44745000000000007 0.171975 0.49515 0.171975 0.49515 0.244925 0.44745000000000007 0.244925
0 0.499475 0.17745 0.536825 0.17745 0.536825 0.24544999999999997 0.499475 0.24544999999999997
0 0.544975 0.17947499999999997 0.584625 0.17947499999999997 0.584625 0.246025 0.544975 0.246025
0 0.591975 0.18145 0.633525 0.18145 0.633525 0.24935 0.591975 0.24935
0 0.6404499999999999 0.188475 0.68125 0.188475 0.68125 0.256025 0.6404499999999999 0.256025
0 0.686475 0.18847500000000003 0.7285250000000001 0.18847500000000003 0.7285250000000001 0.259925 0.686475 0.259925
0 0.733975 0.18497500000000003 0.7768250000000001 0.18497500000000003 0.7768250000000001 0.257125 0.733975 0.257125
0 0.35247500000000004 0.268475 0.43792500000000006 0.268475 0.43792500000000006 0.343725 0.35247500000000004 0.343725
0 0.447475 0.27497499999999997 0.537925 0.27497499999999997 0.537925 0.349825 0.447475 0.349825
0 0.545475 0.27645 0.638525 0.27645 0.638525 0.35705 0.545475 0.35705
0 0.64345 0.28497500000000003 0.73405 0.28497500000000003 0.73405 0.36262500000000003 0.64345 0.36262500000000003
0 0.739975 0.29095 0.811225 0.29095 0.811225 0.36205 0.739975 0.36205
0 0.6699249999999999 0.38294999999999996 0.764575 0.38294999999999996 0.764575 0.45805 0.6699249999999999 0.45805
0 0.377425 0.365475 0.465675 0.365475 0.465675 0.44142499999999996 0.377425 0.44142499999999996
0 0.47245000000000004 0.37197500000000006 0.51345 0.37197500000000006 0.51345 0.44642499999999996 0.47245000000000004 0.44642499999999996
0 0.523425 0.37397499999999995 0.5595749999999999 0.37397499999999995 0.5595749999999999 0.449225 0.523425 0.449225
0 0.5719 0.37597499999999995 0.6612 0.37597499999999995 0.6612 0.45752499999999996 0.5719 0.45752499999999996
0 0.8340119743619917 0.19099003004522033 0.9188681572478337 0.20098517502230515 0.9099788420556773 0.2298600501516241 0.82830854865775 0.2231966150831073
0 0.8257817919917404 0.23546701240539553 0.9110900369736454 0.24263161751061876 0.9016451548414532 0.2726170524418732 0.8160857707874833 0.26761947995333074
0 0.8262817919917405 0.2934670124053955 0.8321975782758958 0.2848333475255906 0.9022007217814888 0.2853886350522487 0.8983116921633432 0.3709026548841276 0.8205303673456646 0.3675709297241788
0 0.7802817919917403 0.3914670124053955 0.8977560641854104 0.3963886350522487 0.8560875670763938 0.47579450734226897 0.7788618702366478 0.4741286600136753 0.7744172126405698 0.4602465023499836
0 0.7597817919917403 0.48996701240539553 0.7916402150469503 0.49014618257936443 0.799973902261174 0.5045836125183335 0.8221971292036682 0.5256844775258194 0.7927513489270211 0.5717732049760172 0.7716393169024951 0.5584463348389835 0.7366377451496985 0.6239700799680739 0.6938580531227138 0.6239700799680739
0 0.27828179199174036 0.4339670124053956 0.36273203882123617 0.4363120375336484 0.3699545921553892 0.36468016392692554 0.26995008617363925 0.3602378751521961 0.2805061174453766 0.38800216760250833
0 0.2639417919915169 0.47046701240539557 0.2140049995089425 0.5240471998464694 0.20122665469864032 0.5834627821823202 0.2895639650096333 0.5879050823955851 0.321232043565371 0.47129505257913556
0 0.3624417919915169 0.4734670124053955 0.37790124480167764 0.4746267624877036 0.34456643490688477 0.5940132299374439 0.3234543723634101 0.5923473521060886
0 0.3339417919915169 0.4734670124053955 0.3517889577220892 0.4735161874343873 0.31178716143317897 0.5906815047774949 0.296230920884802 0.5895709297241788
0 0.4154417919915169 0.4764670124053956 0.4823503931200315 0.48073491002956226 0.4473488213672351 0.6028977998612125 0.3740121846645834 0.5995660747012637
0 0.3849417919915169 0.4764670124053956 0.40123566666214006 0.4774031848696134 0.3695675575874537 0.5945685022127212 0.3517889577220892 0.5934579271594048
0 0.4919417919915169 0.4844670124053955 0.5629095526378874 0.48684305757142093 0.5295747427430947 0.6051189499678451 0.4590160322974661 0.6023424970831733
0 0.568441791991517 0.48946701240539553 0.6023557819867622 0.48961947995333077 0.5667986432939301 0.6078953723497549 0.537352863017283 0.6084506446250321
0 0.643441791991517 0.49596701240539554 0.6612473425400565 0.49905933740375746 0.6068004395828402 0.6117823697849809 0.6012446481066911 0.6112270975097037
0 0.6124417919915168 0.48846701240539553 0.6323571292034448 0.49184063005996337 0.5817993169022716 0.6123376420602582
0 0.5273524139450554 0.6311602024112433 0.5945776617125738 0.6322707774645596 0.5934665278325028 0.6711407823195824 0.5240189512669453 0.6678090724110146
0 0.6074417919915169 0.6309670124053955 0.6818038076245472 0.6367130624264439 0.6190232174531072 0.6750277797548087 0.6073560065228759 0.6722513573728989
0 0.1884417919915169 0.6069670124053955 0.22678334431924468 0.6067276274951895 0.22956124005731937 0.6450423448235543 0.1723364718809772 0.6428212099683026
0 0.1014417919915169 0.6019670124053955 0.1701141430829381 0.6111699124570737 0.16066926095074602 0.6422659224416444 0.0962219241807767 0.6389342125330765
0 0.07644179199151688 0.6704670124053956 0.09955540211836113 0.669474934990989 0.1001109843178709 0.7061238049907602 0.10788911985153363 0.7144530721364896 0.1084447020510434 0.7488808072810094 0.06177593462749004 0.7494360795562865
0 0.0449417919915169 0.6684670124053956 0.02573701558972001 0.6672537848843564 0.002958221707190254 0.7505466546096028 0.051293735729272975 0.7527678047162354 0.062405349200520106 0.6689196474643307
0 0.027511791991628655 0.7769670124053956 0.059071856003461376 0.7776984973576982 0.0635164830805911 0.8576596571743766 0.012403088579908034 0.8604360795562865
0 0.00101179199162865 0.7759670124053956 0.01907005971455116 0.7754773625024467 0.004624953046245324 0.8615466546096028 0.00018031070964132922 0.8615466546096028
0 0.06851179199162866 0.7774670124053955 0.09518459215527743 0.7754773625024466 0.0957401590953129 0.8032416625784493 0.11351872844172885 0.801575784747094 0.11963011737686219 0.8509962373572406 0.0701834694747085 0.8537726597391506
0 0.14796473325448983 0.7699245024872461 0.17907724487019208 0.7743667874491302 0.17518818473309786 0.8526620846858343 0.14852033071347392 0.8521068124105571
0 0.14401179199162867 0.6679670124053956 0.18241073806725075 0.6671966150831073 0.17907724487019208 0.7471577748997856 0.14074217992033689 0.7466024873731275
0 0.19201179199162866 0.6729670124053956 0.22963508769031393 0.6738600501516241 0.222412534356161 0.7543764974949607 0.19018885834143923 0.7493789250064182
0 0.24130226810159652 0.6727494750983078 0.27852616865243207 0.6738600501516241 0.26630339078216536 0.7560423448235543 0.23185738596940447 0.7560423448235543
0 0.2840117919916287 0.6754670124053956 0.32575048775654664 0.6783023351135085 0.31575003868431906 0.7588187824568449 0.27463710851533796 0.7554870572968961
0 0.33451179199162867 0.6749670124053955 0.3763083610956171 0.6799681824421019 0.35741859683123295 0.762705779892071 0.32130589119836556 0.7604846297854384
0 0.38151179199162866 0.6819670124053956 0.42075475394270845 0.6821893325487345 0.4013094837761859 0.7643716424720456 0.3635299552474177 0.762150492365413
0 0.4285117919916287 0.6834670124053956 0.45908984941151226 0.6844104674039861 0.436866622469018 0.7699245024872461 0.40630970831229973 0.7682586399072716
0 0.4595117919916287 0.6854670124053956 0.48186864329404194 0.6866316175106187 0.4585342824714767 0.7671480648539553 0.4390889512670571 0.7671480648539553
0 0.4920117919916287 0.6914670124053955 0.5357599182733253 0.6905186149458449 0.5190925438448776 0.7688139274339296 0.47075699930384624 0.7682586399072716
0 0.5425117919916287 0.6944670124053955 0.5818731340163176 0.6944056123810709 0.5674280273480117 0.7588187824568449 0.5329820225352507 0.7638163549453872
0 0.5952070457666552 0.6944056123810709 0.6529874114019815 0.6960714749610455 0.6013184652207372 0.755487057296896 0.5779840433602749 0.7577082074035287
0 0.24101179199162864 0.6089670124053955 0.2790817355924676 0.6083648975488489 0.28019289999148717 0.6450137599229296 0.24074667064261238 0.6450137599229296
0 0.29201179199162863 0.6114670124053955 0.3629743883073822 0.6200258974802177 0.3596409256292721 0.6489007726095366 0.28852661772465965 0.6477901975562204
0 0.4546451918154339 0.62502346996876 0.517425781986874 0.6283551951287091 0.5163146481068029 0.6633382025485058 0.4490894003392847 0.6588959175866215
0 0.37551179199162865 0.6199670124053955 0.39964272191818234 0.6200258974802176 0.4018650507162214 0.6555641924266726 0.3707525085815707 0.6527877700447628
0 0.4090117919916287 0.6214670124053955 0.437977756349089 0.6216917600601921 0.44020008514712816 0.6566747674799889 0.41019873793044537 0.6555641924266726
0 0.63798673779364 0.6722227724722742 0.6913225068707852 0.674999194854184 0.710212210097272 0.6455690474495879 0.6957671644668635 0.6411267624877035
0 0.19130002274045876 0.7749220749757885 0.21796787676008267 0.7760326347777239 0.2096341895458588 0.8548832347924668 0.18574420074536088 0.8526620846858343
0 0.22851179199162863 0.7794670124053955 0.26019200184703206 0.7782537848843564 0.2546362103708828 0.8609913823343256 0.22019020555812183 0.8587702322276928
0 0.2745117919916287 0.7799670124053955 0.3090831133280989 0.779919647464331 0.2979714693379031 0.8637678047162354 0.2640810619841263 0.8604360795562865
0 0.3200117919916287 0.7834670124053956 0.34908490961700905 0.7838066448995571 0.33852883256684885 0.8676548021514614 0.30630521759002427 0.8643231074942744
0 0.40351179199162873 0.7869670124053956 0.42964406913486497 0.7904700799680738 0.4074208421923706 0.87653937207523 0.3851976152498765 0.8754287970219137
0 0.3600117919916287 0.7864670124053955 0.39297573552406495 0.7860277797548086 0.37797506191572355 0.8720971023647266 0.34852928163907637 0.869875952258094
0 0.4390117919916287 0.7914670124053955 0.4635345070075904 0.7899147924414157 0.43853338432702166 0.8765393720752299 0.4135322006085555 0.8754287970219137
0 0.5145117919916288 0.7944670124053955 0.5518717867996349 0.7882489298614413 0.4785351806159319 0.8820922473418115 0.46909029848373973 0.8820922473418114 0.4852021059721522 0.8410010923801559
0 0.4725117919916287 0.7949670124053955 0.5002027795804934 0.794912364929958 0.45853428247147676 0.8815369445637724 0.4490894003392847 0.8809816722884952
0 0.5685117919916287 0.7879670124053956 0.5952070457666552 0.784361932426215 0.5096476617126856 0.8559938098457832
0 0.024625851190700435 0.6494560448848139 0.07796158974889693 0.6500113324114721 0.08851760576115997 0.5967038976174801 0.06907230507568894 0.5944827475108475