0 0.5438527066942672 0.5262584793735559 0.5865975097993686 0.5408385462287942 0.6335246737277906 0.47195273535216886 0.5897259959872144 0.45577501388116287
0 0.6480780588069434 0.4790753807820065 0.6841017668507586 0.4938709518129247 0.6455171325093855 0.5596256011951916 0.6090182701948125 0.5465790197184822
0 0.553007636271732 0.44315988782426 0.5688694786856935 0.44638148639796427 0.5281992871329633 0.519442222267191 0.5083856128817539 0.5147454692756225
0 0.4501354217529297 0.4946435203552247 0.49114565786196535 0.5098300777115015 0.5418634907595596 0.4372077306815602 0.4959583022796707 0.42127526858506925
0 0.4596354217529297 0.4081435203552246 0.47744814317457085 0.4142353661927316 0.4311727911675108 0.4920450040983265 0.4141434386900603 0.485005086440945
0 0.37563542175292963 0.47114352035522455 0.3989651173750164 0.47870621033722827 0.4452404998858694 0.40497229334426793 0.41969647116969383 0.3964502925795568
0 0.31813542175292964 0.45264352035522465 0.3600937985062032 0.4664789712741054 0.4041479558236858 0.39311559795554324 0.3671276376134862 0.3790357397432144
0 0.2997506920250951 0.44610025985562557 0.2527348909485209 0.43239093768517306 0.30160169268370857 0.3553223337007211 0.347136671880737 0.3701432105691489
0 0.24113542175292962 0.4221435203552247 0.2086233316562479 0.37024189689577225 0.23231632921001708 0.3313370703104529 0.28710638795959537 0.3480105739606085
0 0.10190542175471784 0.2241435203552246 0.12495743690423118 0.25909358192578824 0.1712328194150842 0.18869436337310241
0 0.14140542175471787 0.2671435203552246 0.1764156578637536 0.279472293344268 0.22158042777792133 0.2105551693476947 0.1834495274748294 0.19758689636342885
0 0.19540542175471784 0.2871435203552246 0.2293547159547183 0.2998510200277915 0.27451948586888597 0.22982233370072105 0.23897997428633583 0.21537196997660366
0 0.2479054217547179 0.3071435203552246 0.2974720648569341 0.32356444133532875 0.34411767190254416 0.251312607449698 0.2911785833077865 0.2342685982877538
0 0.31635244849679095 0.32986331743904546 0.36199673063210336 0.34560435899271036 0.4060508879495858 0.2726114988184587 0.3608861180354181 0.25742007827563257
0 0.4222054217547179 0.27814352035522466 0.46454297852018406 0.29002602875723527 0.41900798407125917 0.365242059387613 0.37939627714051793 0.3515327066870727
0 0.4812054217547179 0.2976435203552246 0.5052652980476107 0.30373536619273167 0.4601005281334429 0.3808039778097056 0.4349267239520243 0.37117039181693146
0 0.5177054217547179 0.31064352035522463 0.537472971840105 0.3159625899908108 0.4926783959569013 0.39154910323541114 0.4730576547589092 0.38450918557802966
0 0.5087054217547178 0.3966435203552247 0.5541321302865913 0.4126688562075558 0.6004074822936514 0.3389349544796393 0.5515407110622567 0.3218909376851732
0 0.5702054217547179 0.4171435203552247 0.5870801921410138 0.4230434990190386 0.6329854111246958 0.35116219354276224 0.6137348334538748 0.3437517474760263
0 0.6057054217547179 0.4281435203552246 0.6492085201343487 0.4447228217540693 0.6925222588861101 0.3706183839842766 0.6488382955995917 0.3557974918508049
0 0.7085854217529298 0.3725235203556717 0.7276915459339033 0.379510920790864 0.6825267760197354 0.45991422703185153 0.6647570354803568 0.45361536619317866
0 0.7245854217529297 0.3491435203552246 0.7436103163184613 0.35422153317210203 0.7906261173950354 0.2815992014072047 0.7687841204998799 0.2745592684847793
0 0.6655854217529297 0.32664352035522465 0.7106622544640386 0.34244315275380854 0.7539759932158 0.27056186254257597 0.708811223301632 0.2531473097062335
0 0.6470854217529297 0.3206435203552246 0.6318089736259341 0.3157655499665682 0.6754929064086597 0.24203164060612978 0.6914116767932177 0.24833053197489036
0 0.6115854217529297 0.30864352035522463 0.6580933599002451 0.23869694598211616 0.615520039714205 0.2220234499644824 0.5710956578619655 0.2939047554407588
0 0.5525854217529297 0.2876435203552246 0.5984906872367546 0.2194298045266556 0.5803507526664118 0.21127830164121109 0.5329647575588735 0.2813069879682816
0 0.5170854217529297 0.2756435203552246 0.5633214001889614 0.2053499539468487 0.5411092092628417 0.19571636795407457 0.49742524597632337 0.26648611109985365
0 0.4795854217529298 0.2631435203552246 0.5248202753511124 0.1890469710735254 0.48224695516507227 0.17533765653559477 0.438933185909518 0.24944210193790947
0 0.42008542175292973 0.2421435203552246 0.4674387973771995 0.16902885457963157 0.4207932208353823 0.15309639248314075 0.37673906351789993 0.22831242311351843
0 0.37208542175292975 0.13826352035701275 0.3426803738148956 0.12604827655158993 0.29959428692499424 0.19978219354455032 0.32809992889646866 0.20978629268163496
0 0.35858542175292973 0.22426352035701275 0.4063553180860595 0.14827959948675368 0.38858556229478447 0.141239697094416 0.34305058309775616 0.2149736140873764
0 0.27817542175427085 0.19376352035701275 0.32698931629978334 0.12011992885722757 0.31033018835709003 0.11345053197667845 0.2910796259381655 0.14309229334605614 0.21592840742487393 0.16976989613329643
0 0.32367542175427083 0.0976435203552246 0.35882676555752063 0.10859206158145636 0.3880728260947162 0.06005366426840668 0.3506823443573454 0.05894210193790949 0.32328728447876337 0.0974763924813526
0 0.3771754217542708 0.1076435203552246 0.42102088794913883 0.12378346685923859 0.4535987557725973 0.069687234996137 0.40288095337879604 0.06449992885543943
0 0.4366754217542709 0.1286435203552246 0.48358520437172103 0.14453270668707263 0.5228267477752911 0.07783872261653768 0.4676664644909559 0.0707987896941123
0 0.5006754217542708 0.14914352035522463 0.5420772949423193 0.16268832397464567 0.5913143212122641 0.08524916868327352 0.540966682345634 0.08080288883119692
0 0.5561754217542708 0.16914352035522462 0.5806741865694726 0.17809513662510462 0.6317622134980309 0.09213399583406517 0.6065884398204052 0.08472355739985124
0 0.5954754217542708 0.18203352035656573 0.6176945047796721 0.19032237568822755 0.6691527257391945 0.10139705723374595 0.6462001162473537 0.09658026423735888
0 0.6314754217542707 0.19803352035656574 0.6772971774431628 0.2121832007441246 0.7361594620447249 0.11584742477412427 0.6854416596509237 0.10584332182077869 0.6313920194670666 0.19810333489927387
0 0.6924754217542709 0.2150335203565657 0.7113558823980636 0.22144624306250058 0.7716989736272751 0.11955264017497029 0.7520782019254901 0.11621793791843477
0 0.7244754217542709 0.2270335203565657 0.7720691676582395 0.24219548289033466 0.836114321212264 0.1369671853787908 0.7839156816870204 0.12511046709250026
0 0.8719754217542709 0.14403352035656572 0.8538840617516427 0.14178397074265592 0.785766682345634 0.24997644210138098 0.8072384547060324 0.25516374824207855
0 0.8414754217542708 0.3991435203552246 0.9994889669480901 0.39798201196276906 0.9994889669480902 0.3435152516903132 0.8813942037140013 0.31572609038883664 0.837710240427483 0.3690812768820124 0.8399314656208535 0.4002051366237635
0 0.8928354217551647 0.3026435203552246 0.9998591609790544 0.3240342270314045 0.999118772917126 0.24844769852176019 0.9480307459885678 0.23696152390986783
0 0.9588354217551648 0.22764352035522464 1 0.23592827654980184 0.9987485788861619 0.18553726772006815
0 0.9343354217551646 0.08064352035522461 0.9869020648573809 0.001252194106893354 0.8999043323153083 0.0005111525532285288 0.8699178837161845 0.0664640950700987 0.9328524246735238 0.08128500246861424
0 0.783290375708869 0.05053164060612977 0.856590593563547 0.06090626815256872 0.8854664295659854 0.0012521941068933406 0.8043919540383035 0.001252194106893354
0 0.7033354217551647 0.03164352035522461 0.764780247107562 0.04423276450241306 0.7895838267542236 0.0023637640699124907 0.7136922201790038 0
0 0.7003354217551647 0.0011435203552246076 0.6892588040595135 0.0275592684847793 0.6289547159547182 0.01681413542655179 0.6352481670000728 0.0005111525532285333
0 0.015635421752929694 0.001643520355224606 0.045515900178951865 0.14173383058335592 0.07513215474711153 0.11060996320908291 0.056992220176768776 0.0009354049267672248
0 0.0721354217529297 0.0016435203552246148 0.08808928137257788 0.09467753164267972 0.1280712128380763 0.0972711694479847 0.11215247295731111 0
0 0.1271354217529297 0.001643520355224606 0.142509146091192 0.09430698796828157 0.17804859666615636 0.08319133413322163 0.16620211314116823 0
0 0.1821354217529297 0.0016435203552246102 0.19285672395023618 0.07541035965713143 0.226915398401344 0.06170104511920079 0.21840075266641182 0.0013059295198606024
0 0.2306354217529297 0.0016435203552246102 0.23580029917482634 0.0528085083126134 0.2802246505232729 0.0024174918503578314