0 0.2331354217529297 0.5461435203552246 0.26274723619139995 0.5565644413353288 0.30087816699828474 0.4928346234794531 0.27015129983343983 0.4820894751561817
0 0.1906354217529297 0.5046435203552246 0.21091882120091338 0.5335920615814564 0.2523815592940612 0.4735674667589486
0 0.3246354217529297 0.4991435203552247 0.35714903237551243 0.5083965571665895 0.31679687637525694 0.5754610696464789 0.2838488145208343 0.5647159289557294
0 0.3761354217529297 0.5146435203552246 0.428968443602541 0.529516325403778 0.38454406175030154 0.6028797139873839 0.33419645338746434 0.5869472518908931
0 0.30813542175292974 0.4531435203552247 0.3649232900485165 0.4728264328378057 0.41193909112509053 0.40242720665259796 0.39602032074053256 0.3957578097720489 0.37158696562862814 0.42577010336704185
0 0.42713542175292973 0.40864352035522467 0.45992443266859484 0.41812682165333226 0.41512988728918415 0.4859323756868865 0.38662427582150266 0.47926297117381544
0 0.47263542175292966 0.4221435203552247 0.49139171839916096 0.4292424831209141 0.4465971425159573 0.5022353661927316 0.43104859666615636 0.4966775316426797
0 0.4451354217529297 0.5361435203552246 0.4902811058024757 0.5511442766500917 0.4480779491436067 0.6245076652336979 0.4051344044228095 0.6096867731002261
0 0.5066354217529297 0.4346435203552247 0.5498838089697592 0.4496212021719158 0.506940233745169 0.5237256323091867 0.4617754638310012 0.510016325403778
0 0.5681354217529296 0.4556435203552246 0.6098567061680068 0.46888835889242025 0.5654323243157672 0.5415107059223615 0.5265610054469542 0.5300245084129034
0 0.3176354217529297 0.6131435203552246 0.36922469880929526 0.6302793677221539 0.3277619912199404 0.6980849522857957 0.29481386835793194 0.6480644413353288
0 0.38813542175292964 0.6381435203552246 0.42734656484513633 0.6506580944056775 0.38477321415530324 0.7266151360596322 0.34257008800022726 0.7129058138891797
0 0.46913542175292977 0.6276435203552246 0.5065700397142049 0.6406539952685929 0.5465519406759104 0.5735894751561816 0.5076806523108902 0.5591391114320643
0 0.4486354217529297 0.6606435203552246 0.4888002991748263 0.6736304894245937 0.4451163358883079 0.746252821189491 0.40624501701949484 0.732914012163349
0 0.5636354217529298 0.5781435203552246 0.587644515241887 0.5858167065867828 0.5439605519553686 0.6584390536167238 0.5217483610292488 0.649175996033304
0 0.5061354217529297 0.6791435203552245 0.5273013935088824 0.684297299879868 0.4832472361914 0.7587722431614494 0.46140526980003715 0.7517323102390242
0 0.5616354217529298 0.6616435203552246 0.5795000635379188 0.6672532678203582 0.6224436082587159 0.5994476985217603 0.6020824484950027 0.5912962185338815
0 0.5436354217529298 0.6916435203552246 0.5617302619909543 0.6950424253055738 0.5169357166115437 0.7702584406709075 0.49731494490975847 0.7654416476745206
0 0.5771354217529298 0.7021435203552246 0.6239244453901585 0.7172737482407375 0.5791298084993689 0.7910076652336978 0.533965069088994 0.7772983430632453
0 0.5921354217529298 0.6741435203552245 0.6398431547671306 0.6913372022722057 0.6827867604955137 0.6209380028008248 0.6376219295737601 0.6057465822579987
0 0.6391354217529297 0.7246435203552245 0.655892812733217 0.7285992014072048 0.6114684613847704 0.7997394653298163 0.594809333442077 0.7952932007427836
0 0.6751354217529297 0.7356435203552246 0.7191975477215206 0.7493484336025168 0.6762540030007232 0.8212297314462712 0.6307190085517985 0.8078909376851731
0 0.7326354217529297 0.7576435203552245 0.7739876064710987 0.7708387226165376 0.7310440617503017 0.8423494996834597 0.6925429064086596 0.8312338305833559
0 0.6996354217529297 0.6256435203552246 0.7166061284971857 0.6309380028008248 0.675513614938795 0.7013372022722058 0.6551524246712888 0.6972614660945274
0 0.7341354217529298 0.6371435203552246 0.7773194137573616 0.6513167065867826 0.7369672882608991 0.7217159289557294 0.6899514871843249 0.7087476483389417
0 0.7946354217529297 0.6536435203552245 0.8141207742321179 0.660561862542576 0.7663645850936156 0.7380009873038605 0.7500756816856793 0.7324431527538086
0 0.6256354217529297 0.4781435203552246 0.6467890152318775 0.48516933336851054 0.6045858585730085 0.557050623579743 0.5816333100887534 0.5492696491036528
0 0.6641354217529297 0.4921435203552247 0.683068914876356 0.4973965571665896 0.6386445330241163 0.5681662926798468 0.6223555991123871 0.5629789712741053
0 0.6996354217529297 0.5026435203552246 0.741561005446954 0.5199984085111076 0.7000982673538063 0.5870629209909969 0.6590057232916228 0.5744651840486074
0 0.7526354217529296 0.6071435203552247 0.7963510336927395 0.6210726243444542 0.8381839963206442 0.5506734325055951 0.7930192264064764 0.5362230687814777
0 0.7616354217529298 0.5236435203552247 0.7774707110604683 0.5285204245408627 0.7382291676568983 0.597437533272392 0.7208296211484838 0.5937323102390241
0 0.8541354217529298 0.5561435203552246 0.872242701275545 0.5621595994849656 0.8326309638410109 0.6292241272298987 0.8144910292706681 0.6236662926798467
0 0.5876354217529297 0.4296435203552246 0.6242066302747936 0.4404144587942161 0.6690012061579972 0.3714973347976428 0.6249470488405148 0.3637163679540745
0 0.46363542175292977 0.3871435203552246 0.5050012544440196 0.4000275414690451 0.5375791222674781 0.3496365288230506 0.4883421112494297 0.34444922268235295
0 0.5546354217529297 0.35364352035522456 0.6075475023321003 0.35704697107352545 0.567565570866602 0.4237409704091043 0.5227709949833982 0.40817903672196776
0 0.6436354217529298 0.4481435203552246 0.6667799809646268 0.4563469208907069 0.7167573952964997 0.37520257309605465 0.6875113652630971 0.3700152516903132
0 0.7716354217529298 0.38664352035522465 0.8167122544640386 0.39484023532834756 0.7615519406759104 0.48969391292597436 0.7189786204898703 0.4785782590909145
0 0.7351354217529297 0.3771435203552246 0.7541479075376634 0.3807604000135845 0.7015790739814557 0.4704267562054699 0.6801073016210571 0.46301632540377796
0 0.8376354217529297 0.3991435203552246 0.8548431547671305 0.40002754146904507 0.7963510336927393 0.4993274836537047 0.7789514871843248 0.49525174747602635
0 0.8116354217529298 0.5081435203552246 0.8537325116666523 0.5211883239746458 0.9214796665379039 0.41373686363949774 0.875204314530844 0.4044738136885998
0 0.8691354217529298 0.5291435203552246 0.8881129130887386 0.5353397810649586 0.9551196798980619 0.42937044199974994 0.9354989081962768 0.4227010451192008
0 0.8696354217529297 0.3281435203552246 0.9388307459863328 0.3399390536167239 0.9988036126807874 0.2147025730960546 0.9988036126807874 0.19358279341008328 0.9406817466449462 0.1713514666586586
0 0.9581354217529298 0.34464352035522466 1 0.35438941734084123 0.9991738677193375 0.24953164060612976
0 0.8631354217529297 0.14364352035522462 0.9218013935088823 0.16557976417020248 0.8518330134442603 0.32194015786027635 0.7888985334945068 0.30971291879715346
0 0.9281354217529298 0.1281435203552246 0.9725192264064765 0.1441677977591348 0.9980632246188591 0.09229469818954956 0.9999142557812657 0 0.9802934840794805 0
0 0.9896354217529297 0.1511435203552246 0.9999142557812657 0.1556539952685929 0.9991738677193374 0.12601222626669334
0 0.8681354217529297 0.1056435203552246 0.9110655225805796 0.12119543327030625 0.9614131004396238 0.0026283343651422263 0.90958471595293 0.0007757266647192295
0 0.7891354217529297 0.11714352035522461 0.847760787592276 0.1366790367219677 0.7733499876447055 0.3056371520893873 0.7144877030431434 0.29378042617057487
0 0.8041354217529297 0.07964352035522461 0.851092625382332 0.0960782590909145 0.892925557506444 0.001965615414430548 0.8351738855015668 0
0 0.7211354217529297 0.017143520355224613 0.7822348884181879 0.04375630087649991 0.6848714484749837 0.2708080769467902 0.6245283419938755 0.24264837578717646
0 0.7326354217529297 0.001643520355224606 0.7881581149287854 0.024938002800824838 0.8022258236471441 0.0008540530839333061
0 0.6581354217529298 0.0026435203552246022 0.703953736860023 0.020194363373102427 0.615845422225058 0.22731629048600335 0.5625361701031291 0.17581368116316284 0.6358363879578072 0.001668259655045663
0 0.49313542175292974 0.11264352035522462 0.550689686578141 0.16136331743904545 0.6191772295113208 0.002409301208710488 0.5381027844874317 0.0016682596550456807
0 0.40663542175292977 0.06164352035522461 0.4633217600051043 0.10393237568688646 0.49997185368054686 0.027604805623577314 0.45147524597632327 0.0012977350619522987 0.40927211982124717 0.0005566935082874913
0 0.03289542175295046 0.002123520355252486 0.057694640059737755 0.14041905361675175 0.0451077379690285 0.14041905361675175 0.002534387279195416 0.01851726772009604 0.0014237746825101194 0
0 0.054395421752950465 0.0006235203552524826 0.09138312047988154 0.0011027225162755538 0.11211450477835187 0.12670973144629916 0.0736133799405029 0.12782130140931833
0 0.10989542175295046 0.0031235203552524913 0.12877366322483816 0.12226346685926646 0.16838537015557953 0.12485711992961523 0.15172621170909323 0.0025848056236051774
0 0.16539542175295047 0.0031235203552524913 0.18615511069495813 0.12115189689624728 0.22428601099805015 0.12226346685926646 0.20503546383102203 0.002214284846772765
0 0.22289542175295046 0.002123520355252486 0.24057494490977926 0.12226346685926645 0.2820376830029272 0.1207813837519368 0.26426794246354857 0
0 0.05289542175295046 0.1581435203552246 0.07731541176152285 0.15888683854808844 0.08879173175933977 0.24484799460417175
0 0.09339542175295047 0.1576435203552246 0.11951856842039177 0.15703422703140446 0.1328458585730293 0.24225435679886684 0.10656147229871843 0.24225435679886684
0 0.13689542175295044 0.1536435203552246 0.17467882120093414 0.15407006081674518 0.18911672395025697 0.24040171475209515 0.1502454050814438 0.24077224316144946
0 0.19289542175295046 0.1521435203552246 0.23020926801244063 0.15221743403501745 0.24464720126555634 0.23558495228579576 0.20651627045867152 0.23854910323541115
0 0.2494598151794686 0.14925326782035814 0.2857397148239471 0.14925326782035817 0.2994372295113417 0.2337323102390241 0.2653785550602339 0.23558495228579573
0 0.27789542175295046 0.003143520355224609 0.3012882606737481 0.0026831282265304245 0.3179474191202344 0.11495135102797778 0.2961054222250789 0.1164334341353074
0 0.3183954217529505 0.0036435203552246166 0.33645754772154135 0.1156140623461675 0.35903993267862516 0.11894877223522499 0.3405298040773183 0.06633462347945304 0.3379383848529836 0.006310028656945237
0 0.3058954217529505 0.14614352035522463 0.34127019213924653 0.14695179765884478 0.3571889625238046 0.23180138375190892 0.31720697005072035 0.23291295371492807
0 0.3583954217529505 0.1431435203552246 0.3745884480246332 0.23921182981864483 0.4001324462370159 0.2399528713723096 0.40309412049990057 0.15880850831261342 0.3916178615096695 0.14584023532834758
0 0.31539542175295043 0.26014352035522464 0.3260918708242025 0.32316369862205013 0.3816223786432949 0.25906336762186394
0 0.09989542175295046 0.27214352035522466 0.13987975868789804 0.2720316406061298 0.15876008132016903 0.3909692831856921 0.13062463337965877 0.4157942439261606
0 0.15689542175295046 0.27114352035522465 0.19133794914362748 0.27054956513132206 0.21021830227969143 0.3720726243444542 0.17171717744184242 0.3735547227168277
0 0.21389542175295045 0.2691435203552246 0.24686839595513393 0.2683264328378057 0.26167652323921387 0.3624390536167239 0.22613704216045652 0.3720726243444541
0 0.26648916765691905 0.2635096322088967 0.29684581028700696 0.26350963220889667 0.3112837435401227 0.3379845907555219 0.27759526311997895 0.355028607549988
0 0.43463542175292974 0.3391435203552246 0.4682404998858694 0.34109768106287286 0.4430666957044508 0.386301383751909 0.4104887973771995 0.37629729987986815
0 0.46894187918288976 0.1382927923641474 0.4624010805339321 0.16173014354316406 0.4619984240232775 0.24112381338989736 0.53206238216874 0.24394487184753003 0.6061529717781162 0.29109745614402505 0.620246281437866 0.27739501803027306 0.5429343733858853 0.19316518867173252
0 0.9636354217529296 0.5986435203552246 0.9223036126807875 0.6455946403742092 0.9223036126807875 0.6774595645671908 1 0.6759774814598614 0.998195280263593 0.6007614660945274
0 0.9751354217529297 0.5836435203552246 0.9993058623564854 0.5870521439240748 0.998565535302143 0.5555577634054913