0 0.4070817919921945 0.7079670124053956 0.5306627319936484 0.7491740764005962 0.7217466162696181 0.48751966386684176 0.5684351142400312 0.38759989811946083 0.5562146896828795 0.4364865084059607
0 0.37446179199218754 0.4964670124053956 0.42501936401092116 0.3915719155533971 0.4844553426591142 0.4282368694537533 0.4383507750901005 0.5287877156247618
0 0.35502934904894246 0.4882340736807337 0.4116879529317419 0.3793502744253277 0.3450307754829455 0.3432408517478029 0.2922605023743421 0.45490229185929193
0 0.5364617919921876 0.16596701240539552 0.4316851000637356 0.3540077322427673 0.3922462380343117 0.33011996595138593 0.5027860405212919 0.13846225862328107
0 0.44696179199218755 0.3589670124053956 0.5044524897911081 0.39622798311336377 0.5966615639026855 0.19845946285026145 0.5555562831166703 0.16901638433056562
0 0.34196179199218757 0.3019670124053955 0.37947028970292107 0.32345359127740847 0.48834364292008525 0.1351290865443666 0.4539040981868846 0.10735260932220218
0 0.5574617919921876 0.1469670124053955 0.603882762703289 0.18401568157279213 0.6249908353308602 0.14735074293051004 0.5783308050140578 0.11290790629244246
0 0.31546179199218755 0.25346701240539554 0.4127988784273192 0.07846506965437489 0.4394617616121279 0.096797546604553 0.33392124590814604 0.28623313667036915
0 0.4999617919921876 0.1069670124053955 0.5411138855154636 0.13735121143569234 0.5649993939348785 0.10401942961425055 0.5188948263658648 0.073465303906966
0 0.44296179199218755 0.06796701240539552 0.48501080540690306 0.0990726183111705 0.5066744018087129 0.06629637534159727 0.46334720900509274 0.03574224963431271
0 0.38196179199218755 0.0329670124053955 0.4266858132807373 0.059735932443388734 0.4477938859083086 0.02640416588002113 0.4127988784273193 0.00029427469731397427 0.39891194357390136 0
0 0.36946179199218754 0.05246701240539549 0.4011338555915062 0.06973546393820641 0.30725836272333756 0.23694987375209853 0.288372171600146 0.20417360789541403
0 0.3389617919921875 0.0034670124053955043 0.3700272093979379 0.022515447320201002 0.3844695764859196 0.0008498059201454699 0.34003148869994704 0.0025163843305656152
0 0.29696179199218753 0.00046701240539549717 0.3589176798231385 0.04195899434507916 0.2794845540429516 0.18972985713409302 0.25837645090215516 0.1447319654074134 0.20282883354138317 0.124732902417778 0.26337573768515365 0.0019608531077341595
0 0.1164617919921875 0.020467012405395515 0.20060692152377832 0.0742326681651868 0.18172073040058684 0.11145315328837452 0.1472811856673862 0.0886764189265077 0.13839356811019168 0.09812043445656812 0.10062117060719626 0.06867735593687233
0 0.2264617919921875 0.019467012405395535 0.1939411854709637 0 0.12339570776119625 0 0.20560620830677678 0.058677824442054625
0 0.049961791992187504 0.009967012405395508 0.08062402347520234 0.024737572211526778 0.09339998706320539 0.0014053371429769057 0.03573334047679896 0.0002942746973139787
0 0.0010817919921944875 0.0404670124053955 0.024623810901999575 0.03140393162743001 0.07183930396659079 0.05640276036447423 0.0018492737479995692 0.21306207694456872
0 0.09508179199219452 0.08996701240539552 0.136830032145571 0.11634699488905166 0.04017713399878375 0.32411504664697177 0.0018492737479995647 0.3113378742960709 0.005737604522195632 0.2852279831133638
0 0.09508179199219452 0.3544670124053955 0.14182931892856948 0.37845104501505417 0.25125816540674734 0.19679286918176708 0.23792672381434296 0.17346063411321722 0.19848789229814387 0.15846132161291646
0 0.051581791992194495 0.3334670124053955 0.08461525229798132 0.3467858416040326 0.1868228999755558 0.15123944623225602 0.15182789249456646 0.12735167231183755
0 0.10708179199219452 0.39196701240539555 0.15238335524235516 0.415565590733436 0.08017142826277157 0.5838910477349167 0.02962309768499809 0.5677806880470273
0 0.0495817919921945 0.36446701240539553 0.0901700018287685 0.38390041783856277 0.017402612101396233 0.5616698598539556 0.0007383177391971518 0.5544479997313693 0.0018492737479995735 0.47611832618324784
0 0.0005817919921944892 0.3419670124053955 0.03462238446799655 0.35622985713409305 0.0024047517524007976 0.4367816250573919
0 0.2580817919921945 0.2159670124053955 0.2862531423745116 0.2662340736807337 0.20015434156796005 0.4062275146081815 0.15293884850336886 0.3856729051376405
0 0.2950817919921945 0.2804670124053955 0.31013865079392655 0.31956488797566257 0.3329131726913141 0.3334531532883746 0.2768100925827534 0.45178092229961847 0.2084864658641409 0.4167825620677565
0 0.1690817919921945 0.4219670124053955 0.21626312741253295 0.4476804012205573 0.1451621564417518 0.6110060924746292 0.09183645109858468 0.592673607895414
0 0.04508179199219449 0.6094670124053956 0.11238906097836729 0.6347349954330241 0.04406546477297981 0.7830613741867952 0.0012937957435983627 0.7758395140642089 0.0007383177391971607 0.7041761846739165
0 0.00008179199219449096 0.5964670124053956 0.028512141676195635 0.6059533570248173 0.00018285499140842322 0.6653950300289663
0 0.2310817919921945 0.4559670124053955 0.2823648421135405 0.4792926349291759 0.21126384062953446 0.6370630139549334 0.15627168601655117 0.6170639509652979
0 0.29458179199219453 0.4879670124053955 0.3523548570755193 0.5181796984627839 0.2856976796267229 0.6653950300289663 0.2234843262131363 0.6420627797023423
0 0.37258179199219454 0.5189670124053956 0.4295660708381014 0.547067230501574 0.3606869813717001 0.6909494052469163 0.297362702462536 0.668728217365955
0 0.13008179199219452 0.6409670124053956 0.20737550985533842 0.6702888868877175 0.12794241458837646 0.7997272803555905 0.05795239962639778 0.7875056239694469
0 0.22508179199219452 0.6779670124053956 0.3345796219611303 0.7180644194704802 0.2373712305533293 0.8091712653695023 0.1451621564417518 0.8047270461029993
0 0.00008179199219449096 0.8479670124053955 0.02795667892840689 0.8517352296856153 0 0.901732902417778
0 0.22208179199219452 0.8729670124053954 0.3018065264977458 0.8900667619963918 0.2723662380343187 0.9717296228815019 0.15182789249456644 0.9472863101092147
0 0.25908179199219455 0.8354670124053954 0.2929188784273263 0.8445133543049549 0.3268029604127382 0.8217366352011622 0.3468001075447322 0.7567396804848471
0 0.10258179199219451 0.9984670124053956 0.13794098815437345 0.9566244014925435 0.26958886326892506 0.9888451361263967 0.2673669512513202 0.9988446676212144
0 0.31758179199219455 0.9464670124053955 0.3356905474567077 0.8838500401727366 0.5117765713836819 0.9294034631222478 0.4990006230522914 0.9838453551209136
0 0.2960817919921945 0.9984670124053956 0.31124957628950406 0.9599575888295323 0.49122390047744924 0.9988446676212144
0 0.5380817919921945 0.9369670124053955 0.7139699547212259 0.9716766531790989 0.7123035054514096 1 0.5173313209144691 0.9994531532883747
0 0.3440817919921945 0.8679670124053955 0.44178655642170334 0.8889027603644744 0.4856691509466619 0.7650196638668417 0.3851279525389037 0.7294657762266668
0 0.4580817919921945 0.8899670124053956 0.5656577394746377 0.9133460578786871 0.6039856454952595 0.8011290865443665 0.49566772451265906 0.7639086090502158
0 0.6175817919921945 0.8099670124053955 0.695639195832598 0.8367888868877175 0.6989720943722304 0.8495660592386183 0.7123035054514096 0.8551213714669328 0.7123035054514096 0.9434505765098719 0.5850994238588427 0.9178962012919221
0 0.5465817919921946 0.7549670124053955 0.7304520038146614 0.8167853730988504 0.8965394541756385 0.584018492603886 0.798220106759035 0.5240213036349798 0.7671134605654667 0.5156883619941379 0.7371177398674758 0.4935427347574936
0 0.6768617919921875 0.18246701240539553 0.6971234456034882 0.1955140570627283 0.8332151142400245 0.17162627551327275 0.6649058128878924 0.4055042184538999 0.5910274366384926 0.36161738917288316
0 0.8988617919921876 0.12896701240539551 0.9448658727358071 0.16995969710285258 0.9859711535218224 0.14996063411321717 0.9715287559206155 0.1144067426585238 0.9487542340232281 0.12551732134093022
0 0.8593617919921877 0.17296701240539553 0.9187585133252373 0.21540720353466902 0.7454498641636568 0.4565070294849938 0.6721270116884958 0.4187310283970488
0 0.7608617919921876 0.46396701240539556 0.9126482400202113 0.5642797510366627 0.998747101853213 0.439841153832347 0.9993025646010016 0.27818204098869537 0.9487542340232282 0.2270733210689439 0.9298680123868117 0.22596225862328104
0 0.9323617919921877 0.5824670124053956 1 0.6563388113064357 1 0.4824580573347146 0.9343118364220214 0.5813423250953028
0 0.9153617919921877 0.6069670124053955 0.9998580273487905 0.6923423250953029 0.9981916391054243 0.7945597649348056 0.9598637330848027 0.8173364687805241 0.8426582250582326 0.7045639509652979
0 0.7313617919921875 0.8609670124053954 0.8354370262576293 0.721626509765864 0.9415330352226248 0.822732902417778 0.7332293785800549 0.9388385770538443
0 0.7373617919921877 0.9634670124053956 0.8554341733896231 0.9020677142648306 0.8782086952870108 0.9731754819161432 0.8193282404130564 0.998729857134093 0.7360067533454484 1
0 0.8818617919921877 0.8874670124053955 0.990414916530582 0.8342931034343583 0.9998580273487905 0.853736635201162 1 0.9270665277438006 0.9059825649938468 0.9559540597825908
0 0.9073617919921877 0.9709670124053956 1 0.9453990123230159 1 0.998729857134093 0.9098708652548179 0.9981743106531874
0 0.8573617919921876 0.9979670124053956 0.8809861310788544 0.9876192631936125 0.8876518061052188 0.998729857134093