0 0.001354636608714781 0.3210802991625289 0.009418964313389315 0.3277990669591829 0.15183537997718527 0.12916021840558117 0.1025373915929649 0.04313001429878529 0.051674382928435306 0 0.0242866139918926 0.0009869753566826133 0 0.026796049477212272
0 0.1627904789549154 0.15712582732923583 0.29816432484953703 0.372983454185013 0.18313569961450113 0.506721309512204 0.03132920525328428 0.34795645369163436
0 0.001354636608714781 0.3858690315568951 0.015679023942409005 0.3714192639690745 0.16435549923522472 0.5215810521211646 0.16279047895491544 0.5294020032008567 0.06028197297791891 0.5825842986962183 0.0015938844040603683 0.5309661504551589
0 0.0020588619608274605 0.5485450878949233 0.044631813159261 0.5878979012775251 0 0.615271122652357
0 0.001354636608714781 0.6400943836695712 0.09236478126317209 0.5933725455524914 0.12366510090048792 0.6887878479932817 0.000028885615968388124 0.7255462106637441
0 0.1154391436509683 0.5830521301484444 0.17687561849326408 0.5511395386070628 0.2128709989715077 0.5081244365536648 0.32711713555860633 0.6864415841501921 0.27155906605314895 0.7177253025456882 0.2731240863334582 0.7529194750002123 0.18235321096656382 0.7740359784729265
0 0.0086364541732347 0.7357134255865257 0.12757763010904377 0.7013013267591529 0.15574790918574105 0.7943703653568537 0.018026554362872885 0.8256540837523496 0.0015938844040603417 0.7669971439820216 0.01254900487400782 0.7638687635501448
0 0.22382609794923788 0.49795722163088313 0.3451148043055107 0.3563984367048182 0.4358856796724052 0.5308051302423177 0.4280606212552936 0.5620888271569956 0.4319731504638494 0.580076950197833 0.4382332315850864 0.5894620914934636 0.43666825428921185 0.6137069753980547 0.4171055222775635 0.6395160065569482 0.4045854460039586 0.6293487916341666 0.33728974588839916 0.6825311300911642
0 0.4382332315850864 0.45967495064871544 0.5219615801672411 0.4424689012350289 0.5196140282545599 0.5120751510361076 0.46327347010116526 0.5238065561748276
0 0.540741737562083 0.48470190818045766 0.6424677548911423 0.490176552455424 0.6416852662432049 0.5159856050951356 0.5368292083535271 0.5230244395860403
0 0.37741097463688383 0.3415028343737966 0.4335382137285933 0.356438697128233 0.44449331270632336 0.42995542246915774 0.41867058554230724 0.4369942569600626
0 0.44783350984815146 0.3640380456414022 0.4906612605299252 0.36512226416272414 0.4937913010905438 0.42456127756020284 0.45779596359673486 0.43160011205110776
0 0.5041715380171655 0.3633338202892895 0.5172665623107481 0.36355807394678563 0.580649690233317 0.405008964303427 0.5055288887162113 0.42065082350117505
0 0.46473491829885566 0.12178452451464157 0.5227440688151784 0.11723910570771473 0.509441417924767 0.15165118305426945 0.4617084928052907 0.1493048977303618
0 0.36076496412416875 0.11332863016786866 0.4343207023765306 0.12662420404170902 0.44605829000219815 0.0859553873122187 0.3842401823599382 0.08126283814522159
0 0.46473491829885566 0.06474227099351482 0.5180490509586854 0.06171051414803656 0.5360467197055898 0.08986586285206481 0.5290041499364154 0.10472562694184358 0.4640559587491026 0.10394353183387438
0 0.2267067492847711 0.09572818648647256 0.25982147842748143 0.12897048936561667 0.28251420801531374 0.08126283814522159 0.26842906847696507 0.06640307405544281
0 0.19360815773547535 0.06122114423295142 0.24025878940026768 0.03199098596847896 0.2519963770259352 0.0601463346725072 0.21521850789975425 0.08830167263612637