0 0.36763633169778964 0.028618307811457928 0.3658920866547717 0.05443472260187071 0.4309356702623283 0.06188368301877152 0.4336458273331077 0.03953681106769155
0 0.42495340486852134 0.009106112689506708 0.46887772038032055 0.013804048863440449 0.4783633073462786 0 0.42687047187438915 0.000260487850756177
0 0.49019730730754574 0.0005695273236530607 0.4803958693220183 0.016512759206052788 0.5169828781228507 0.024638899533512348 0.5393416553476661 0.0002604878507561792
0 0.5554412097465701 0 0.5325662254524874 0.026670429965565977 0.579316341877858 0.032765030561349384 0.6091279952199717 0
0 0.3432460877953506 0.3200817224456043 0.3415007474542166 0.35841787180991175 0.3665696445315815 0.45186840187909416 0.4133196865204919 0.35096891139301095 0.4024790954556041 0.3408112313338752 0.41128712454475225 0.3211730883246526
0 0.3456851121855945 0.30483782000657983 0.4194175213206306 0.30627516749085093 0.4316131909209082 0.2764793444224925 0.35301889639591416 0.25616400290346614
0 0.3560509658441311 0.2420329419577994 0.43838854637962676 0.26158142358869085 0.4526168523921039 0.22365947879211795 0.37131240079633043 0.20402131718365027
0 0.3603192585270579 0.06642318586023842 0.3604718097314427 0.07738905054388223 0.5298560683817081 0.11260229894727654 0.5386640602526264 0.10312180809832207
0 0.37556316096608233 0.09081342976267745 0.37673267771965935 0.09973591784515101 0.5102075226641322 0.13698070133041018 0.5237582335815694 0.12343714031772596
0 0.37739242925876526 0.11459391756755549 0.37876531413185893 0.1423981220156349 0.4858161834635771 0.1688080641304447 0.501399530793214 0.15120143295403066
0 0.37556316096608233 0.15544757610414084 0.3747000785256898 0.1911549360815247 0.456682050780043 0.2087615579583163 0.4783633073462786 0.18167443593294777
0 0.5255631609660824 0.9103256248846285 0.5312111841353279 0.9675642132733264 0.559667721723822 0.975690335001541 0.5745735483948791 0.9221932894606077
0 0.5883680390148628 0.9267890395187749 0.6565555578674622 0.9458945305324277 0.6443598882671847 0.9926197769677738 0.5732185070777192 0.9756903350015409
0 0.6719046243807165 0.9523987956163359 0.7405702037522449 0.9736588138691098 0.7297295754691272 0.999391576073361 0.6612983513504413 0.9980372162522437
0 0.7517826731612043 0.974350015128531 0.7446354021401844 0.9980372162522435 0.8300050893421268 0.9980372162522435