0 0.5136451453531838 0.13369364233478306 0.45808710851589673 0.11425863990727159 0.44419759930657504 0.22698167228849517 0.48531052947555614 0.23919796737221252 0.49642214294680337 0.20588080728100927 0.49197748535072505 0.1892222424867885 0.4953110090667323 0.18144821711357445 0.5036446962809563 0.18255879216689078
0 0.5269617919921875 0.13346701240539555 0.5786480643226629 0.1514627821823201 0.5364239392357136 0.25752237949502677 0.49086635147065394 0.24308496480743857
0 0.5839617919921875 0.15546701240539554 0.6325394003398435 0.1720083749145287 0.5969822006091143 0.280289122333868 0.5492022840460157 0.2536353820598007
0 0.6394617919921876 0.17296701240539555 0.6703188678307146 0.18144821711357445 0.6492067747682913 0.30860867943376713 0.6014268582051927 0.28251024193773877
0 0.6754617919921876 0.1814670124053955 0.7125429929176639 0.19033278703734297 0.7108762310596604 0.32193554957080084 0.6642074483766328 0.322490821846078
0 0.7286548004060762 0.19033278703734305 0.8058804972458222 0.18755636465543318 0.8303260529863556 0.3469234120135127 0.7264324716080369 0.3002794122880376
0 0.7924617919921876 0.06746701240539553 0.8647720577991165 0.07150162236564167 0.8525492799288498 0.15201808496035912 0.7758791500291394 0.15090750990704282
0 0.6269617919921875 0.04246701240539554 0.6758746593068637 0.03768635980041031 0.688653004117166 0.02602535224335101 0.6953199905112836 0.02602535224335102 0.6780969881049029 0.10709710236472664 0.6069826496813419 0.10265480215146149
0 0.7444617919921876 0.04246701240539554 0.799213571889602 0.04490508239558526 0.8208811708541632 0 0.7792126737451466 0 0.76698989587488 0.034909937418500424 0.7469889977304248 0.035465209693777686
0 0.8729617919921876 0.07746701240539554 0.9490328982813022 0.08266451219729186 0.9412547169692165 0.15040937693025297 0.8629178862493998 0.15040937693025294
0 0.9697817919922294 0.0019670124053955363 0.9640335718896434 0.06545064462503213 1 0.06545064462503213 1 0
0 0.9572817919922294 0.08696701240539553 0.9940349191063261 0.0876620846858343 0.9923681572483225 0.12875323964748972 0.9729228260439031 0.12875323964748972 0.9745895879019066 0.15485167714351802 0.9506995991014086 0.15374110209020178
0 0.9587817919922292 0.19246701240539552 1 0.1930806397700092 0.9940349191063261 0.3552241095099985 0.9079199070744238 0.3507818397994951
0 0.8857817919922293 0.1899670124053955 0.9529219278994477 0.1919700799680738 0.901808548658239 0.3463395395862301 0.8712515734636238 0.34578426731095285
0 0.8132817919922293 0.1859670124053955 0.8823632174538196 0.19030421738809936 0.8656957819874743 0.3446736922576365 0.8362500017108272 0.3435631172043202
0 0.7332817919922293 0.31596701240539554 0.731245286452438 0.3928977998612125 0.7495794837767866 0.4395417995866876 0.8240272238405606 0.42232793201442775 0.8118045070081911 0.3506960698462406
0 0.6742817919922293 0.3309670124053955 0.7190225085821712 0.3334822022739809 0.7195781365601038 0.3951189499678451
0 0.6332817919922293 0.5004670124053956 0.6640200386849195 0.4934045219073377 0.6745761157350799 0.5428249745174845 0.6312407957301623 0.5439355495708008
0 0.6772817919922293 0.4914670124053956 0.7390234067266264 0.4750801097845235 0.7473571549787473 0.5528201194945692 0.6856876986873784 0.5578176919831116
0 0.6902817919922292 0.5674670124053955 0.7518017515369284 0.5672575646849192 0.7645801573851279 0.6438582670364559 0.696799281639677 0.6305313968994223
0 0.7647817919922292 0.4603970124054235 0.8562508998552825 0.4378472199529011 0.8390278974489018 0.3684364773885848 0.9379212542911065 0.37398933740378537 0.9201426849446906 0.5105896571744046 0.769024753943309 0.49781808981541
0 0.9437817919922292 0.3778970124054235 1 0.38342919485421206 1 0.4589480849603871 0.9807009463180912 0.5183636520448567 0.9290320001368471 0.5133660795563144
0 0.9272817919922293 0.5358970124054234 0.9745895879019065 0.540575092105659 0.9440326737451883 0.6627379819373093 0.895697129204157 0.6616274068839928
0 0.8652817919922293 0.5273970124054235 0.9190314900267225 0.530579947128574 0.8879190089299687 0.658850984502083 0.8534730041172076 0.6560745621201732
0 0.7757817919922293 0.5178970124054235 0.8584732286533217 0.5239165273114382 0.8440281219850156 0.652187564684947 0.7918036088637359 0.648300567249721
0 0.9827817919922294 0.5419670124053956 0.9995907105824753 0.542282369784981 0.9984795156645072 0.6444549696624615 0.991812590308287 0.6727745572651225 0.9523663609594124 0.6688875598298963
0 0.8857817919922293 0.6909670124053956 0.9451438076252593 0.6994282670364279 0.919587118004655 0.7793504045937015 0.8718072014415565 0.7715764097232494
0 0.7632817919922293 0.6713770124053812 0.8773629929177056 0.6766225324409437 0.8645846481074035 0.7649129594033517 0.7740249784794229 0.7576942673109385
0 0.9522817919922294 0.7013770124053812 1 0.7082738147007916 0.9962571868664682 0.744922669449182 0.9751451548419422 0.7893455495707863 0.9223650137427297 0.7832374020289277
0 0.9802817919922293 0.7913770124053812 1 0.7948983943346061 0.9990351436424398 0.7593601146395319
0 0.8722817919922292 0.7969670124053956 0.9456993745652948 0.806563647189806 0.9401435830891455 0.8393255045029702 0.8673625438454781 0.8259986648686983
0 0.8657817919922293 0.9979670124053956 0.872362768381592 0.9702872248078962 0.9595889142935653 0.9863905173268397 0.9595889142935653 1
0 0.8802817919922293 0.9244670124053955 0.9868123657721733 0.9458546346404614 0.964589138829679 0.9786165224563874 0.8751406641196666 0.9630685022127213
0 0.8787817919922293 0.8829670124053957 0.8818076505137838 0.9125374898006391 0.9934792911283935 0.9397465023499837 1 0.9275302072662663 1 0.916424502487246