0 0.2659617919921875 0.3804670124053955 0.2805821382024451 0.41771791744935904 0.3305844140825315 0.3977276274951895 0.3155837404741901 0.3644104674039862
0 0.32696179199218744 0.3614670124053956 0.385586883979783 0.3416437550679068 0.39892079573012057 0.3749608999077292 0.3450294902318886 0.3977276274951895
0 0.3974617919921875 0.33696701240539556 0.45725678934337954 0.31832174757947873 0.46614604349763894 0.3521941875716497 0.4133659023984265 0.374405612381071
0 0.4729617919921876 0.31546701240539554 0.5444828742174557 0.29111274265582465 0.5517054275516086 0.3255404625489633 0.48225791202394847 0.3510836125183334
0 0.5579617919921875 0.2909670124053955 0.6255976617132444 0.2655695926864545 0.6350425438454363 0.3005526001062513 0.5678172960779182 0.3233193200680211
0 0.6434617919921876 0.2599670124053955 0.7106014788271786 0.238417749938359 0.7194907940193351 0.2711796225029041 0.6517099182738842 0.29783334752559054
0 0.7261577193755554 0.23342018507550705 0.7928274002030382 0.2112087526403953 0.8022722823352302 0.2484128949154438 0.7328247057696727 0.27395604488481395
0 0.8069617919921874 0.20696701240539553 0.8750533215788978 0.18622088257199287 0.8872760994491642 0.22175917751844781 0.8156061940855679 0.24785762264016653
0 0.7579617919921876 0.40446701240539545 0.7944941620610417 0.3910070226254236 0.8144950602054969 0.44431446504510597 0.7756043977966577 0.4576413275564492
0 0.8124617919921876 0.3839670124053955 0.8472743031602542 0.3737931626788542 0.8628305437086311 0.4304323226327951 0.82838453889587 0.4437591775184478
0 0.8364617919921875 0.5694670124053955 0.8444964074221797 0.593131087525133 0.7778267265946969 0.6158977998612124 0.7678262775224692 0.5925757847470939
0 0.6954617919921876 0.6154670124053955 0.756159066592238 0.5959075099070428 0.763381619926391 0.6153424970831733 0.7006010297549511 0.6381092399220146
0 0.6169617919921876 0.6409670124053954 0.6806001316104959 0.6214506446250321 0.6861559230866451 0.6414409345792018 0.6239308998552408 0.6630971023647265
0 0.5364617919921875 0.6624670124053955 0.6017076729127464 0.6436620846858344 0.6100414211648674 0.6653182524713592 0.5517054275516087 0.6858638147008062
0 0.5799617919921876 0.7129670124053955 0.6167083465210877 0.6986353820598006 0.6372648726434755 0.7647143994641681 0.6033744347707501 0.7813729947611506
0 0.5254617919921876 0.7329670124053955 0.565594967279879 0.7202915498453254 0.5911516569004833 0.779151844654518 0.5511498606115731 0.7952551371734617
0 0.3564617919921875 0.7779670124053957 0.39780963133110103 0.7640447723350118 0.4294777098868387 0.8301238049907603 0.38114222638370465 0.850669367220207
0 0.1099617919921875 0.7384670124053955 0.13946470205171402 0.725174767479989 0.16335466033326335 0.7718187824568449 0.1305754021190317 0.7857009248691559
0 0.08246179199218749 0.8794670124053955 0.10946335483503133 0.9183856623039245 0.16002118239567892 0.8961742222431223 0.12668634198193754 0.8561936423347831
0 0.1054617919921875 0.9394670124053955 0.15724327139812996 0.9128327870373432 0.17835534920107896 0.9500369445637723 0.12168611744582374 0.981132954548343
0 0.12746179199218752 0.9959670124053956 0.18224440933817315 0.9683327870373429 0.19891181428556956 0.9994287970219137
0 0.6354617919921876 0.6949670124053955 0.6728220113363075 0.6813929448382973 0.6933784764207981 0.7469166594646256 0.6544878750498561 0.7652411020902018
0 0.6864617919921875 0.6789670124053956 0.723379823637481 0.6658449245946311 0.7433807217819358 0.7347003948836701 0.7067124492090329 0.7480272345179421
0 0.7394617919921874 0.6629670124053956 0.7750488308566221 0.6491863598004103 0.7972720577991165 0.7169312245333714 0.7594925903082453 0.7319239419989985
0 0.7874617919921876 0.6464670124053956 0.8228287474197207 0.6353042173880994 0.8417185116841049 0.7030490821210604 0.8100504026094186 0.7152653772047777
0 0.8424617919921876 0.6344670124053955 0.8777665020586667 0.6219773625024466 0.8988785340831927 0.6858352145488006 0.8605434996522863 0.698606812410557
0 0.8499017919922713 0.5669670124053955 0.9133236407514984 0.5470137599229297 0.9177682983475769 0.5675593374037574 0.8572100369741763 0.5892154899379015
0 0.9264017919922712 0.5464670124053955 0.9977718909253974 0.5209153224269013 0.9983274578654329 0.544792625067678 0.9372136295519965 0.5658934900751639
0 0.8914017919922712 0.6189670124053955 0.9338801058359892 0.6047634949301869 0.9538810650183416 0.6719530721364896 0.9116569399313922 0.687501092380156
0 0.9424017919922713 0.5999670124053955 0.9866603079730989 0.5853284925026753 0.9983274578654329 0.6219773625024466 1 0.6602920798308114 0.9649926479706403 0.669731952532619
0 0.7564017919922712 0.9084670124053954 0.7977629094808464 0.9034215144875409 0.7972073425408109 0.9478443946091452 0.7599834419899751 0.9528419670976876
0 0.8149017919922713 0.9004670124053956 0.8527653793780978 0.8923158249599016 0.8516542454980268 0.9317411020902017 0.8127635830891875 0.943957397173919
0 0.8669017919922711 0.8914670124053956 0.9022120577992001 0.8856523746400039 0.9044343865972393 0.9228565321664332 0.8710995156645492 0.9289646797082918
0 0.9174017919922712 0.8829670124053957 0.9549921988984126 0.8762125324409581 0.9549921988984126 0.9211906848378397 0.9205461940856516 0.9295199519835691
0 0.9664017919922712 0.8734670124053955 0.9977718909253974 0.8662173874638733 0.9988830858433656 0.9167483846245745 0.9666594098286437 0.9250776822730659
0 0.002201791992271396 0.8607770124054513 0.07804805957838852 0.8257485070678001 0.10693827291500028 0.8435176774180988 0 0.8951592496321165
0 0.00070179199227141 0.8127770124054515 0.03804626328947836 0.7963183749145847 0.06582531222707041 0.8163086648687543 0.001377960197626864 0.8468493720752859
0 0.002201791992271396 0.7652770124054515 0.026934649818231227 0.7857679271594609 0 0.7990947972964946
0 0.0352017919922714 0.6622770124054514 0.04637998102265082 0.700253907327582 0.09916012212186327 0.643614762625022
0 0.01320179199227141 0.6122770124054514 0.026934649818231238 0.639727749938415 0.09527106198476908 0.6286220375337044 0.07915922397740818 0.589752025052991
0 0.011701791992271388 0.5967770124054514 0.07304783504227476 0.5792016001749384 0.058602758892917495 0.5442185889422965 0.00026679579860728887 0.5614324488888658 0 0.586420315144423
0 0.00070179199227141 0.5469670124053956 0.0558248631548429 0.5350258974802177 0.03860186074846244 0.4961558926251947 0 0.5061510376022796
0 0.05620179199227142 0.7319670124053955 0.08527061291254148 0.7186825914383832 0.12527240920145172 0.8158576226401667 0.07026993930420013 0.7769876025337628
0 0.027201791992271396 0.9704670124053955 0.08027038837642772 0.9452392350669916 0.09860455518182772 0.9885515096325179 0.0791592239774082 1 0.0363795319504233 0.999657229662919
0 0.06070179199227141 0.8879670124053954 0.08527061291254145 0.9325248070064843 0.020267693943062336 0.9636208169910551 0.0008223627386427434 0.9380776822730659 0.0019335271376623275 0.9169768172655799
0 0.006201791992271417 0.1279670124053955 0.017489798204987722 0.1515234699687601 0.008044916072795697 0.16207390247250303 0.011933976209889896 0.16984791259433613 0.07638132823933348 0.12598031999938997 0.059158325832953045 0.09099731257959315
0 0 0.11396701240539552 0.05415810129683923 0.08211274265582463 0.03860186074846242 0.049350873904124744 0 0.07100702262542355
0 0.00070179199227141 0.05946701240539551 0.0341572031523841 0.03719176006019211 0.022490022741101505 0.011648610090821973 0.0013779601976268195 0.022754322495532636
0 0.13546179199218752 0.7969670124053956 0.16508980294926212 0.7815175244721115 0.18897973071186278 0.8425989693879368 0.1639786080312939 0.8492624197078342 0.15064469628095623 0.8420436971126594