0 0.5009617919921875 0.37946701240539554 0.56670610115995 0.3671869050372769 0.5517054275516087 0.43160005986166994 0.5433717403373848 0.4354870572968961 0.5433717403373848 0.48435220712900384 0.5033699440484746 0.48157578474709395
0 0.5809617919921876 0.36746701240539553 0.6172639744990205 0.3594128949154438 0.6161527795810522 0.40605690989229987 0.5755954163521064 0.40161462493041555
0 0.5724617919921875 0.4094670124053955 0.6028188678307146 0.4154967673427265 0.6017076729127464 0.4354870572968961 0.5722619536739963 0.43437649749496077
0 0.6279617919921876 0.3559670124053955 0.6667105918822256 0.34664132755644916 0.6589324716080373 0.41827320497601717 0.6233753329152052 0.4093886350522487
0 0.5459617919921875 0.4349670124053955 0.6325333378647714 0.4496383548081249 0.6275331133286577 0.5018352145488006 0.5436404300947945 0.4868424970831734
0 0.6109617919921875 0.4174670124053955 0.6394872014415147 0.42104962735792706 0.6317090201294292 0.44215049236541293 0.6105969881049029 0.4399293575101612
0 0.5699617919921875 0.2959670124053955 0.6583769046680016 0.3244298951213374 0.6500432174537778 0.33498031999938993 0.575039849412071 0.34664132755644916
0 0.4744617919921875 0.2734670124053955 0.5533721894096122 0.29111274265582465 0.5639282054218754 0.34664132755644916 0.4917027331182433 0.36163404502207636
0 0.4354617919921875 0.26646701240539555 0.46503490961756794 0.27167773641546794 0.4678128053556426 0.2916680301824828 0.4378114581389599 0.29555502761770885
0 0.43946179199218754 0.30196701240539553 0.46836837229567807 0.299442025052935 0.47447973071186283 0.3255404625489633 0.4417004877571056 0.32998274751084755
0 0.4464617919921875 0.3364670124053955 0.4750353586897955 0.33498031999938993 0.4805911501659448 0.3594128949154438 0.4478119072111874 0.3699633274191867
0 0.14846179199218748 0.30046701240539553 0.1594656001961691 0.3322038976174801 0.16724373572983184 0.4154967673427265 0.08057315675789394 0.44159520483875475 0.08946245669057622 0.39384063005996334 0.1150191615706549 0.40661219741895793 0.12113053524631395 0.3949511898618987 0.09446268122669 0.3849560448848139 0.1272419241814473 0.3294274676098798 0.14279817998929845 0.3377567500069902 0.14668724012639264 0.3310933225641638 0.12890867077997664 0.3233193200680211
0 0.10196179199218751 0.4724670124053955 0.0728995272059811 0.4676650574341585 0.07012163146790645 0.5426286600136754 0.08734463387428691 0.5842750872506081 0.1173459810909696 0.5814986648686984 0.13901361057447975 0.5520685022127212
0 0.11067899469685218 0.4637780599989324 0.12790199710323266 0.5032033523806134 0.1451249995096131 0.4959846297854385 0.15401428418282112 0.5209725074795314 0.13956920803346384 0.5315229399832744 0.14790289524768777 0.5431839322889526 0.20790558968105308 0.5098667874491303 0.20623885834199807 0.4426771949914465
0 0.22623975648645314 0.4376510376022796 0.30013196012914023 0.42099245755667797 0.29457616865299097 0.48429505257913563 0.22623975648645317 0.48540561238107105
0 0.3100617919921875 0.41896701240539547 0.4356936200631963 0.39433874015968196 0.42791549978900795 0.45319904259456495 0.3734685968317919 0.49317962250290415 0.3440228165551447 0.47818690503727695 0.3012431245281599 0.47707632998396066
0 0.4435617919921875 0.3914670124053955 0.4873626272823376 0.3865647376635393 0.48847376116240876 0.4754104674039862 0.4529166224695767 0.47374462007539264 0.4345824251452282 0.45375432249553266
0 0.33624469628095627 0.5048406300599634 0.3912471661782078 0.5914652096937776 0.3879137035000977 0.5953522071290038 0.30679894652325773 0.5698090724110146
0 0.29556179199218746 0.5759670124053955 0.3834690459040195 0.6042368075555341 0.38013558322590923 0.6408856623039244 0.32402191841068956 0.6803109699369864 0.2806866594436692 0.6275587921668908
0 0.22706179199218748 0.6429670124053954 0.276797599306575 0.635332787037343 0.31013240920136786 0.6836426645941736 0.22679532342648867 0.7141834023034669
0 0.25846343250117493 0.5525952048387548 0.24735181902992787 0.5970180849603591 0.2667971197153988 0.6092343800440766 0.240684863154759 0.6214506446250322 0.1645703307140327 0.6170083749145288 0.1329022216393464 0.5836912148233254 0.17401518232727625 0.5403789250064183 0.1923493491326763 0.5448212099683026 0.21457257607517055 0.5364919123198112
0 0.12256179199218752 0.5924670124053955 0.14845849270667183 0.6347203449608166 0.13290222163934642 0.7441116674334722 0.11623481669195002 0.7418905173268396 0.07734418480205939 0.5947397650524775
0 0.1655617919921875 0.6364670124053956 0.20512769394297847 0.6386073423960429 0.1990163050078451 0.7674336520448288 0.13956920803346382 0.7457775147620658
0 0.2101279184790922 0.7352270975097036 0.33124447174484245 0.6974676372052352 0.31791052947555615 0.804082537295981 0.22235069634935895 0.7829816722884952 0.20846118714003722 0.7657678047162354
0 0.3495617919921875 0.6869670124053955 0.368468372295678 0.6741456373424978 0.5034744347707502 0.6452707774645596 0.5051411966287538 0.6885830672814669 0.492918418758487 0.6958017898766417 0.3479119072111873 0.7185685022127211
0 0.3450617919921875 0.7244670124053956 0.49069608996044783 0.7019099374185004 0.5018076729127465 0.7668783797695516 0.33624469628095627 0.7596596571743766
0 0.5285617919921876 0.6834670124053954 0.6473698124379785 0.6985782122585517 0.6279244812335592 0.7685442270981452 0.5356981107854719 0.7729865273114104
0 0.5075617919921875 0.7004670124053954 0.5251420947732087 0.696912364929958 0.5312534531893935 0.7785393720752299 0.5857003561466098 0.7746523746400039 0.5812556985505314 0.8668298295403997 0.5290311243913545 0.8457289645329138
0 0.6035617919921875 0.7814670124053955 0.6273689142935236 0.7868686697237212 0.6123682406851823 0.8773802772955236 0.5951452382788017 0.8751591271888909
0 0.3175617919921875 0.8474670124053955 0.43402685820519266 0.8789317850216187 0.4273599328489724 0.9133595049147574 0.314021469338462 0.8772659224416444
0 0.3185617919921875 0.8854670124053956 0.45680565208772245 0.9372368075555341 0.45347218940961226 0.9500083749145287 0.439582649681342 0.9561165224563873 0.4251376040509332 0.9644457896021169 0.312354737999407 0.9316839322889527
0 0.2145617919921875 0.9014670124053956 0.2879091822588736 0.9183570774033 0.2773531662466105 0.9827702322276929 0.2545743723640808 0.9827702322276929 0.25235204356604163 0.9894336520448289 0.19957190246682927 0.9894336520448289 0.1956828118107864 0.965001092380156 0.2306844140825314 0.9594482171135745
0 0.14556179199218752 0.8149670124053955 0.296242899992046 0.8422829150218476 0.2901315110569127 0.8761553473883282 0.1495696571056914 0.8489463348389836
0 0.1535617919921875 0.8524670124053955 0.15512544858184069 0.8783764974949606 0.19346051353169585 0.8955903498158396 0.28290895772275976 0.9089172199528732 0.28402012212177935 0.8811529198768706
0 0.3365617919921875 0.7654670124053955 0.502363300890679 0.7757057798920711 0.5156972126410168 0.8384530721364897 0.3290221429468033 0.8045806397700092
0 0.5310617919921875 0.6244670124053955 0.575699907074382 0.6302780599989324 0.6118126737451467 0.6441602024112433 0.6484809463180496 0.6408284925026755 0.6490365132580851 0.693025352243351 0.6018122246729191 0.6930253522433509 0.5290311243913544 0.6796984973576983
0 0.5185617919921875 0.5844670124053956 0.5206974371771305 0.6080666199381303 0.5434762310596604 0.6091771949914465 0.5434762310596603 0.621948762350441 0.6073680161490684 0.6374967673427265 0.6451474836399396 0.6347203449608166 0.6379249303057866 0.5869657549306444
0 0.5650617919921875 0.5369670124053956 0.6268133473534879 0.5369900300452204 0.6345914676276765 0.5786364725335339 0.5612548004060762 0.5797470475868503
0 0.5095617919921875 0.4979670124053955 0.591256147622759 0.5131127426558246 0.590145013742688 0.5297713150757358 0.5601436665260053 0.5308818901290521 0.5562545758699625 0.5708624776630817 0.5129193169029422 0.5669754726021652
0 0.37556179199218753 0.5119670124053955 0.42569317099096887 0.47812973142318255 0.49125165690048334 0.4964541664230682 0.49569631449656165 0.5736389000449915 0.4090257355246238 0.5841893325487345
0 0.41402596006073766 0.5880763299839606 0.49958540515260447 0.5808576226401666 0.5018076729127464 0.618061764915215 0.4790288790302166 0.621948762350441 0.47458428247203555 0.6413837800293335 0.3829134789639839 0.6697033523806135 0.4034699440484746 0.6408284925026753
0 0.22156179199218748 0.4954670124053955 0.3095768422613323 0.49765049236541287 0.29568733305201056 0.5359652096937776 0.22068396501030388 0.5270806397700093
0 0.38706179199218754 0.008967012405395512 0.44402730727742024 0.10748462978543849 0.5156972126410169 0.047513759922929714 0.5106969881049028 0.02918933254873452
0 0.4070617919921875 0 0.5062523305088247 0.021415322426901397 0.47902887903021657 0
0 0.5256976617132443 0.01030961002219076 0.5268087955933153 0.015307190136423614 0.5734775782763429 0.027523469968760067 0.5740331452163785 0 0.5218085710572016 0
0 0.49706179199218753 0.0004670124053955149 0.5134748838429776 0.012530752503132892 0.5162527795810522 0
0 0.5825617919921875 0 0.5868114900266808 0.028078757495418234 0.6484809463180496 0.045292625067678005 0.6423695879018649 0
0 0.6525617919921877 0.0004670124053955149 0.6579258284502417 0.045292625067678005 0.6901495044649635 0.054732482518104676 0.7001499535371911 0.0003144650451059583
0 0.7173729559435715 0.0008697525717641063 0.7040389831553366 0.06750404987709928 0.7257066431577952 0.07638863505224867 0.7451519743622151 0
0 0.7495617919921876 0 0.7323736295519129 0.07860976990750039 0.7545968564944071 0.09471306242644385 0.7718198589007875 0.0008697525717640886
0 0.7775617919921877 0 0.7562635573145137 0.09471306242644383 0.7790424122349405 0.10859520483875479 0.8073769975936196 0
0 0.8085617919921876 0.0004670124053955149 0.782931441853086 0.11248220227398091 0.8066222246729049 0.12525378488435646 0.833845615113616 0
0 0.8416237964257016 0.0014250400984222545 0.8294010185554348 0.05695361737335634 0.8377347057696586 0.05973005500664707 0.8321789142935094 0.0802756324874748 0.8227340321613174 0.08582849250267537 0.8144003449470936 0.12303263477772383 0.8294010185554348 0.1374700799680738 0.8621802615101921 0
0 0.5813717919921735 0.060467012405395516 0.6843945070081352 0.09471306242644385 0.6882835366262811 0.06195118986189876 0.5866122840460016 0.04085034010579374
0 0.6513717919921734 0.09846701240539552 0.6810609832921282 0.10248705729689611 0.6677270715417905 0.2635199519835692 0.6305031709909548 0.25352480700648433
0 0.5998717919921736 0.07846701240539553 0.6455038445992962 0.09082606499121779 0.6221694837767308 0.25296953473120715 0.5793897307118487 0.24630611491407112 0.5771674629517068 0.22353937207522992
0 0.5703717919921736 0.06896701240539552 0.5960571661781937 0.0752780599989324 0.5693892816396212 0.2446402370827159 0.5199426337374675 0.2424190869760833 0.4927191822588595 0.21576537720477773 0.5110533490642596 0.18300351989161354 0.5038307957301066 0.16856607470126359
0 0.5443717919921736 0.059467012405395515 0.5649446850814401 0.06694876235044114 0.48049643490754135 0.19521981497533095 0.4654957612992001 0.1580156574489016
0 0.4513717919921735 0.11646701240539553 0.46327343250116093 0.1519075099070428 0.5410546962809423 0.05861947995333077 0.5160535736003734 0.0491796225029041
0 0.6963717919921735 0.1449670124053955 0.7766208164183253 0.21021253244095803 0.7555087843937991 0.23186866972372122 0.6921726272823235 0.18300351989161348
0 0.7043717919921736 0.11546701240539552 0.7943994468026383 0.1691213774793026 0.7816210409544391 0.20577023222769295 0.701061881436583 0.141912364929958
0 0.6923717919921735 0.19246701240539552 0.7410636777254933 0.22853694456377238 0.7288408998552265 0.2729598246853767 0.6860612078282419 0.274070399738693
0 0.8960706383450204 0.5531790772660375 0.93829476343197 0.5559554996479473 0.9110713119533617 0.6464671072197495 0.859957932712153 0.6470223794950267
0 0.9393717919921736 0.5559670124053955 0.9816300834368874 0.5576213774793025 0.9688517386265851 0.6425801097845235 0.914404835669369 0.6448012598911561
0 0.9348717919921736 0.5379670124053956 1 0.5404075099070429 1 0.48432363747976015 0.9859701892727927 0.48265777489978573
0 0.9867717919921734 0.5599670124053955 1 0.5592872248078962 1 0.6386931123492973 0.9737474114025261 0.6381378095712583
0 0.8852717919921734 0.6644670124053955 0.938190272709694 0.664705779892071 0.9187449415052745 0.7524409345792017 0.8731873537402152 0.7552173874638732
0 0.8681871292041013 0.664705779892071 0.8842989977304108 0.6663716424720454 0.8687426961441368 0.754106812410557 0.8498529929176497 0.7552173874638732
0 0.8492717919921735 0.6684670124053954 0.8642980995859557 0.6685927773272973 0.8420748726434613 0.7568832347924669 0.8226295414390418 0.7596596571743767
0 0.9417717919921733 0.6654670124053955 0.974858606320494 0.6663716424720455 0.9793032639165726 0.7435563646554332 0.9237451660413883 0.7529962373572406
0 0.9817717919921733 0.6649670124053955 1 0.6647057798920711 0.9993041620610277 0.7474433620906592 0.9848590553927218 0.7474433620906592
0 0.30246179199218753 0.9409670124053956 0.4191903836319855 0.969712532440958 0.4497473283076522 0.9591620846858343 0.45474755284376606 0.969712532440958 0.43974687923542477 0.9852605221818626 0.29140687449106645 0.9863710972351788