0 0.3 0.6549999999999998 0.41166666666666674 0.53 0.4966666666666667 0.685 0.48333333333333334 0.7166666666666666 0.5033333333333333 0.7516666666666666 0.48666666666666664 0.7866666666666667 0.4783333333333332 0.7766666666666666 0.4149999999999999 0.8316666666666666
0 0.19499999999999992 0.7416666666666666 0.255 0.7066666666666667 0.28333333333333327 0.6783333333333335 0.3833333333333334 0.84 0.33833333333333326 0.8666666666666666 0.34 0.9033333333333333 0.2566666666666667 0.9183333333333333
0 0.058333333333333307 0.8083333333333332 0.15333333333333332 0.7583333333333334 0.1849999999999999 0.8383333333333334 0.07666666666666667 0.87
0 0.08333333333333336 0.9266666666666665 0.09166666666666672 0.9666666666666666 0.21999999999999997 0.9433333333333332 0.19499999999999995 0.8633333333333333 0.07999999999999999 0.8933333333333333
0 0.006666666666666661 0.9316666666666665 0.051666666666666666 0.9166666666666665 0.06499999999999996 0.97 0.006666666666666705 0.9833333333333333
0 0.0049999999999999645 0.91 0.04333333333333334 0.8933333333333333 0.02666666666666665 0.82 0.0066666666666666515 0.825
0 0.008333333333333358 0.79 0.10333333333333336 0.74 0.006666666666666687 0.6483333333333334
0 0.02333333333333332 0.6266666666666667 0.085 0.5333333333333333 0.22499999999999998 0.68 0.12666666666666665 0.7266666666666666
0 0.10999999999999989 0.5016666666666666 0.23166666666666672 0.3233333333333333 0.35666666666666663 0.525 0.25166666666666665 0.65
0 0.003333333333333273 0.59 0.005000000000000027 0.47166666666666657 0.05666666666666671 0.5066666666666666
0 0.01 0.4266666666666667 0.07666666666666665 0.47666666666666657 0.21333333333333332 0.28 0.16833333333333328 0.205 0.10499999999999993 0.15166666666666673 0.0033333333333332503 0.29333333333333333
0 0.0049999999999999645 0.2483333333333333 0.08333333333333336 0.13833333333333325 0.031666666666666676 0.095 0 0.12666666666666668
0 0.07499999999999994 0.046666666666666676 0.11166666666666664 0.08166666666666668 0.14999999999999994 0.06833333333333329 0.145 0.03833333333333333 0.13 0.046666666666666676
0 0.2406976744186047 0.19883720930232557 0.24883720930232564 0.20813953488372092 0.2941860465116279 0.17674418604651165 0.286046511627907 0.16511627906976742
0 0.2720930232558139 0.21976744186046512 0.286046511627907 0.23837209302325577 0.32093023255813946 0.2162790697674418 0.31162790697674425 0.18953488372093016
0 0.30348837209302326 0.2511627906976744 0.33023255813953484 0.2802325581395349 0.34883720930232565 0.23488372093023252 0.3325581395348837 0.23023255813953486
0 0.45813953488372094 0.5058139534883721 0.4895348837209303 0.5872093023255813 0.5093023255813953 0.586046511627907 0.5011627906976744 0.5197674418604651
0 0.5093023255813953 0.6127906976744186 0.5895348837209303 0.6034883720930232 0.5918604651162791 0.6697674418604652 0.5348837209302326 0.6732558139534883
0 0.5159574468085106 0.7957446808510639 0.5255319148936171 0.7893617021276594 0.5287234042553193 0.826595744680851 0.5159574468085106 0.825531914893617
0 0.5436170212765957 0.7904255319148936 0.5553191489361702 0.7936170212765957 0.5542553191489361 0.8340425531914893 0.5436170212765957 0.8351063829787233
0 0.5138297872340425 0.5095744680851064 0.5648936170212766 0.5117021276595745 0.5659574468085107 0.5787234042553192 0.5202127659574468 0.5797872340425532
0 0.5207317073170733 0.34024390243902447 0.525609756097561 0.3195121951219513 0.5695121951219513 0.32195121951219513 0.5609756097560975 0.35
0 0.5353658536585367 0.3060975609756098 0.578048780487805 0.3048780487804878 0.5926829268292683 0.2731707317073171 0.5341463414634149 0.27195121951219514
0 0.5796296296296297 0.5314814814814816 0.5796296296296297 0.5629629629629629 0.6370370370370371 0.5555555555555556
0 0.6148148148148151 0.6370370370370371 0.6111111111111114 0.6777777777777777 0.711111111111111 0.6648148148148146 0.7074074074074076 0.6407407407407407 0.6648148148148151 0.65