0 0.7749617919921874 0.02546701240539551 0.8218748838429777 0.01068501894984075 0.8302085710572016 0.030675308904010348 0.7818730875540675 0.046223310083450465
0 0.36546179199218753 0.1504670124053955 0.38518858734307526 0.13340318486961342 0.42185692095387545 0.1889317850216188 0.3963002008143224 0.2044797747625233
0 0.3984617919921875 0.2154670124053955 0.4257459810909696 0.19281878245684492 0.4557473283076523 0.2383522071290038 0.4301906081680993 0.2588977998612124
0 0.29596179199218753 0.2824670124053955 0.3290749530468042 0.2544554996479473 0.34463120885465526 0.2777775147620657 0.31185196589989794 0.3083182524713592
0 0.8035407475565262 0.05016748494561611 0.8257639744990203 0.0423934900751639 0.837986752369287 0.05460976990750039 0.8352087955933152 0.07571063491498627 0.8146523305088246 0.08126349493018681
0 0.8419617919921876 0.007467012405395507 0.865210142809998 0.0007470475868502513 0.8824331452163784 0.06071791744935904 0.8557653217157031 0.07126834995310198
0 0.8109617919921875 0.09096701240539551 0.8385423193093225 0.08342746760987986 0.8524317979996957 0.11174704758685026 0.8213193169029421 0.12451861494584487
0 0.8259617919921876 0.1384670124053955 0.8513206641196248 0.1222974800905932 0.8724326961441509 0.15283820254850575 0.8402090201294291 0.1656097699075004
0 0.8444617919921876 0.17346701240539553 0.8752105918822255 0.1611674849456161 0.8941003561466097 0.20281392743392973 0.8590987843938132 0.21614078231958253
0 0.9384617919921877 0.2484670124053955 0.9568809463180498 0.2821626299227009 1 0.2482901975562204 0.982437635938654 0.20497790011362277
0 0.9649617919921875 0.2934670124053955 0.9818820689986184 0.3265569098922998 0.9991050714049989 0.3232251999837319 0.9985495044649636 0.266586040029791
0 0.9499617919921874 0.4349670124053955 0.9702149191062844 0.4226213774793026 0.9957716087268887 0.470375952258094 0.981326502058583 0.4898109699369864
0 0.5499617919921875 0.3559670124053955 0.5840864349075554 0.33816074764810994 0.6107542889271794 0.38702589748021765 0.5768638815734025 0.39813161751061876
0 0.5839617919921875 0.4069670124053955 0.613532184665254 0.39368933254873456 0.640200038684878 0.43922277247227426 0.6090875575881243 0.4481073423960429
0 0.46797010617791895 0.3681461825793644 0.5357509208854728 0.3642591775184478 0.5568629834289474 0.4014633274191867 0.48630424246437043 0.40535034010579374
0 0.49196179199218754 0.4169670124053955 0.5607520435660416 0.41090318486961336 0.5818641061095162 0.44422034496081664 0.5124165295439589 0.45254962735792703
0 0.5249617919921875 0.4579670124053955 0.58686433064563 0.45366020241124333 0.6085319601291402 0.4875326347777238 0.5435290411596612 0.49530664489955695
0 0.42196179199218753 0.3739670124053955 0.44630244617546017 0.37147790011362275 0.47908168913021754 0.41367962250290413 0.4551917308486682 0.42700647738855685
0 0.4614617919921875 0.43446701240539554 0.48519307806535084 0.42700647738855685 0.5151944252820335 0.4764269299987036 0.49463796019754297 0.4869773625024466
0 0.5004617919921875 0.4964670124053956 0.5185279184790922 0.48531149992247224 0.549084863154759 0.5391742222431223 0.5285283675513199 0.5497246699982462
0 0.35946179199218753 0.37846701240539554 0.4051894854875304 0.3770307525031329 0.42407921923296593 0.40423976505247744 0.3851885873430754 0.4264511898618988
0 0.4009617919921875 0.4464670124053955 0.43463526576417766 0.42256419242667265 0.4629698816418052 0.4625447723350119 0.4235236522929305 0.4930854947929244
0 0.4264617919921875 0.5009670124053955 0.46685894177889936 0.47365049236541296 0.487971004322374 0.5097440900899068 0.44741361057447976 0.5352872248078961
0 0.4584617919921875 0.5409670124053956 0.49130446700048425 0.520294507342269 0.5140832914019626 0.5574986648686981 0.48074845098822117 0.5802653772047778
0 0.3889617919921875 0.5639670124053956 0.42963504122806384 0.5452823697849809 0.4613031197838015 0.5930369445637723 0.40463391854749486 0.5947028223951277
0 0.3589617919921875 0.5129670124053954 0.3907444093381731 0.4897537848843564 0.41907899469685217 0.5325108024259864 0.3912999762782087 0.5497246699982461 0.37741046706888687 0.5297343800440766
0 0.3189617919921875 0.4514670124053955 0.35518724012639263 0.4308934900751639 0.3862997517420949 0.47864806485395534 0.35018701559027887 0.5036359272966674
0 0.3279617919921875 0.3864670124053955 0.3490758511912593 0.4181219074647884 0.31296313029891754 0.44199919485418404 0.2769360228094483 0.38702589748021765
0 0.21854179199221554 0.37846701240539554 0.25637952720600915 0.3781413275564492 0.2730469321534056 0.40368447752581926 0.24137885359766784 0.41701133241147204
0 0.19748799717166338 0.438667484945616 0.22471143339079713 0.42034305757142093 0.281380649886578 0.5108546346404614 0.27082463387431494 0.5130757847470939 0.23915654005910297 0.4647659224416444 0.21582214871758915 0.4747610674187292
0 0.18554179199221554 0.4064670124053955 0.14535881187930103 0.40479505257913556 0.1498034694753793 0.438667484945616 0.1825827124301366 0.491974934990989 0.20813943256968956 0.4769822022739808 0.18202714549010107 0.43811219741895796
0 0.14363179199229945 0.5869670124053955 0.20425034191364674 0.5724627821823202 0.2314737933922548 0.5991165224563874 0.16980436761983436 0.6357653772047778
0 0.17513179199229942 0.6424670124053955 0.23147379339225477 0.6079725074795315 0.2653642007460317 0.6568376420602582 0.19980571483651705 0.6945971023647266
0 0.09702331311669259 0.71347681726558 0.145358811879301 0.681270232227693 0.1875829369662503 0.7479045219073376 0.13480279586703794 0.777889987341354
0 0.14613179199229942 0.7879670124053956 0.19647222163945835 0.7556785472805515 0.23536285352934896 0.8112071169297954 0.1681376057618308 0.8356397070972301
0 0.18424944376919164 0.8539069494187953 0.23758518232738815 0.8155922473418115 0.26203073806792154 0.8550175244721117 0.20536150631266628 0.8916664097232637
0 0.21313965710580335 0.8988851323184386 0.2636974694069766 0.8677891223338681 0.2898097564865651 0.9016615547003484 0.23091822645221924 0.93497868428879
0 0.3206317919922994 0.8864670124053956 0.3753691710594833 0.84996278218232 0.40814838349529203 0.9004938098457832 0.35147918225898545 0.9421402370827159
0 0.24313179199229942 0.7639670124053956 0.3048104300949064 0.7244681824421019 0.3298115527754753 0.7761097699075004 0.26980885834210994 0.8133139274339297
0 0.2746317919922994 0.8214670124053955 0.33814527050864784 0.782217917449359 0.35481267545604417 0.8099822022739809 0.29147648782562013 0.8471863598004102
0 0.30063179199229945 0.8554670124053955 0.3570350042540833 0.817756212395814 0.368702184665366 0.8388570774033 0.3114773859700753 0.8727295250211613
0 0.2109173283077642 0.7017014701060225 0.2675865295440708 0.6656078876329095 0.2998102055587926 0.7150283249916753 0.23980751112542728 0.7538983450980791
0 0.3551317919922994 0.9524670124053957 0.41148190721129935 0.9115423448235543 0.44259438830805303 0.9642945073422691 0.3909254421268088 1
0 0.28463179199229943 0.9984670124053956 0.32314459690030645 0.9737343800440764 0.3392564349076673 1
0 0.003261791992187666 0.9679670124053956 0.06549038363198567 0.9315326347777239 0.09049150631255458 0.9659603546708624 0.022710691605000815 1
0 0.05013179199229942 1 0.09424540211914366 0.9737343800440764 0.11313515112405348 1
0 0.03963179199229943 0.8849670124053957 0.06535521930148055 0.9248692149605878 0 0.9642945073422688 0.0015986290615261467 0.9048789250064182
0 0.07826179199218766 0.6779670124053955 0.09438056644964873 0.7012033523806136 0.15493885834199822 0.6656650574341586 0.13660469153659816 0.635124334976246
0 0.03976179199218767 0.5429670124053955 0.08882477497349953 0.58690022737267 0.043267156689491416 0.6363206799828168 0.002709793460545722 0.6207726597391506 0.0010430468620163502 0.5763497796175463
0 0.000761791992187666 0.5004670124053955 0.026044184802059542 0.4819511898618988 0.048267381225605185 0.5097154899379015 0 0.5613570774032999
0 0.013261791992187666 0.27696701240539556 0.027155349201079107 0.29551808496035914 0.06715714548998934 0.26053506228918144 0.049378545624624744 0.2422106349149863
0 0.006261791992187655 0.26696701240539555 0.04493391854749507 0.23388135251787584 0.028822080540134166 0.21111462493041558 0.00048746466250658036 0.24276592244164438 0 0.25997977476252326
0 0.0017617919921876623 0.1854670124053955 0.021599527205981267 0.20722762749518941 0.0015986290615261423 0.22999433983126888
0 0.5750217919922433 0.5544670124053955 0.5913669368977915 0.5439700799680738 0.5841444140825872 0.533974934990989 0.6252573442515684 0.5106529198768704 0.642480346657949 0.5406383548081249 0.5908113699577561 0.5756213774793025
0 0.545253751673748 0.5839506446250321 0.5691437404742459 0.5678473521060887 0.5858111454216423 0.5956116674334723 0.5591432914020182 0.612270232227693
0 0.6063676105061329 0.591724669998246 0.6613700804033844 0.5584075099070428 0.6847044717448982 0.5989433620906592 0.6324798975857213 0.6361475196170887
0 0.6390217919922434 0.6444670124053955 0.6908158911989801 0.6128255045029702 0.7141502520215454 0.6478085424255288 0.6580366177252743 0.6822362470672866
0 0.6674814693385177 0.6894549696624617 0.7147058189615809 0.6561378095712581 0.7452627331182989 0.6922313920443713 0.6852600386849338 0.7316566996774333
0 0.5780217919922432 0.6569670124053956 0.5969227588928894 0.687789122333868 0.6208127171744386 0.6677988323796983 0.6002562215709994 0.6367028223951277
0 0.4700217919922433 0.6999670124053955 0.5024740596467631 0.6738212099683025 0.527475182327332 0.7182440900899069 0.4958071037715942 0.7387896523193537
0 0.39802179199224325 0.6764670124053955 0.42302603400897815 0.7159943398312688 0.4441380965524529 0.7026674849456161 0.41469233153527996 0.6626869050372768
0 0.4300217919922433 0.7264670124053956 0.44524926095147244 0.7148837800293335 0.47247271243008043 0.755419647464331 0.45191624734558977 0.766525352243351
0 0.46052179199224325 0.7779670124053957 0.4780285039062297 0.7670806397700092 0.5030296571057472 0.8065059474030711 0.48469549030034714 0.8192775147620657
0 0.5005217919922432 0.7499670124053955 0.5313642424644262 0.7287659224416444 0.5602544252820892 0.7742993623651842 0.5252528535292929 0.7976213774793025
0 0.5360217919922433 0.8099670124053955 0.5658102472771871 0.7865156574489015 0.5913669368977915 0.8337149599524157 0.561921187140093 0.8520393720752298
0 0.5690217919922433 0.8639670124053955 0.5985894902319444 0.8398231074942744 0.6258129417105525 0.8875776822730659 0.5947004300948503 0.9081232445025126
0 0.6010217919922433 0.9159670124053955 0.6280352705085916 0.9009045219073377 0.6591477821242938 0.9419956768689931 0.6241462103714974 0.9647624197078344
0 0.6310217919922433 0.9734670124053956 0.6624812448024039 0.9541548021514614 0.6869268005429373 0.9913589596778908 0.6852600386849338 1 0.6402580483788582 1
0 0.6895217919922433 0.7389670124053955 0.7130390571035773 0.7742707774645596 0.7713750507168361 0.7409536173733564 0.7458183610962317 0.7054153224269014
0 0.601367385970019 0.6993071901364236 0.6274796730496076 0.682648610090822 0.6508140643911213 0.7242950525791356 0.6252573442515684 0.7403983450980792
0 0.5605217919922433 0.7219670124053955 0.5858111454216423 0.7070811850068759 0.6130345969002504 0.7481723399685314 0.5852555479626581 0.7659414950674492
0 0.5915217919922433 0.7759670124053955 0.61747922397738 0.7598333475255905 0.653591960129196 0.8164725074795314 0.6285908374486272 0.8347969348537265
0 0.6305217919922432 0.7504670124053955 0.6585921846653098 0.7320690474495879 0.691927025079051 0.793705779892071 0.6680370667975017 0.8086984973576983
0 0.6335217919922433 0.8454670124053955 0.6580366177252742 0.8292440900899067 0.6780374853507809 0.8636717947316646 0.6530363931891605 0.8853279320144278
0 0.6600217919922433 0.8934670124053955 0.6841489048048627 0.8747775147620658 0.705260936829389 0.9103158249599016 0.6819265760068237 0.9236426645941735
0 0.7540217919922434 0.7674670124053955 0.7669303931207578 0.7942610674187293 0.7363734789640397 0.8175830672814669 0.7419292704401889 0.8275782122585517 0.7985985021954443 0.7914846297854384 0.7780419760730564 0.7531699124570737
0 0.2861372865892016 0.6619153224269014 0.33169487435426104 0.6258217475794787 0.29947122885848787 0.6047208825719929 0.2678031197838015 0.6174924575566779
0 0.29113751112531544 0.6685787574954183 0.3255835159380763 0.6374827475108475 0.34113975648645317 0.6719104674039862 0.30780491607271177 0.6963430575714209
0 0.31096179199218754 0.7009670124053956 0.34336208528449236 0.6830161874343872 0.36391855036898285 0.7068934900751639 0.33058374047419004 0.7279943398312689
0 0.33546179199218756 0.7384670124053956 0.36614087916702204 0.7202203449608168 0.38114155277536343 0.7429870572968962 0.34669554796260244 0.7640879223043819
0 0.38391944851343807 0.8295544823808422 0.41447639318910473 0.804011332411472 0.43447729133355983 0.8306650574341584 0.4022536153188381 0.857874069983503
0 0.4099617919921875 0.8649670124053955 0.4361440226726149 0.8451024873731277 0.4533670250789954 0.8700903498158397 0.4255880066603519 0.8906359272966674