0 0.6220588235294119 0.4176470588235294 0.6602941176470588 0.4323529411764706 0.6573529411764707 0.475 0.6279411764705882 0.4720588235294118
0 0.6808823529411764 0.4823529411764706 0.6838235294117646 0.4382352941176471 0.7426470588235293 0.4544117647058823 0.7397058823529412 0.4882352941176471
0 0.7602941176470587 0.5 0.763235294117647 0.46911764705882353 0.8264705882352942 0.4823529411764706 0.8264705882352941 0.5132352941176471
0 0.8441176470588236 0.5191176470588235 0.8441176470588235 0.486764705882353 0.9176470588235294 0.5088235294117647 0.911764705882353 0.5352941176470588
0 0.9514705882352941 0.5485294117647059 0.9602941176470587 0.5132352941176471 0.9941176470588234 0.5176470588235293 0.9970588235294118 0.5544117647058825
0 0.7227272727272727 0.6704545454545453 0.7113636363636363 0.6352272727272726 0.7579545454545453 0.6477272727272727 0.7579545454545453 0.6772727272727272
0 0.7818181818181819 0.6863636363636364 0.780681818181818 0.6556818181818181 0.8340909090909091 0.6681818181818181 0.8340909090909089 0.6999999999999998
0 0.8545454545454545 0.7056818181818181 0.8579545454545454 0.6772727272727272 0.9102272727272726 0.6886363636363636 0.9079545454545455 0.7170454545454544
0 0.9295454545454543 0.7295454545454544 0.9795454545454544 0.7409090909090907 0.9840909090909089 0.7068181818181817 0.9318181818181818 0.6943181818181817
0 0.75 0.7386363636363636 0.7681818181818181 0.7727272727272727 0.7897727272727273 0.7795454545454544 0.7977272727272728 0.7511363636363637
0 0.8079545454545455 0.7897727272727272 0.8170454545454544 0.759090909090909 0.8420454545454544 0.7659090909090908 0.8340909090909089 0.7931818181818181
0 0.8625 0.7693181818181817 0.8840909090909089 0.7727272727272727 0.8727272727272728 0.8056818181818182 0.8511363636363636 0.8045454545454546
0 0.9090909090909091 0.7727272727272725 0.9329545454545455 0.7772727272727272 0.9170454545454545 0.7988636363636362 0.8931818181818181 0.8193181818181817 0.890909090909091 0.8204545454545453
0 0.7818181818181817 0.8943181818181817 0.8102272727272727 0.8943181818181817 0.8125 0.8556818181818181 0.7931818181818181 0.8522727272727272