0 0.44346179199218755 0 0.4436971197153989 0.005826064991217759 0.5314788325674078 0.008047199846469434 0.5309232656273722 0
0 0.543146043497639 0.0008284925026753598 0.542034909617568 0.00971306242644384 0.6275942936715376 0.013600059861669957 0.6292610555295413 0
0 0.6374617919921876 0 0.6348168470056905 0.014155347388328155 0.6770409720926398 0.016376497494960677 0.6764854051526045 0.0002732049760171984
0 0.6849617919921875 0 0.6853746593068638 0.018597632350212355 0.725376455595774 0.019152919876870508 0.7259320225358096 0
0 0.7339617919921875 0 0.7353769046680014 0.021374069983503118 0.8242698124379787 0.023595204838754782 0.8231586175200104 0
0 0.8364617919921875 0 0.8353813953902772 0.02415049236541293 0.9281633327783999 0.029148064853955304 0.9287189607563324 0.0008284925026753598
0 0.9399617919921875 0 0.9397449303057585 0.0341456373424977 0.9503009463180214 0.047472507479531384 1 0.04636193242621509 1 0
0 0.9198817919921595 0.05846701240539552 0.9619681572482526 0.056912364929958006 0.9608569623302846 0.07301565744890158 0.9897471756668962 0.09578236978498093 0.9558567377941708 0.14242636951045612 0.9336335718895739 0.12854422709814514 0.9008542678969191 0.1940679722272354 0.8552966801318598 0.19628912233386797 0.8575190089298989 0.1835175244721116
0 0.7723817919921595 0.1999670124053955 0.8530743513338206 0.20461838947959748 0.779182178210082 0.24404369711265944 0.7691817291378545 0.24404369711265944
0 0.7953817919921594 0.2424670124053955 0.8530743513338206 0.24682011949456925 0.8808533697524642 0.21405826218140503 0.85863014280997 0.2090606896928626
0 0.6923817919921595 0.19846701240539552 0.7608479808857334 0.2007313920443713 0.7597368470056626 0.23849082184607795 0.6897337035000697 0.23738027729552347
0 0.6143817919921594 0.19296701240539554 0.6864001797840623 0.19462324450251262 0.6808443883079129 0.23571439946416814 0.6097300804033005 0.23293797708225839
0 0.6548817919921593 0.05396701240539553 0.7275131709909407 0.05524650234998365 0.6941783610961479 0.17463295454834302 0.6213972913335316 0.17130125989115597
0 0.8943217919922433 0.07196701240539552 0.9080161476228148 0.07187649749496068 0.8557915734636379 0.18404422709814516 0.8407908998552965 0.1840442270981451
0 0.8215117919921876 0.18346701240539554 0.8371024234344425 0.18459952987618422 0.8919043401344022 0.06965534738832814 0.8780148004061319 0.06743421253307642
0 0.8520117919921877 0.0679670124053955 0.8704372333292356 0.0679894848083537 0.8137680626118775 0.18459952987618422 0.7993229559435716 0.18404422709814516
0 0.8365117919921877 0.06496701240539549 0.8487696343646738 0.06521306242644388 0.7971006271455323 0.1868206799828168 0.7787664908590809 0.18459952987618422
0 0.8033817919921594 0.06496701240539551 0.8297399905112554 0.06524166257844925 0.776959849412043 0.1829622521968343 0.7580700851476587 0.18240694941879534
0 0.7738817919921595 0.06246701240539551 0.7991830763545373 0.062465209693777696 0.7547366224695488 0.1829622521968343 0.7369580531231327 0.18185167714351805
0 0.7348817919921595 0.05896701240539553 0.7669594003398155 0.0619099374185004 0.7319578285870189 0.1801858298149245 0.7030676152504073 0.1779646797082919
0 0.5738817919921594 0.04896701240539553 0.649176340271124 0.05191479244141565 0.6141747379993788 0.17130125989115605 0.5380602055586526 0.17130125989115597
0 0.4280552657641495 0.03858792230438194 0.4902802889955539 0.04247493499098895 0.455834284182793 0.15686381470080607 0.363052331535196 0.1546426645941735 0.37027490012882325 0.09411652245638734
0 0.2788817919921594 0.16846701240539552 0.343051433390741 0.18126780471623538 0.3274951775828898 0.2095873923188962 0.26257719840794197 0.2129190869760833 0.26257719840794197 0.16738566230392446
0 0.2399617919921875 0.16246701240539552 0.2553546603332633 0.169606812410557 0.24924327139812996 0.2184719622426647 0.1831291880296313 0.21902723451794198
0 0.1764617919921875 0.23846701240539553 0.1459797934605177 0.23562866001367538 0.10764472851066254 0.32669553986075484 0.1587581382708199 0.3272508121360322
0 0.18553179199215963 0.2389670124053955 0.22987244617543234 0.23729450734226895 0.21653850390614607 0.3211426645941735 0.1659806916049728 0.32558496480743865
0 0.23703179199215962 0.2394670124053955 0.2654296153872129 0.23784977961754625 0.2632072865891737 0.26950109238015596 0.27598563139947596 0.2850490821210604 0.27709679579849544 0.32058739231889616 0.2265389834973222 0.32003208954085716
0 0.11809179199221553 0.34796701240539546 0.13882195538480996 0.34718393228895267 0.12048781909835854 0.43547438975412234 0.09937575655488384 0.4382508121360321
0 0.09553179199215962 0.3499670124053955 0.1132005352462861 0.34829450734226897 0.09486638370036035 0.43991665946462577 0.07159670761729174 0.43991665946462577
0 0.18549073806783764 0.34773923506699167 0.14437777737990787 0.34773923506699167 0.12604361057450778 0.4376955398607549 0.16771213820247308 0.4376955398607549
0 0.19359179199221552 0.3459670124053955 0.2210478767606696 0.3466286600136753 0.22660369875576744 0.42603451705231477 0.17160122885851586 0.43047681726557996
0 0.23209179199221552 0.34546701240539546 0.25938294171052473 0.34551808496035913 0.2604941061095443 0.3716165224563873 0.27938383985497983 0.3721717947316647 0.27993940679501533 0.4182605221818625 0.23327065463093624 0.42436866972372117
0 0.3100917919922155 0.3399670124053955 0.34327559442543937 0.3432969348537266 0.3393865648072938 0.423813397448444 0.3127186802687213 0.4227028223951277
0 0.31059179199221554 0.23696701240539553 0.3504981477595923 0.23723733754101986 0.34605349016351405 0.3166432098310401 0.3054961269345683 0.3171984973576983
0 0.3570917919922155 0.23946701240539553 0.39550016858461634 0.24056904744958785 0.3893888101684315 0.319974934990989 0.35272047655763145 0.3171984973576983
0 0.4045917919922155 0.2429670124053955 0.443280085147715 0.24279019755622042 0.43550196487352655 0.32441721995287326 0.3960557355246518 0.3227513573728988
0 0.3935917919922155 0.34646701240539557 0.4288349784794091 0.34940508239558526 0.418278962467146 0.42825566715894736 0.3849441525723533 0.42825566715894736
0 0.3530917919922155 0.3449670124053955 0.3832773907143496 0.34385220712900383 0.37716603229816487 0.423813397448444 0.3493870138795213 0.4265898198303538
0 0.4520917919922155 0.24446701240539553 0.49161562968874617 0.24612190746478838 0.47883722384054694 0.3277489298614412 0.443280085147715 0.3249725074795313
0 0.43409179199221554 0.3514670124053956 0.47328143236439757 0.35107092972417875 0.4605030875540954 0.43436381470080604 0.4271682776593027 0.43158739231889626
0 0.4815917919922155 0.3539670124053956 0.5160611243913824 0.35329207983081135 0.5066163032970875 0.4349190869760833 0.4699479696862874 0.43547438975412234
0 0.5230917919922156 0.3564670124053956 0.5627299070744101 0.35662380499076024 0.5432845758699905 0.44324838462457455 0.5149499905113114 0.43991665946462566
0 0.6744016087269168 0.3649530721364897 0.7205147634320119 0.35551322993744394 0.6377332751161167 0.45713052703688545 0.6288440209618572 0.4526882573263822
0 0.6350917919922155 0.3664670124053956 0.6638455927146539 0.3627319525326189 0.6232881684478109 0.4515776822730659 0.6105098236375087 0.45157768227306583
0 0.6045917919922156 0.3614670124053956 0.6310662887219993 0.3616213774793026 0.6066207940193631 0.4460248070064843 0.580508476420826 0.4476906848378397
0 0.569952460408563 0.3582896523193537 0.598287045767242 0.35940022737267 0.5749526849446768 0.44658010978452345 0.553285024942218 0.4465801097845234
0 0.6545917919922156 0.2604670124053955 0.7066252847416385 0.2611146249304156 0.6844020577991443 0.3371887873118679 0.6366221412360457 0.33552293998327437
0 0.7105917919922156 0.2659670124053955 0.7488494098285879 0.2633357750370482 0.7316264074222076 0.32885950491475746 0.6949580738114074 0.33441236492995796
0 0.7550917919922157 0.2659670124053955 0.8154347634319841 0.2666674849456161 0.7682104138089209 0.32719364233478304 0.7432092911283519 0.32719364233478304
0 0.6225117919921876 0.2564670124053955 0.6498717868001939 0.25667233996853134 0.6237594692016567 0.3399652096937777 0.603203004117166 0.3388546346404614
0 0.5945117919921876 0.25596701240539554 0.6215372014415148 0.2561170524418732 0.5982027795810523 0.3388546346404614 0.575979552638558 0.3382993623651842
0 0.5475117919921876 0.2524670124053955 0.5882023305088248 0.2516747674799889 0.5676458654243342 0.3338570774032999 0.5326442936715378 0.3321912148233254
0 0.5020117919921876 0.25096701240539554 0.5420891758037298 0.2500089049000145 0.5231994115393457 0.330525352243351 0.4848643771084391 0.3294147924414157
0 0.3570117919921876 0.1719670124053955 0.3998605294755562 0.17560060509853664 0.3937491710593715 0.21558118500687584 0.33596877490509675 0.2105836125183334
0 0.40801179199218757 0.1769670124053955 0.4498628053556427 0.17948760253376272 0.4481960434976389 0.21724704758685026 0.40263845573257945 0.2178023351135084
0 0.45652973071186287 0.17726646005282062 0.5309775318135341 0.1872616050299054 0.5270885021953885 0.22057875749541822 0.4526407010937173 0.21835762264016656
0 0.5370117919921875 0.18646701240539548 0.5720905230204125 0.18948274751084754 0.5693126272823378 0.22502104245730248 0.5331998606115732 0.22335519512870897
0 0.5780117919921876 0.1914670124053955 0.6070920947732088 0.19281446504510596 0.6082032286532798 0.22890803989252861 0.5709793281024443 0.2266869050372769
0 0.5500117919921876 0.0434670124053955 0.572646089960448 0.045749475098307846 0.5365333843275806 0.1645806397700092 0.5148657243251218 0.1645806397700092
0 0.5220117919921876 0.04496701240539551 0.5476449672798791 0.04574947509830785 0.5093099328489725 0.1634700799680738 0.48653107792854555 0.16291479244141563
0 0.49764272191874126 0.042417749938359 0.5176436200631964 0.04852589748021769 0.48153085339243185 0.16291479244141563 0.4604188213679057 0.16069364233478303