0 0.17142857142857137 0.36857142857142855 0.1957142857142857 0.36857142857142855 0.20571428571428574 0.23571428571428568 0.18 0.23714285714285716
0 0.23714285714285716 0.24000000000000005 0.22428571428571428 0.3685714285714286 0.2485714285714286 0.3671428571428572 0.26 0.2385714285714286
0 0.2141304347826087 0.1369565217391305 0.21086956521739128 0.1836956521739131 0.23913043478260876 0.18260869565217405 0.23695652173913045 0.13695652173913048
0 0.2771428571428572 0.3671428571428572 0.30285714285714294 0.3657142857142857 0.3114285714285714 0.24714285714285722 0.28714285714285714 0.2442857142857143
0 0.2956521739130434 0.1434782608695653 0.26739130434782615 0.14347826086956522 0.26304347826086955 0.18586956521739137 0.29565217391304344 0.1847826086956522
0 0.3228260869565217 0.14891304347826087 0.3206521739130435 0.18913043478260877 0.34782608695652173 0.1902173913043479 0.3489130434782609 0.14891304347826093
0 0.3760869565217391 0.19347826086956524 0.4054347826086957 0.19239130434782606 0.40652173913043477 0.15326086956521748 0.37717391304347836 0.15326086956521742
0 0.4347826086956523 0.15326086956521742 0.4315217391304348 0.1967391304347826 0.4608695652173913 0.19673913043478264 0.46195652173913054 0.1543478260869566
0 0.4902173913043479 0.15760869565217397 0.48804347826086975 0.20108695652173914 0.5163043478260871 0.20108695652173914 0.5184782608695653 0.15869565217391302
0 0.5456521739130435 0.16304347826086968 0.5434782608695654 0.20652173913043492 0.5695652173913044 0.20652173913043476 0.5673913043478261 0.16413043478260866
0 0.5978260869565218 0.16847826086956533 0.5978260869565218 0.20869565217391306 0.6652173913043478 0.21195652173913046 0.665217391304348 0.16956521739130445
0 0.6931818181818181 0.17272727272727273 0.6886363636363635 0.21363636363636362 0.7011363636363636 0.21477272727272725 0.7022727272727274 0.17499999999999996
0 0.7568181818181818 0.18068181818181814 0.7556818181818181 0.21818181818181814 0.7681818181818181 0.2181818181818182 0.768181818181818 0.1784090909090909
0 0.7943181818181819 0.1795454545454546 0.7943181818181817 0.21590909090909094 0.8011363636363636 0.21363636363636362 0.8011363636363636 0.1795454545454546
0 0.8272727272727274 0.18522727272727274 0.8261363636363636 0.2204545454545454 0.843181818181818 0.22272727272727266 0.843181818181818 0.18295454545454548
0 0.871590909090909 0.18295454545454548 0.8670454545454543 0.2329545454545454 0.8965909090909089 0.23522727272727273 0.9045454545454544 0.18409090909090906
0 0.9363636363636363 0.1829545454545454 0.9214285714285713 0.23673469387755106 0.9326530612244899 0.23367346938775513 0.9761363636363635 0.1829545454545454 0.9670454545454544 0.18068181818181814
0 0.16428571428571423 0.45714285714285724 0.1885714285714286 0.45714285714285713 0.18714285714285717 0.40714285714285725 0.1657142857142857 0.40714285714285714
0 0.23571428571428568 0.41857142857142854 0.21714285714285717 0.42 0.21285714285714288 0.46142857142857147 0.23571428571428577 0.4585714285714285
0 0.2828571428571429 0.4257142857142857 0.2628571428571429 0.4257142857142857 0.26142857142857145 0.46714285714285714 0.2814285714285715 0.4657142857142857
0 0.33142857142857146 0.4271428571428572 0.31000000000000005 0.42571428571428577 0.3085714285714286 0.47142857142857136 0.33142857142857146 0.46857142857142864
0 0.3500000000000001 0.42714285714285716 0.3514285714285715 0.4828571428571429 0.38142857142857145 0.4814285714285715 0.38428571428571423 0.4257142857142857
0 0.3342857142857143 0.2457142857142857 0.3185714285714286 0.3814285714285714 0.365 0.385 0.37142857142857144 0.23571428571428568
0 0.43 0.43285714285714294 0.40428571428571447 0.43142857142857144 0.40285714285714286 0.4814285714285715 0.4285714285714285 0.4814285714285714
0 0.44857142857142845 0.43428571428571433 0.44857142857142857 0.4828571428571429 0.4742857142857144 0.4814285714285715 0.47285714285714286 0.4357142857142858
0 0.52 0.44 0.49857142857142844 0.4385714285714286 0.4985714285714286 0.48714285714285716 0.52 0.4857142857142857
0 0.5685714285714286 0.44714285714285706 0.5457142857142857 0.4457142857142857 0.5442857142857144 0.48714285714285716 0.5671428571428572 0.48714285714285716
0 0.5914285714285715 0.4485714285714286 0.5857142857142859 0.4971428571428572 0.6171428571428572 0.49857142857142855 0.6171428571428572 0.4457142857142858
0 0.6371428571428571 0.44142857142857145 0.6371428571428572 0.49714285714285716 0.6614285714285714 0.49714285714285716 0.66 0.4414285714285714
0 0.16428571428571423 0.5157142857142858 0.16428571428571423 0.5685714285714286 0.22571428571428576 0.57 0.22571428571428573 0.5185714285714286
0 0.2557142857142857 0.5771428571428572 0.32428571428571423 0.5771428571428572 0.3271428571428572 0.5242857142857144 0.2585714285714286 0.5242857142857144
0 0.35428571428571426 0.5314285714285715 0.35714285714285715 0.5828571428571429 0.4214285714285714 0.5842857142857142 0.42285714285714276 0.5342857142857143
0 0.4542857142857144 0.5371428571428573 0.4514285714285714 0.59 0.5200000000000001 0.5885714285714286 0.5214285714285715 0.54
0 0.6171428571428571 0.5428571428571428 0.5542857142857143 0.5414285714285714 0.5514285714285714 0.5928571428571429 0.62 0.5928571428571429
0 0.6457142857142858 0.5485714285714286 0.6457142857142858 0.6028571428571429 0.7000000000000002 0.6014285714285714 0.7014285714285715 0.55
0 0.7257142857142856 0.6042857142857143 0.7842857142857141 0.6057142857142856 0.7842857142857143 0.5428571428571429 0.7328571428571429 0.5414285714285715
0 0.6857142857142858 0.6442857142857144 0.6842857142857142 0.7057142857142857 0.7457142857142857 0.7071428571428571 0.7714285714285714 0.6728571428571428 0.7814285714285716 0.65
0 0.5757142857142858 0.64 0.5728571428571428 0.69 0.6542857142857145 0.6928571428571427 0.6542857142857145 0.6442857142857144
0 0.28275862068965507 0.6241379310344827 0.27931034482758627 0.6741379310344827 0.34827586206896555 0.6775862068965517 0.35344827586206906 0.6241379310344828
0 0.3775862068965516 0.6775862068965517 0.4 0.6793103448275863 0.40344827586206905 0.6293103448275862 0.382758620689655 0.6258620689655171
0 0.4275862068965516 0.6293103448275862 0.4224137931034484 0.6827586206896551 0.4465517241379311 0.6827586206896552 0.45172413793103444 0.632758620689655
0 0.48275862068965514 0.6310344827586206 0.4758620689655171 0.6844827586206896 0.5465517241379311 0.6879310344827586 0.546551724137931 0.6362068965517241
0 0.17758620689655175 0.6137931034482759 0.18275862068965523 0.6672413793103448 0.2517241379310346 0.6724137931034483 0.25689655172413794 0.6189655172413794
0 0.10862068965517237 0.8172413793103448 0.1758620689655173 0.8206896551724138 0.20689655172413787 0.7258620689655174 0.1603448275862069 0.7224137931034484 0.1517241379310345 0.7413793103448276 0.11896551724137935 0.7689655172413794
0 0.28620689655172415 0.8344827586206897 0.33448275862068955 0.8344827586206897 0.3672413793103448 0.7362068965517241 0.3155172413793103 0.7362068965517241
0 0.36551724137931046 0.8362068965517241 0.4155172413793104 0.8379310344827587 0.44310344827586207 0.7413793103448276 0.3948275862068965 0.7379310344827585
0 0.7241379310344827 0.4896551724137931 0.7224137931034481 0.506896551724138 0.7931034482758621 0.510344827586207 0.796551724137931 0.4948275862068965
0 0.736206896551724 0.4448275862068965 0.7310344827586208 0.4620689655172414 0.8051724137931037 0.4655172413793104 0.8034482758620691 0.45000000000000007
0 0.6603448275862067 0.7413793103448276 0.6068965517241379 0.8568965517241379 0.625862068965517 0.8551724137931035 0.6586206896551725 0.7948275862068965 0.6844827586206896 0.8017241379310345 0.7051724137931034 0.7758620689655171 0.6844827586206895 0.7482758620689655
0 0.5120689655172415 0.8844827586206897 0.506896551724138 0.9103448275862069 0.5586206896551724 0.8844827586206898
0 0.6215685807254107 0.7445259860960843 0.6416855825230905 0.7465869676541322 0.5881374464084399 0.858310362569581 0.5724849717506539 0.8570735855069107
0 0.6015407879693586 0.7456386412491983 0.6190305653082128 0.7457624354584107 0.5658943953701712 0.8587225989441649 0.5494180562395716 0.8587225989441649
0 0.5837383055195347 0.7439696585195272 0.5980232770389615 0.744937903262689 0.5440633105085113 0.859547156616981 0.5317060901007642 0.8583103625695812
0 0.5659358230697106 0.7411880206367423 0.5807231413159536 0.742464323660254 0.5247036154240772 0.8591348692882081 0.515641649266369 0.858310362569581
0 0.534589378174194 0.742876602496662 0.5572443275086671 0.7412275381052189 0.5041081575706255 0.8574858218814947 0.4925747337552868 0.8574858218814947
0 0.5064087723781114 0.7361810724477293 0.5292346324431337 0.7366926492443917 0.4818651065323567 0.8558367914595109 0.47033168271701803 0.8558367914595109
0 0.46857849717223543 0.7378500551774002 0.4950461914129173 0.7350435848529486 0.4604458520864964 0.8537754397392948 0.4328480213769649 0.8529509160359379
0 0.27887079356629824 0.7228292106103612 0.2981539863185369 0.7210266309416944 0.26684896912255973 0.8393462324687271 0.24460591808429094 0.8389339621246839
0 0.2524321554131841 0.7218511631374162 0.2754990369840638 0.720614377582381 0.23883920617662166 0.8389339621246839 0.2165961551383528 0.838109438421327
0 0.2271323289464972 0.7200475727275762 0.24584164691310614 0.720202098745973 0.20959371440186828 0.8356358503265271 0.19064591761363844 0.8339868029198136
0 0.08354974720494425 0.8508024437450352 0.12927157811029708 0.8520392377924353 0.12680012045266667 0.8899674810094136 0.06666150977814049 0.8874938929146137
0 0.06470692969492305 0.8546788462543702 0.053065649644417706 0.8887306869620136 0 0.889142940321327 0 0.8437939667894082
0 0.13507523988072723 0.8508024437450352 0.175442257174615 0.8528637784805216 0.17750178259583876 0.8916165284161273 0.13672286700574668 0.8928533224635271
0 0.1860864803481353 0.8569041565605983 0.25864774942002083 0.8606967791395054 0.25782391888740996 0.8998617994191541 0.18368042673991464 0.8945023698702406
0 0.2661976513723434 0.8635800874792823 0.29695524129268486 0.864819414641019 0.2973671395888891 0.9015108468258677 0.2648263596238945 0.9006863231225108
0 0.302925 0.8658 0.334875 0.8658 0.334875 0.9044000000000001 0.302925 0.9044000000000001
0 0.34130000000000005 0.868575 0.41350000000000003 0.868575 0.41350000000000003 0.9093249999999999 0.34130000000000005 0.9093249999999999
0 0.421425 0.8713500000000001 0.48947500000000005 0.8713500000000001 0.48947500000000005 0.91675 0.421425 0.91675
0 0.4891848706079243 0.9414659481972626 0.5545565726083828 0.9408266908138515 0.5055394535127885 1 0.4717629786591811 0.9997803648977108
0 0.44022804387090825 0.9403532930441486 0.4812368431130936 0.9379408408673732 0.4618772159090642 1 0.42604111381362586 1
0 0.4335521129522242 0.9353463448551355 0.3836145710985144 0.9329936816625027 0.36384294377767357 0.9985435793426758 0.4206863002021607 1
0 0.3517719591983451 0.9320083793957936 0.37825975748704926 0.9317568876151028 0.35931196069881943 1 0.33665701136434634 0.9993680860613029
0 0.32061761491115304 0.9258887760536665 0.35230951996233495 0.9280465182114501 0.3345974520029202 0.9993680860613029 0.30494006193196266 0.999780364897711
0 0.280005701822492 0.9253324484771095 0.31606158745109697 0.9255729386090149 0.30040907885310847 1 0.2621015869804445 1
0 0.22659825447301996 0.9242197933239954 0.27363504473598543 0.923511629350623 0.2546872479477556 1 0.21473212895007213 0.999780364897711
0 0.18042306561878887 0.9214381554412105 0.2221465019229633 0.9218625692053622 0.21020117981142042 1 0.1727174845311649 1
0 0.13146623888177286 0.9158748796756404 0.1727174845311649 0.9177399337038488 0.16447934890606755 1 0.12575992479699688 0.9989558242096244
0 0.08250941214475681 0.9147622245225265 0.12617185703340356 0.9148540964959175 0.12081704342193848 1 0.08292146681557994 0.9940086650047542
0 0.038003206020196745 0.9119805866397415 0.07921429729923556 0.9123805168934824 0.07509521251658567 0.9931841413013973 0.03349246639388273 0.9935964116454405
0 0.6764741033562448 0.43361300389774654 0.716085810286986 0.4358361361912629 0.699796876375257 0.506605879337042 0.6794357166115437 0.506605879337042