0 0.5754617919921876 0.6554670124053955 0.6061523305088246 0.6803109699369864 0.5622615046017687 0.7408371120747725 0.5233708421929296 0.704188257326382
0 0.5399617919921875 0.6229670124053954 0.5717063256960637 0.6481043848990993 0.5222597083128587 0.7014118044417104 0.49170273311824325 0.6753133974484439
0 0.5154617919921876 0.5974670124053955 0.54059384459931 0.6220059474030711 0.49614739071432157 0.6708710972351787 0.469479506175749 0.6486596571743766
0 0.48446179199218753 0.5704670124053954 0.5128148261806666 0.5953522071290038 0.46336814775956436 0.6453279320144277 0.4378114581389599 0.6214506446250322
0 0.4574617919921875 0.5464670124053955 0.48281347896398386 0.5670326347777238 0.4350335624008852 0.6197847972964385 0.40947684226133235 0.593131087525133
0 0.42846179199218754 0.5174670124053955 0.45447883256740773 0.5437106349149862 0.4061433490642736 0.5914652096937778 0.38225339078272424 0.5664773625024465
0 0.3984617919921875 0.49196701240539553 0.4278110090667323 0.5153910625637063 0.3772531662466105 0.5631456373424978 0.35002971476800254 0.539268349953102
0 0.3714617919921875 0.46446701240539556 0.39780963133110103 0.48762676248770354 0.34836298342894734 0.535936640044534 0.324473025147398 0.5120593374037575
0 0.3499617919921875 0.44446701240539555 0.36947504597242214 0.4615283249916753 0.32113953195033934 0.5109487623504411 0.30224979820490383 0.49095847239627155
0 0.3194617919921875 0.4169670124053955 0.3472518190299278 0.4427057798920711 0.3022497982049038 0.48712866001367544 0.2783598399233545 0.46214078231958255
0 0.2764617919921875 0.015467012405395515 0.3105835159380763 0.05029019755622038 0.2883602889955821 0.07694390732752593 0.2550254485818406 0.03862918999916118
0 0.2179617919921875 0.0004670124053955149 0.2494696571056914 0.030855195128708955 0.27335961538724074 0.00975432249553263 0.2622480019159936 0
0 0.2929617919921875 0.08296701240539552 0.3200283675513198 0.11303748980063905 0.34614065463090826 0.08971548993790147 0.3161393074142256 0.05806419242667261
0 0.38346179199218755 0.16246701240539552 0.41725496253552075 0.2013279320144278 0.4350335624008853 0.18078236978498094 0.40169872198714385 0.14635463464046136
0 0.48546179199218753 0.23946701240539553 0.5317045294071536 0.2840655447157778 0.5122592592406311 0.30627698477658 0.46614604349763894 0.2612988323796983
0 0.5559617919921875 0.31896701240539554 0.5989297771746719 0.3606378095712583 0.582262402746224 0.38395982468537676 0.5389270827413065 0.3362052499065853
0 0.6144617919921875 0.38096701240539554 0.5955963144965616 0.40000594740307105 0.6322646481073617 0.4410971023647266 0.6528211131918524 0.41666451219729184
0 0.6554617919921876 0.4209670124053955 0.6344869769054008 0.4444287970219137 0.6733775782763429 0.4844093769302529 0.6933784764207982 0.4621979673722125
0 0.6974617919921875 0.4694670124053955 0.7322691388296374 0.5071761197690942 0.715046136423257 0.5249452596166311 0.6806001316104958 0.48607525476160823
0 0.7349617919921876 0.5139670124053956 0.772826502058583 0.553264847219292 0.756159066592238 0.5715892593421062 0.7161572703033278 0.5304981043804509
0 0.30296179199218753 0.9529670124053955 0.32669532342648866 0.9794671072197496 0.29613840926977053 1 0.2672482264521074 1 0.26002567311795444 0.9889069494187953
0 0.2429617919921875 0.9704670124053955 0.26002567311795444 0.9889069494187953 0.30336096260392337 0.9500369445637723 0.28113773566142913 0.9272702322276929
0 0.32696179199218744 0.9809670124053954 0.34558508769087276 1 0.30113863380588424 0.9994573971739191
0 0.6704617919921876 0.9669670124053955 0.6450429929176639 0.9900175244721118 0.6511543513338487 1 0.7000454628149154 1
0 0.6359617919921875 0.9319670124053956 0.6705996825382684 0.9678061149140711 0.6450429929176639 0.9911280995254279 0.6100414211648675 0.9605873923188962
0 0.7819617919921875 0 0.8348502984843543 0.06475621239581397 0.8609625550449942 0.045321209968302564 0.8220719536740521 0.0003430575714209505
0 0.8604069881049586 0.050874069983503106 0.8342947315443189 0.07197493499098898 0.9148538910621749 0.16637352474663644 0.935965923086701 0.14416208468583427
0 0.9365214900267363 0.1519360795562865 0.9004087843938688 0.18358739231889618 0.948744267897003 0.23745011463954632 0.9898572591038816 0.20135653216643323
0 0.9462717919922433 0.23846701240539547 0.9876349303058423 0.2852046894183378 1 0.2724331220593431 1 0.21912567201397024 0.9865237964257715 0.20579883237969832
0 0.0029617919921874946 0.43646701240539554 0.03596537566005535 0.4704317850216188 0.05707742294405573 0.44211219741895796 0.020409119852204217 0.409905612381071
0 0.0264617919921875 0.39546701240539556 0.0665223050762478 0.4437780599989324 0.09207899469685216 0.42267719499144646 0.04318791373473397 0.37658846754124864
0 0.0014617919921875 0.32546701240539555 0.04318791373473397 0.37159089505270626 0.022631433390769083 0.39158118500687583 0 0.36215103760227957
0 0.0024617919921874963 0.3749670124053955 0.017075626655145507 0.3960234699687601 0.00040822170774909794 0.4187901975562204
0 0.29596179199218753 0.5574670124053955 0.3421989465232577 0.6041669397087495 0.3633110090667323 0.58140022737267 0.312197599306575 0.5375326347777238
0 0.4554617919921875 0.6824670124053955 0.47553827765927453 0.699676119769094 0.4433146016445529 0.7335485521355746 0.4227581365600621 0.7191111069452246
0 0.43246179199218754 0.6659670124053955 0.45220385579881217 0.6791305270368855 0.4238692704401332 0.7141135344566822 0.40442393923571357 0.699120816991055
0 0.4114617919921875 0.6439670124053956 0.4344252864523962 0.6613613871893483 0.40109047655760344 0.6985655447157777 0.37997838349518015 0.6769093769302529
0 0.3904617919921875 0.6209670124053956 0.41331325442787015 0.6413710972351788 0.3822007122932192 0.6752435296016592 0.3605331133286577 0.6558085424255289