0 0.43875 0.09 0.42125 0.08875 0.4475 0.16 0.45125 0.17
0 0.4684210526315789 0.0894736842105263 0.4763157894736841 0.16578947368421043 0.49210526315789443 0.1657894736842104 0.48157894736842083 0.09736842105263147
0 0.4125 0.00625 0.3925 0.005 0.41125 0.0675 0.42125 0.065
0 0.4657894736842104 0.007894736842105253 0.4368421052631578 0.0052631578947368056 0.44473684210526315 0.05263157894736837 0.47105263157894717 0.04736842105263156
0 0.5210526315789471 0.0052631578947368056 0.49473684210526303 0.007894736842105239 0.5026315789473682 0.047368421052631525 0.5263157894736844 0.04999999999999995
0 0.4736842105263156 0.20789473684210524 0.4973684210526315 0.34210526315789475 0.5157894736842104 0.31578947368421056 0.4999999999999997 0.20789473684210527
0 0.5315789473684209 0.20789473684210527 0.5421052631578948 0.29736842105263145 0.5657894736842108 0.29736842105263156 0.5526315789473681 0.20526315789473684
0 0.5078947368421051 0.08947368421052632 0.5236842105263158 0.1657894736842105 0.5447368421052629 0.1657894736842105 0.5342105263157894 0.0894736842105263
0 0.6026315789473683 0.1973684210526315 0.581578947368421 0.20263157894736838 0.5947368421052631 0.2947368421052631 0.618421052631579 0.28684210526315784
0 0.5894736842105263 0.08947368421052637 0.5631578947368419 0.08684210526315794 0.5763157894736842 0.16052631578947354 0.5999999999999999 0.1605263157894737
0 0.5763157894736843 0.005263157894736814 0.552631578947368 0.007894736842105243 0.555263157894737 0.04210526315789468 0.5815789473684205 0.0421052631578947
0 0.6236842105263156 0.0894736842105263 0.6315789473684207 0.15789473684210517 0.6578947368421051 0.15789473684210523 0.644736842105263 0.0894736842105263
0 0.6315789473684208 0.007894736842105279 0.6026315789473684 0.007894736842105282 0.6052631578947367 0.04473684210526316 0.636842105263158 0.04210526315789467
0 0.665 0.19 0.62 0.19 0.635 0.285 0.68 0.26
0 0.6868421052631579 0.19210526315789467 0.694736842105263 0.2421052631578947 0.7342105263157893 0.19473684210526307
0 0.7026315789473682 0.0815789473684211 0.6789473684210524 0.0815789473684211 0.689473684210526 0.1605263157894737 0.7131578947368419 0.16052631578947366
0 0.6736842105263158 0.013157894736842089 0.6578947368421051 0.013157894736842115 0.6605263157894734 0.039473684210526244 0.6789473684210523 0.04210526315789473
0 0.7105263157894735 0.010526315789473654 0.6973684210526315 0.007894736842105222 0.7026315789473684 0.03684210526315782 0.7184210526315791 0.039473684210526244
0 0.7342105263157896 0.0789473684210526 0.7473684210526315 0.1657894736842105 0.7657894736842107 0.16315789473684203 0.763157894736842 0.08421052631578942
0 0.8368421052631578 0.07368421052631581 0.8289473684210527 0.16842105263157894 0.894736842105263 0.16842105263157894 0.9710526315789468 0.21052631578947362 0.889473684210526 0.11052631578947367
0 0.5749999999999997 0.4192307692307692 0.5557692307692309 0.4384615384615384 0.578846153846154 0.45961538461538465 0.6153846153846154 0.4019230769230769
0 0.6052631578947367 0.47368421052631576 0.6236842105263155 0.4842105263157894 0.6578947368421052 0.42105263157894746 0.6394736842105263 0.4131578947368419
0 0.7131578947368417 0.4368421052631579 0.6736842105263159 0.5026315789473682 0.6526315789473682 0.49473684210526303 0.689473684210526 0.431578947368421
0 0.6789473684210527 0.3815789473684211 0.7315789473684208 0.3973684210526316 0.7710526315789471 0.3342105263157894 0.7605263157894737 0.32894736842105254 0.7421052631578948 0.35789473684210527
0 0.6846153846153846 0.548076923076923 0.6634615384615385 0.5788461538461539 0.6903846153846155 0.6269230769230769 0.7269230769230769 0.5615384615384615
0 0.7131578947368419 0.6394736842105263 0.7499999999999997 0.6578947368421051 0.7868421052631576 0.5842105263157894 0.7605263157894733 0.5684210526315789
0 0.7473684210526318 0.5236842105263158 0.7815789473684208 0.46315789473684194 0.7473684210526317 0.44999999999999996 0.7131578947368417 0.5157894736842106
0 0.7552631578947365 0.4052631578947368 0.7921052631578945 0.34210526315789475 0.8078947368421052 0.34736842105263155 0.7736842105263156 0.4105263157894737
0 0.798076923076923 0.425 0.8115384615384617 0.42692307692307685 0.85 0.3634615384615384 0.8384615384615384 0.3596153846153846
0 0.7815789473684209 0.30526315789473685 0.8026315789473683 0.31052631578947365 0.8263157894736841 0.2789473684210526 0.8 0.2736842105263158
0 0.8157894736842104 0.6 0.7815789473684209 0.6605263157894737 0.8105263157894734 0.6684210526315789 0.8447368421052633 0.6026315789473684
0 0.844736842105263 0.4815789473684211 0.8078947368421054 0.5473684210526316 0.7789473684210522 0.5394736842105263 0.8131578947368422 0.4736842105263157
0 0.8368421052631578 0.5578947368421052 0.8710526315789473 0.5657894736842104 0.8999999999999997 0.5078947368421051 0.8763157894736842 0.4973684210526315
0 0.8368421052631576 0.4342105263157894 0.8710526315789474 0.44999999999999984 0.9052631578947367 0.38421052631578934 0.8710526315789474 0.3736842105263156
0 0.8605263157894734 0.28157894736842104 0.839473684210526 0.31842105263157894 0.8631578947368422 0.3263157894736842 0.8921052631578948 0.28421052631578947
0 0.8973684210526314 0.4578947368421052 0.9289473684210523 0.46842105263157885 0.9657894736842104 0.40263157894736845 0.934210526315789 0.3921052631578947
0 0.8999999999999997 0.3342105263157894 0.9289473684210523 0.3473684210526315 0.9631578947368421 0.2894736842105262 0.9236842105263157 0.2894736842105264
0 0.8326923076923077 0.6769230769230767 0.8461538461538461 0.6807692307692308 0.8865384615384613 0.6115384615384616 0.8750000000000001 0.6115384615384616
0 0.8692307692307694 0.6923076923076923 0.8807692307692306 0.698076923076923 0.9211538461538461 0.6288461538461538 0.9115384615384616 0.625
0 0.9076923076923077 0.7038461538461539 0.9442307692307692 0.7153846153846153 0.9807692307692306 0.6519230769230769 0.9461538461538461 0.6423076923076922
0 0.8923076923076922 0.5769230769230769 0.9076923076923077 0.5865384615384616 0.9500000000000002 0.5153846153846154 0.9307692307692309 0.5115384615384615
0 0.9307692307692307 0.5942307692307691 0.9403846153846152 0.5980769230769231 0.9807692307692306 0.5288461538461539 0.971153846153846 0.523076923076923
0 0.994230769230769 0.551923076923077 0.9673076923076923 0.6038461538461539 0.994230769230769 0.6153846153846153
0 0.9538461538461539 0.476923076923077 0.9711538461538463 0.4807692307692308 0.9903846153846153 0.4461538461538462 0.9903846153846153 0.4115384615384615
0 0.975 0.005769230769230784 0.9384615384615387 0.10576923076923078 0.9865384615384616 0.15000000000000002 0.9923076923076926 0.1307692307692308 0.9923076923076926 0.0038461538461538767
0 0.8788461538461542 0.009615384615384599 0.8634615384615387 0.042307692307692296 0.9153846153846155 0.07884615384615383 0.9442307692307692 0.011538461538461515
0 0.84125 0.00375 0.79375 0.00375 0.82875 0.03
0 0.1575 0.60625 0.1525 0.6325 0.20375 0.62375 0.20125 0.5925
0 0.1825 0.5725 0.18625 0.545 0.2025 0.545 0.1975 0.56 0.20125 0.56125 0.20875 0.5725
0 0.2075 0.40875 0.23375 0.39875 0.21625 0.4475 0.20625 0.4475
0 0.06746179199218752 0.6344670124053955 0.12247482143630835 0.6629938098457832 0.11136320796506123 0.6990873923188963 0.0596942007459197 0.6846499471285463
0 0.9997047539432673 0.28875135737289886 0.9863708421929297 0.28764078231958246 0.9458134789639838 0.36371495995241576 0.994148962467118 0.38203937207523 1 0.35483035952588543
0 0.41347706679744606 0.47276349493018677 0.43292236748291707 0.47220820740352865 0.43570026322099165 0.5249603546708624 0.4173661269345403 0.5194075099070429
0 0.43496179199218754 0.46646701240539556 0.4529232656273722 0.4666553473883282 0.45459002748537586 0.5288473521060886 0.4412561157350382 0.523294507342269
0 0.4584617919921875 0.46446701240539556 0.47347973071186283 0.4599919123198113 0.47292416377182733 0.5294026548841276 0.4590346850814542 0.5277368075555341
0 0.4789617919921875 0.4604670124053955 0.4945918237742861 0.45610491488458516 0.4973697195123608 0.5338449245946311 0.4784799552479766 0.5327343800440765
0 0.18457787201628328 0.4794269299987037 0.20624553201874207 0.4716529198768706 0.2129124878939109 0.4816480648539553 0.2129124878939109 0.49830664489955695 0.18235557373719274 0.49441964746433087
0 0.1256863419819375 0.3639846297854385 0.15791001799665935 0.37897736250244657 0.14346492658782778 0.2906869050372769