0 0.1724617919921875 0.4184670124053955 0.2900270203346371 0.45214563734249763 0.2733596153872407 0.5326620846858343 0.14168701559027888 0.5126717947316647
0 0.3014617919921875 0.46446701240539556 0.3639192239773243 0.48268635980041025 0.3344734742196257 0.6037386745787441 0.2750263467262959 0.5987411020902017
0 0.2124617919921875 0.23196701240539552 0.2805821382024451 0.2634342125330765 0.2816933026014647 0.3039700799680738 0.21280132349489128 0.2778716424720455
0 0.2929617919921875 0.2614670124053955 0.35891899944121053 0.28231392743392975 0.35891899944121053 0.3272920798308113 0.29613840926977053 0.30174892986144125
0 0.21046179199218748 0.2929670124053956 0.28502679579852336 0.3167416625784493 0.26391473325504866 0.36116451219729184 0.20724553201874205 0.3378424970831734
0 0.2929617919921875 0.32346701240539555 0.3616968951792851 0.3483929448382973 0.3589189994412104 0.4017003948836701 0.27391518232727624 0.3694938098457831
0 0.12496179199218752 0.0999670124053955 0.16224349593424378 0.10190318486961342 0.16446582473228288 0.0552591775184478 0.1155747285106904 0.04970632512893773
0 0.1319617919921875 0.5994670124053956 0.0662436940113672 0.5902974800905932 0.06291020081430845 0.6458260649912176 0.12846871724277162 0.6519342125330765
0 0.010071791992173536 0.5729670124053955 0.05513477497348536 0.5869657549306443 0.04902338603835199 0.6441602024112433 0.0056880965523830795 0.6452707774645596
0 0.1420717919921735 0.6034670124053956 0.21791985586720092 0.6080666199381303 0.21347522879007116 0.6597082074035286 0.14236092088545868 0.6524894848083537
0 0.23207179199217357 0.6144670124053956 0.3140352864523822 0.6169511898618988 0.3040348373801547 0.6630399173120967 0.22458684226131836 0.6613740699835031
0 0.22507179199217353 0.6889670124053956 0.2734779232234364 0.6924700799680736 0.2590328165551307 0.7452222424867885 0.21569755758811027 0.7474433620906592
0 0.1620717919921735 0.6879670124053955 0.2140307957301066 0.6880277797548087 0.20569710851588283 0.7363376420602582 0.15569486315474498 0.7357823697849808
0 0.09207179199217352 0.7729670124053954 0.16847320796504714 0.775207677418043 0.12013769394296446 0.9412381445932584 0.041245265764163576 0.9367958443799932
0 0 0.7764670124053956 0.07846916631499916 0.775207677418043 0.03124481669193603 0.9323535746694899 0 0.9323535746694899
0 0.051571791992173516 0.6789670124053956 0.09513657126239561 0.6819196474643309 0.09013634672628182 0.7352270975097036 0.042356430163183155 0.7341165224563874
0 0.0015717919921735123 0.6654670124053955 0.037356205627069386 0.6691480648539553 0.033467145489975175 0.7063522071290038 0.015688545624610622 0.7063522071290038 0.012910649886535999 0.7341165224563874 0 0.7341165224563874
0 0.10807179199217354 0.6819670124053956 0.15291693689772173 0.6869172199528732 0.14236092088545874 0.7363376420602582 0.10013679579850938 0.7346717947316647
0 0.5950717919921736 0.6329670124053954 0.6329385228835929 0.6419962373572407 0.6157155204772127 0.6653182524713592 0.5934922935347183 0.6614312245333713
0 0.6265717919921735 0.6854670124053954 0.6812740063867274 0.7091858298149245 0.676829409828546 0.7408371120747723 0.6218269399312945 0.7258443946091453
0 0.7080717919921736 0.6474670124053955 0.7661197402005654 0.6329973125795931 0.7683420689986045 0.6735331800145906 0.7083393745652391 0.6874153224269014
0 0.7444217919921735 0.5874670124053956 0.7661197402005654 0.5880763299839608 0.7711199647366791 0.6169511898618988 0.7372295879018509 0.6191723399685313
0 0.7609217919921736 0.44396701240539554 0.8033436407514009 0.4427343800440765 0.7783425180708321 0.4977076774180429 0.7577860529863416 0.49826294969332013
0 0.7019217919921736 0.34046701240539545 0.7138951660413884 0.41719121482332555 0.6877829094807485 0.4071960698462406
0 0.6124217919921735 0.38696701240539555 0.632780439583497 0.38553991731209664 0.6366694692016427 0.40330907241101455 0.6394474259776145 0.4327392350669917 0.6094460787609318 0.4321839322889527 0.6100016457009674 0.41830178987664174 0.6044458542248181 0.4177465023499836 0.6038902262468855 0.4099725074795314 0.6100016457009673 0.4083066448995569
0 0.2584217919921736 0.7809670124053955 0.2233175945622028 0.7779269299987035 0.17887114067721427 0.9389598246853766 0.21165038363197158 0.939515096960654
0 0.18192179199217356 0.7764670124053956 0.2133171454899752 0.7768163549453874 0.16942625854502222 0.9406256720139703 0.12998005971509607 0.9411809747920092
0 0.30442179199217356 0.9849670124053955 0.28943167793070146 0.9838522071290038 0.28609818473364274 1 0.3038767540800587 1
0 0.20492179199217359 0.9814670124053956 0.2772089000604348 0.9805205124718168 0.273875406863376 1 0.1983164718816339 1
0 0.11664611744580981 0.9821863598004102 0.18831602280940637 0.9799652096937777 0.1894271566894773 1 0.11220147510920579 1
0 0.10092179199217355 0.9824670124053955 0.10108986163795869 1 0.060123876829044215 0.9999554996479474 0.06345737002610295 0.9794099374185004
0 0.0020617919921875048 0.9619670124053955 0.04012297868458911 0.9638619324262152 0.056234816691950046 0.9738570774033 0.05234575655485582 1 0 1
0 0.9294617919921876 0 0.9701554740144176 0.1193789250064183 0.9879340433608337 0.11826834995310201 0.9673775782763429 0
0 0.9774617919921874 0 0.9984901204109937 0.10993906755599164 1 0
0 0.9759617919921876 0.13096701240539552 1 0.13048462978543848 1 0.1960083749145287