0 0.5954617919921875 0.6479670124053954 0.6550434419898914 0.6403303595258855 0.6550434419898914 0.6764239419989986 0.5994854051526044 0.6803109699369864
0 0.5929617919921876 0.6114670124053955 0.6572657707879306 0.6020156574489015 0.6572657707879306 0.6397750872506082 0.596151881436597 0.6419962373572408
0 0.6824617919921875 0.6044670124053956 0.7472698124379786 0.6064579271594049 0.7450474836399396 0.6575442270981452 0.683933594288606 0.6586548021514615
0 0.6874617919921875 0.5469670124053956 0.7478253793780141 0.5464870572968961 0.7489365132580851 0.5953522071290037 0.6872671180046133 0.5975733572356363
0 0.6804617919921876 0.6669670124053956 0.7422695879018648 0.6697605221818625 0.7389360641858574 0.7319525421510039 0.6789333697524924 0.7114069494187953
0 0.6929617919921875 0.4864670124053956 0.7544923657721315 0.48657335723563633 0.7522700369740924 0.5332173874638733 0.690045013742688 0.5343279320144277
0 0.6929617919921875 0.4159670124053955 0.7572702615102063 0.4204943398312689 0.756159066592238 0.47380178987664173 0.6933784764207981 0.47380178987664173
0 0.6994617919921876 0.37446701240539554 0.7450474836399394 0.35885762264016646 0.743380721781936 0.41049919485418407 0.6983787009569119 0.41049919485418407
0 0.7504617919921875 0.3584670124053955 0.8261622100978309 0.3238746075946793 0.817828522883607 0.4104991948541841 0.7500477081760532 0.40938863505224865
0 0.5949617919921875 0.5839670124053956 0.6589324716080369 0.5780526001062513 0.6589324716080371 0.5991534651137372 0.5950407475565261 0.6035957500756214
0 0.2854617919921875 0.9674670124053955 0.3494741478279668 0.9577537848843564 0.35558553676310034 1 0.29336051353169584 1
0 0.3650303883763438 0.9538667874491302 0.43392236748291707 0.941650492365413 0.45114536988929754 0.9982896523193537 0.3683638815734025 0.9999554996479474
0 0.5329617919921875 0.9259670124053956 0.5722619536739963 0.9161359272966674 0.5928184187584872 1 0.5472608309934275 1
0 0.5879617919921876 0.9439670124053956 0.6717108164183392 0.9305733572356364 0.6939340433608336 1 0.6028188678307146 1
0 0.6033744347707501 0.9250205124718167 0.745603050579975 0.8944797747625234 0.7389360641858573 0.8200714749610454 0.6217085710572016 0.8333983450980792 0.5972630763545654 0.8950350622891814
0 0.6629617919921875 0.7274670124053955 0.6250420947732087 0.8178503401057938 0.7378249303057867 0.8100763299839606 0.7411583929838969 0.7556583201366525
0 0.6844617919921876 0.9179670124053955 0.7567146945701707 0.906112197418958 0.7733820689986185 0.9977343800440766 0.7000454628149154 1
0 0.7824617919921876 0.9019670124053956 0.7894939375249281 0.9483139274339297 0.8194952847416104 0.9510903498158396 0.8200508516816463 0.9910709297241789 0.8000499535371911 0.9960685022127211 0.8017167153951946 1 0.8706086639828194 1 0.8561635573145137 0.8888983450980791
0 0.8704617919921875 0.8964670124053956 0.9298977081760533 0.8855666199381302 0.9532320689986187 1 0.8826733585529906 0.99940022737267
0 0.9403117919921878 0.8854670124053955 0.9993452847416109 0.8733503401057938 1 1 0.9643437129888145 0.998844924594631