0 0.894736842105263 0.02894736842105261 0.8815789473684208 0.028947368421052548 0.8947368421052633 0.10789473684210521 0.9210526315789473 0.11842105263157893 0.9394736842105261 0.044736842105263123
0 0.03157894736842109 0.5263157894736843 0.005263157894736752 0.5263157894736843 0.002631578947368489 0.5684210526315789 0.03157894736842106 0.568421052631579
0 0.06315789473684191 0.5315789473684212 0.06052631578947363 0.5736842105263158 0.08947368421052626 0.5763157894736842 0.09473684210526301 0.5315789473684212
0 0.11999999999999993 0.53 0.11666666666666661 0.58 0.14499999999999993 0.5766666666666667 0.1483333333333333 0.535
0 0.175 0.5383333333333333 0.17333333333333337 0.5783333333333335 0.19833333333333336 0.5800000000000001 0.2033333333333333 0.54
0 0.22833333333333328 0.5416666666666666 0.22833333333333333 0.5833333333333334 0.29666666666666675 0.5850000000000001 0.29833333333333323 0.5483333333333333
0 0.334090909090909 0.5477272727272726 0.32499999999999996 0.5454545454545454 0.3204545454545455 0.5886363636363635 0.33181818181818185 0.5863636363636363
0 0.385 0.5533333333333332 0.385 0.595 0.395 0.595 0.39833333333333326 0.5516666666666666
0 0.4233333333333333 0.5583333333333335 0.4233333333333333 0.5883333333333334 0.43 0.5900000000000001 0.4316666666666668 0.5583333333333333
0 0.45500000000000007 0.5966666666666667 0.47 0.5983333333333334 0.47166666666666673 0.5583333333333333 0.4566666666666668 0.5583333333333335
0 0.5016666666666667 0.5566666666666666 0.4983333333333333 0.6116666666666667 0.525 0.6116666666666667 0.5316666666666666 0.5583333333333332
0 0.5566666666666669 0.6066666666666667 0.565 0.6066666666666667 0.6050000000000001 0.5583333333333335 0.565 0.5583333333333333
0 0.3566666666666668 0.9816666666666667 0.41666666666666674 0.9816666666666667 0.41666666666666674 0.9133333333333334 0.3633333333333333 0.9116666666666667
0 0.2766666666666667 0.9183333333333334 0.275 0.9766666666666669 0.32666666666666666 0.9766666666666666 0.3266666666666667 0.9233333333333335
0 0.011363636363636331 0.902272727272727 0.009090909090909167 0.9590909090909091 0.04545454545454539 0.9568181818181819 0.04999999999999986 0.9090909090909091
0 0.08409090909090919 0.9113636363636363 0.08181818181818183 0.9590909090909089 0.14999999999999983 0.9636363636363634 0.1477272727272728 0.9136363636363635
0 0.24833333333333335 0.9183333333333334 0.18 0.9166666666666667 0.17833333333333334 0.97 0.24499999999999994 0.97
0 0.05 0.8090909090909091 0.03181818181818181 0.8090909090909091 0.03409090909090917 0.8499999999999999 0.052272727272727144 0.8522727272727272
0 0.0840909090909092 0.8159090909090908 0.0818181818181818 0.8568181818181817 0.0977272727272728 0.859090909090909 0.1022727272727273 0.8090909090909091 0.07954545454545447 0.8068181818181819
0 0.14772727272727273 0.818181818181818 0.1272727272727272 0.8159090909090908 0.12954545454545444 0.8613636363636362 0.1454545454545454 0.859090909090909
0 0.19545454545454533 0.8227272727272726 0.175 0.8159090909090908 0.175 0.8659090909090907 0.19318181818181812 0.865909090909091
0 0.21818181818181814 0.8159090909090908 0.21590909090909094 0.8636363636363634 0.24318181818181814 0.8681818181818182 0.2409090909090908 0.8181818181818181
0 0.26818181818181813 0.8159090909090908 0.2704545454545454 0.8681818181818182 0.29090909090909084 0.8704545454545454 0.2886363636363636 0.8159090909090908
0 0.3590909090909089 0.8636363636363634 0.35 0.8772727272727269 0.41818181818181827 0.8840909090909089 0.42272727272727273 0.8704545454545455
0 0.3681818181818183 0.8136363636363635 0.3681818181818183 0.8340909090909089 0.42727272727272736 0.8431818181818181 0.42727272727272725 0.8204545454545453
0 0.9477272727272725 0.1227272727272727 0.9636363636363636 0.05 0.9931818181818178 0.059090909090909104 0.9931818181818177 0.1386363636363637