0 0.1515625 0.584375 0.16562500000000008 0.5984375 0.2421875 0.546875 0.22812500000000008 0.5375000000000001
0 0.26874999999999993 0.5171874999999999 0.27656250000000004 0.5375000000000001 0.353125 0.49375 0.3390625 0.4765625
0 0.2515625000000001 0.4390625000000001 0.275 0.4796875 0.33125000000000016 0.4468750000000001 0.2984374999999999 0.41718750000000004
0 0.3796875 0.45312500000000006 0.3953125000000001 0.4625000000000001 0.47968749999999993 0.42500000000000004 0.453125 0.4140625
0 0.353125 0.38750000000000007 0.3640625 0.42968750000000006 0.41875 0.4015625
0 0.1203125 0.5593750000000002 0.12812500000000007 0.565625 0.2171875 0.5109375 0.22187500000000004 0.4984375
0 0.054687500000000035 0.5015625 0.06250000000000004 0.509375 0.14375000000000004 0.46093749999999994 0.13593749999999996 0.4515625
0 0.09687500000000003 0.51875 0.10312500000000002 0.53125 0.2203125 0.46875000000000006 0.21562500000000007 0.4593750000000001
0 0.1625 0.4359375 0.1671875 0.446875 0.271875 0.390625 0.271875 0.37812500000000004
0 0.4765625 0.16562500000000002 0.5171875 0.19062500000000004 0.5265625 0.184375 0.48437500000000017 0.15781250000000002
0 0.5015625000000001 0.140625 0.5421875 0.1703125 0.5578125 0.153125 0.5296875000000002 0.121875
0 0.4828125000000001 0.0875 0.5 0.103125 0.47968750000000016 0.1234375 0.4515625 0.10937500000000006