0 0.0021354217529296806 0.5261435203552246 0.12078901523187749 0.4918197396429244 0.11449556418652286 0.552585376019097 0 0.5699999288554395
0 0.0026354217529296876 0.5786435203552247 0.09931724287147894 0.5622189620118712 0.0900621785708255 0.6259487722352248 0 0.634470772999936
0 0.001635421752929691 0.6406435203552246 0.08561975868787726 0.6332809033315296 0.08154750233210027 0.6799666891278953 0.00010283277345408238 0.6903413014092904
0 0.2504754217529437 0.4416435203552247 0.5381255441462998 0.3769006563036742 0.5695928298768659 0.3190992014072047 0.4725996144684187 0.3235454659942374 0.365981140728354 0.3965383261684891 0.2519586033462493 0.424698012063059
0 0.24924948586709786 0.4494446730981403 0.5340533487981086 0.38645589679592945 0.508139095547176 0.4442573669574428 0.2452949582699305 0.471675996033304
0 0.24147542175294365 0.4826435203552246 0.4999947048507937 0.45899992885543944 0.47630167679323165 0.5105025076481923 0.23455905683783482 0.5331043589927102
0 0.23147542175294367 0.5446435203552247 0.466306193926857 0.5208771199295873 0.44002174664496024 0.5801606731984303 0.22604441110290252 0.5986867731002262
0 0.22147542175294366 0.6116435203552246 0.4333581015686416 0.5894809420655652 0.4070736847905376 0.6509876314441856 0.2160489282365279 0.6684021690154842
0 0.46149354950915183 0.579925705389571 0.6143874667676552 0.5851130038977466 0.536274573991479 0.6399502925795567 0.4315071009100279 0.6495838633072871
0 0.47197542175294366 0.5686435203552247 0.6310272184091635 0.5771181614832521 0.6717495379365901 0.5485879624443717 0.6765622433618812 0.5193167065867828 0.49701368479051683 0.5100536642684067
0 0.5299154217529228 0.4456435203552246 0.7095102442087179 0.441585376019097 0.6854470831277776 0.5116140623461675 0.5047879424635208 0.5008689216554181
0 0.5659154217529228 0.37764352035522464 0.7566466407383495 0.3736442766500918 0.7581274778697918 0.42959315055996505 0.5397076614372002 0.43552148298928356
0 0.5967854217529297 0.31314352035522464 0.7496127711272738 0.3039861110998537 0.7540552215140149 0.36660435899271027 0.5708046921292164 0.36882748365370477
0 0.7612854217529298 0.2986435203552247 0.7629400612799112 0.34214989613150826 0.7821906389507322 0.3617875659963232 0.7840416701131389 0.3973577132226729 0.8859710225905891 0.388835681927874 0.8641290867030194 0.35215399526859287 0.8611674124401347 0.2869421019379094
0 0.7874969700506995 0.408608904760662 0.8933750862326292 0.39489959022273124 0.9455736647502868 0.46641035965713146 0.8219259300441505 0.4856775316426797 0.7900883892750343 0.44417903672196773
0 0.8189642557812659 0.4949405739610557 0.9518668957768994 0.4764144587942161 0.966304829030015 0.4941995324073909 0.9629729607361665 0.5371800951703887 0.8082280428190493 0.5542241272298987
0 0.8066354217529298 0.5626435203552247 0.9570496732179831 0.5508894173408413 0.9514966407383496 0.6238823080451806 0.8508013935088823 0.6127666389450769
0 0.8548736498646593 0.622243564466901 0.945943608258716 0.6337297314462713 0.9274334796574092 0.6896785900911007 0.7253025666327537 0.7089457468116052 0.7216005348117336 0.6933837978594248 0.8585756816856793 0.6733756148502994
0 0.7261354217529297 0.7186435203552246 0.9259526425259669 0.6968540530839333 0.9096636781104448 0.7642891016056989 0.7378894687234631 0.7668827394110038
0 0.7521354217529297 0.7846435203552247 0.7438127257378534 0.8257957948005802 0.8937449687334725 0.8524733823227767 0.9126252913657436 0.783185729916849
0 0.6916140862126099 0.893228433602509 0.7397404998858694 0.8354269710735177 0.8904131004396237 0.8591404000135769 0.8811580666427633 0.896933664268399
0 0.6871716663296619 0.9010094004460774 0.8793070354803568 0.9065672349961292 0.8652393267619981 0.9588108553425468 0.7001287929551281 0.9510298961315005
0 0.6961354217529296 0.9631435203552247 0.8619074889719422 0.9677450695461889 0.857465069088994 1 0.7056818254347615 0.9996099632090829
0 0.5350181981406722 0.9996785900911007 0.6616276376134862 0.9600327066870726 0.6401558652530877 0.8829640950700987 0.4963745463842886 0.9255741599538299 0.5148847054893884 1
0 0.5691354217529296 0.9976435203552246 0.6631084442411356 0.9710797641702026 0.6745847642389525 0.9984984085111076
0 0.27993542175292996 0.8116435203552246 0.41874704884051495 0.7641831282265303 0.44318043445621236 0.8360644413353288 0.3006522551026333 0.8823797139873841
0 0.3024354217529299 0.8921435203552247 0.44429104705289757 0.8477644991506692 0.4572481431745711 0.8818525251070796 0.31434976979002793 0.9274267562054699
0 0.31493542175292993 0.9356435203552248 0.45798856174029223 0.8925976810628728 0.46798404460666687 0.9207573669574428 0.3247154466873666 0.9700368058241573
0 0.49122542175294387 0.9976435203552246 0.4708305329200094 0.9343883588924203 0.32878770304314364 0.9762573669574428 0.3350811540884983 1
0 0.44293542175293 0.7466435203552245 0.5986657404352578 0.7429850412026497 0.6164354809746364 0.8033801682507729 0.47242646448961506 0.849324904860952
0 0.47843542175292997 0.8561435203552246 0.6168056750056006 0.8126432105691489 0.6264309638410109 0.8415439456499055 0.48501336658032423 0.8826718968962194
0 0.4844354217529299 0.8916435203552245 0.6253203207405328 0.8452491686832735 0.6390178659317202 0.8734088545778436 0.49389826735380643 0.920835681927874
0 0.4174354217529299 0.6761435203552246 0.47575830227967086 0.6716309207904169 0.4805709466973761 0.7205398465128209 0.4313339509312243 0.7197987896941123
0 0.24943542175292993 0.7121435203552247 0.4013475023321005 0.6969047554407588 0.41837682430575796 0.7528536140855883 0.27436783832452943 0.7999099130262644
0 0.3014354217529299 0.9986435203552247 0.28732494969809935 0.9632107713702237 0.19717601767813647 0.9761790367219677 0.20532049988589754 1
0 0.18273811492881364 0.922823838780009 0.27565907398148387 0.9143018303827759 0.2867651694445438 0.9550592684847793 0.19569524155427998 0.9639517976588448
0 0.06427312715996786 0.9354999288554394 0.1579345047783592 0.9258663428626653 0.17015121283810436 0.9684763924813526 0.07908125444404769 0.979221533172102
0 0.17271542175295782 0.9791435203552247 0.08833631874470114 0.985812607449698 0.09833180161107576 0.9976693333685104 0.18088708376640725 1
0 0.051215421752957804 0.8876435203552246 0.1405349582699447 0.8756319945038818 0.15312186036065398 0.9152778473778221 0.061311498652772606 0.9297282111019395
0 0.036715421752957805 0.8376435203552246 0.12609702501682896 0.8270935819257882 0.13979453970422354 0.867109963209083 0.046503371368692765 0.8793372022722058
0 0.1672154217529578 0.8726435203552246 0.26011052813168284 0.8612599457501956 0.2704762355328145 0.9038700106339266 0.17903608310779373 0.9160972496970498
0 0.1522154217529578 0.8206435203552246 0.24308120615802545 0.8119804916184371 0.25788933344210524 0.8538494996834598 0.16200673063034327 0.86348307041119
0 0.1337154217529578 0.7676435203552247 0.22901346693587382 0.7601073996813739 0.24011956239893364 0.8030879624443718 0.14756879737722758 0.8153151862424508
0 0.0057154217529578055 0.7381435203552246 0.09796160758011162 0.7282424831209142 0.10980809110509973 0.7656652342314259 0.017257326083393663 0.7778924580295049
0 0.1222154217529578 0.7221435203552247 0.214575564186551 0.714903689359816 0.2275326603082244 0.7538085083126133 0.13090966943453422 0.7641831282265303
0 0.020215421752957798 0.7861435203552246 0.11276973486419145 0.7767809033315296 0.12498641242014369 0.8197614660945274 0.03243566265033409 0.8279129537149281
0 0 0.1881435203552246 0.04243114551670869 0.15227936772215392 0.06538372450475669 0.1819211367240535 0.0105936810070749 0.223790144789076
0 0.0542154217529578 0.14514352035522463 0.11239954083322734 0.11374506954618889 0.14386676555620762 0.13819953240739088 0.07426861002634245 0.17710435899271026
0 0.1282154217529578 0.10264352035522462 0.19236340376422414 0.050756300876499905 0.20717150054451106 0.06446561541443054 0.14423699009096466 0.11930288883119693
0 0.22021542175295783 0.023643520355224608 0.252706464489643 0.060838722616537666 0.23271549875689376 0.08381108710536621 0.2001376614372282 0.046388358892420295
0 0.2327154217529578 0.02114352035522461 0.26270194735601754 0.05935662424416419 0.2841737502202091 0.03267903672196773 0.24456201278567477 0.0067424831209141715
0 0.3197154217529578 0.04814352035522461 0.3504400679600183 0.06721592895572943 0.32563648831335684 0.11686591149684211 0.3000924595971812 0.08907675401162653
0 0.2627154217529578 0.1286435203552246 0.28343333165448786 0.15458085314871112 0.3211940379266157 0.1256800951703887 0.2923182019241772 0.09455624306115946
0 0.22821542175295784 0.1521435203552246 0.25529788371397766 0.13531368116316284 0.27454846138479855 0.15309873951129382 0.2419705935613401 0.1716248546781334
0 0.2557154217529578 0.1781435203552246 0.2804717183991891 0.16347338232277664 0.2926883959551413 0.17903530074486926 0.2701060109980574 0.19422670602265146
0 0.29521542175295784 0.1591435203552246 0.3063859106425359 0.17384799460417177 0.33933400300075145 0.14828194651490675 0.3237854571509504 0.13123792972044057
0 0.34414664741845663 0.10530138375190895 0.36154619392687115 0.12234540054637506 0.38634980407732555 0.09196258999081072 0.35821432563302236 0.07380698796828154
0 0.37671542175295786 0.012643520355224602 0.4018983804309195 0.02201222626669333 0.40263870748526187 0.0008924580295049345 0.3752436781104728 0.0016334995831697352
0 0.6193726785264327 0.1403905411956243 0.6705583717715251 0.15099337553801864 0.655290583696555 0.20032893893288273 0.6103597497421198 0.19989233370447823
0 0.675343416061382 0.15453051699392728 0.7495145075784808 0.16802069164932654 0.7386089395329916 0.2060046989784659 0.6618339317125637 0.20120213140241255
0 0.7513457859772603 0.17043798976701807 0.8411210922540033 0.17893564248664678 0.8337053577418178 0.2033851215698766 0.7438436179457983 0.2046949192678108
0 0.8503256165653811 0.17868630898269483 0.9510490513743494 0.19072378579349675 0.948431712167946 0.20294851634147207 0.8441747145674313 0.20644130420687037
0 0.5981627148289783 0.02373574085962491 0.667504821345246 0.048485163617618225 0.6025077680664842 0.0912717655037298
0 0.6040543714116046 0.0025257771621704705 0.6443850515946403 0.014522821370853891 0.6491834828439969 0
0 0.656490114996978 0.00016911452911998027 0.6544181612568036 0.019761994175311774 0.6880072518894483 0.031550137482161754 0.7298845713611789 0.0036078885208128586