0 0.24280267071157396 0.18525323964748983 0.31947280061128436 0.16692879702191366 0.30336096260392337 0.05420577989207111 0.2922493491326763 0.07197493499098899 0.30447212700294296 0.08030421738809937 0.3011386338058843 0.09252051247181674 0.28113773566142913 0.08585707740329993 0.25335871724278564 0.13139051732683965 0.2778042424643704 0.1469385070677441 0.2744707797862603 0.1591548021514615 0.25113638844474645 0.1486043848990994
0 0.7259617919921876 0.05096701240539552 0.8056057450133401 0.07644578960211686 0.7317135718896017 0.09477023222769297
0 0.7856048468688851 0.10920767741804287 0.8206064186216817 0.10087837976955161 0.8111615364894894 0.1641809747920093 0.7806046223327715 0.15696225219683424
0 0.7374617919921875 0.11796701240539552 0.769493039380473 0.11420524990658527 0.7689374114025402 0.1530752547616082 0.7367137964257158 0.1502988323796983
0 0.6584617919921876 0.1294670124053955 0.7150461364232568 0.12084006957171578 0.6883782518846843 0.23356311720432024 0.6611548004060762 0.23411838947959748
0 0.8469617919921876 0 0.8861649045311963 0 0.8783867842570078 0.02366505743415852 0.8417185116841049 0.020333347525590524
0 0.6014617919921875 0.1454670124053955 0.6394872014415147 0.141912364929958 0.6417094692016566 0.22409467485326895 0.6122637499629066 0.2218735247466364 0.5917072238405189 0.2024385070677441
0 0.5859617919921876 0.14896701240539553 0.4717018349737882 0.17300837491452867 0.4639237146995999 0.22131825247135925 0.5139259600607375 0.23242394199899852 0.5228152752528942 0.24130854242552874 0.5761509832921421 0.2041043848990994
0 0.3844757195807634 0.18800109238015594 0.4500342360092266 0.17856121967834843 0.4422561157350382 0.23131339744844404 0.38725361531883806 0.23297924477703755
0 0.2689149577911624 0.21687595225809406 0.3555855367631003 0.19744093457920164 0.3583634325011749 0.2579671072197495 0.3011386338058843 0.2862866948224103 0.2983607380678096 0.28184439460914523 0.31391697861618645 0.2701834023034669 0.2983607380678096 0.24297438975412233 0.2828044670004842 0.24963780957125828
0 0.2319617919921875 0.22296701240539551 0.2578033443199153 0.22520524990658525 0.2872491245965625 0.2968371120747724 0.28391563139950377 0.3118298295403996 0.27280401792825665 0.3290436971126594 0.2450249995096131 0.3318201194945692 0.23057989284130723 0.299058262181405
0 0.2374617919921875 0.3494670124053955 0.2755819136663312 0.3450612196783483 0.3028053651449393 0.3867076774180429 0.2861379601975429 0.4922119719527106 0.2744707797862603 0.48832497451748447
0 0.3214617919921875 0.39046701240539555 0.35280761050607706 0.39170524990658534 0.3489185503689829 0.5144234120135127 0.29613840926977053 0.49387784978406585
0 0.38392012212177934 0.397813397448444 0.42947770988683875 0.39003937207523004 0.4583679232234505 0.4294646797082919 0.3844757195807634 0.4566736922576365
0 0.37096179199218754 0.49096701240539553 0.48281347896398386 0.4533419670976876 0.4678128053556426 0.5460746942733608 0.37558643490755544 0.529971432257179 0.3683638815734025 0.5133128369601965
0 0.5079617919921876 0.4399670124053955 0.5261487379310043 0.42890937693025294 0.6528211131918523 0.3961475196170887 0.6572657707879306 0.4300199519835692 0.6500432174537778 0.4422362470672866 0.5067034067265846 0.4661135344566823
0 0.5004617919921875 0.4789670124053955 0.6411539022616212 0.4572289645329137 0.6528211131918522 0.5127575646849192 0.49614739071432146 0.5066494171430604
0 0.4964617919921875 0.5209670124053956 0.6578213377279661 0.5293589596778908 0.6628215622640797 0.5865534071584897 0.4911471661782078 0.5482386745787441
0 0.7000454628149155 0.5349118044417105 0.7367137964257157 0.5310248070064844 0.7350470345677119 0.615428267036428 0.6856003561466096 0.5959932493575356 0.6644883241220836 0.4538400695717158 0.6739331452163785 0.45161894996784496 0.6861559230866451 0.533245957113117
0 0.6879617919921875 0.44096701240539554 0.7911606383450345 0.4532847972964386 0.7772711596546613 0.5110345170523147 0.6933784764207981 0.5193638147008061
0 0.6764617919921875 0.3374670124053955 0.7922718332630027 0.34453451705231475 0.7950497290010773 0.3811834023034668 0.7606037241883163 0.38618097479200936 0.7078235830891039 0.37063295454834294 0.6806001316104959 0.35675081213603216
0 0.6694885486581973 0.2523570774032999 0.7428251548419005 0.2640180849603591 0.7422695879018647 0.2784554996479473 0.7111570457672138 0.28012137747930255 0.7083791500291394 0.31677023222769296 0.6717108164183392 0.3178808072810093
0 0.5328157243251217 0.2634627821823201 0.582262402746224 0.22736921496058787 0.5955963144965617 0.23958549479292438 0.6411539022616212 0.24513835480812493 0.6478208886557385 0.3234336520448289 0.5683728630179536 0.3300971023647266
0 0.4622570138794933 0.3151043848990994 0.4889248373801686 0.25957578474709403 0.49948085339243165 0.2612416625784493 0.5400382776592746 0.34009224734181137
0 0.4524617919921875 0.3334670124053955 0.5344824251452281 0.35619553986075486 0.5344824251452281 0.38395982468537676 0.47559092562983096 0.42727212975366485 0.43670026322099176 0.37340937693025295
0 0.3794617919921875 0.24746701240539554 0.4583679232234505 0.2501359272966673 0.44836747415122297 0.2840083749145287 0.377808733186646 0.27345792715940487
0 0.6869617919921877 0.38046701240539554 0.751714470034057 0.39339969738718417 0.7944941620610417 0.3933996973871842 0.7961608628811483 0.4383778497840659 0.7494921412360178 0.4383778497840659 0.6889338188247197 0.42838270480698104
0 0.6349617919921875 0.030467012405395514 0.7078235830891039 0.045349779617546215 0.7183795991013667 0.09754665460960284 0.646154126797735 0.1108735247466364
0 0.30196179199218753 0.5679670124053955 0.44725634027115196 0.592632954548343 0.44447838349518015 0.6242842673109529 0.3083611871400372 0.5937435296016594
0 0.31296179199218754 0.6074670124053955 0.43892259201903094 0.6337241095099985 0.4378114581389599 0.6548249745174844 0.3350290411596611 0.63927698477658 0.3144725760751705 0.6259501146395463
0 0.37296179199218754 0.6579670124053955 0.4383670250789954 0.6692624197078345 0.4328112336028462 0.7297313920443713 0.40725451346329317 0.7297313920443713 0.40669894652325767 0.73861596196814 0.3550299393041162 0.7380606896928625 0.35558553676310034 0.7208468221206029 0.38392012212177934 0.7119622521968343
0 0.4719617919921875 0.6369670124053955 0.5811512078282558 0.6780898198303538 0.6100414211648675 0.6875296620293997 0.6089302262468993 0.6969695347312072 0.5905960899604479 0.7025223794950267 0.5839291035663304 0.7091858298149245 0.558372413945726 0.7097411020902018 0.47059070109371726 0.6780898198303538
0 0.4774617919921875 0.6029670124053955 0.5822624027462239 0.6275587921668908 0.5805956408882204 0.6569889548228679 0.4755909256298309 0.6225612196783484
0 0.44946179199218755 0.7634670124053955 0.5783733120901811 0.7613255045029702 0.5817067747682912 0.782981672288495 0.4478119072111874 0.8146329545483431
0 0.36046179199218753 0.7664670124053956 0.4350335624008853 0.7618808072810092 0.4350335624008853 0.8174093769302528 0.37614200184759095 0.8329573971739191
0 0.38796179199218755 0.8539670124053955 0.4450340114731127 0.8412866948224104 0.45170093682933304 0.8868201194945692 0.3972540643910656 0.9018128369601964
0 0.46196179199218756 0.8379670124053956 0.5172594837767449 0.8246280995254278 0.5250376040509331 0.8768249745174844 0.47003513415368176 0.8884859668231627
0 0.5334617919921876 0.8229670124053956 0.5950407475565263 0.8063036874026135 0.5989297771746719 0.8623875598298963 0.5444828742174557 0.8740485521355745
0 0.6204617919921875 0.8039670124053956 0.6789333697524921 0.789645092105631 0.6850447892065742 0.8024166594646257 0.6878226849446488 0.8779355495708008 0.6239308998552408 0.8834883943346205
0 0.6259617919921875 0.8979670124053957 0.691156147622759 0.8940388420897443 0.7022677916129547 0.9090315595553714 0.7050456873510293 0.9617837373254671 0.6472653217157032 0.9784332493574801 0.6217085710572016 0.9551112647461235
0 0.5044617919921875 0.9674070124053401 0.6028188678307145 0.9451161197690388 0.6161527795810522 0.9523348423642136 0.6161527795810522 0.9834308218460225 0.5778177451501457 0.9989788420896889 0.5089257355246238 0.9989788420896889
0 0.48946179199218753 0.9674070124053401 0.5017031821904709 0.9989788420896889 0.4116991710593714 0.9984235393116498 0.4089212448023482 0.9884283943345651
0 0.4014617919921875 0.9284070124053401 0.45336769868733673 0.9140201097844681 0.4600346850814542 0.9517795395861747 0.4061433490642736 0.9656616819984856
0 0.4709617919921875 0.9134070124053401 0.5272599328489724 0.8979168172655244 0.5339268582051927 0.93623154984527 0.4722574629517209 0.9512242673108973
0 0.5419617919921875 0.8889070124053401 0.5983742102346363 0.8757053772047223 0.6039300017107856 0.9223493769301976 0.5483719648734985 0.9334550969605985
0 0.8194952847416106 0.9590010923801559 0.8328291964919484 0.998426369510456 0.9194997754638863 0.962332787037343 0.9044991018555448 0.9384554996479473
0 0.5954617919921875 0.7564670124053956 0.6950452382788018 0.7552969348537266 0.5983742102346363 0.7802847972964386
0 0.5694617919921875 0.3399670124053955 0.6522655462518171 0.33564375506790683 0.6544878750498561 0.3661844775258193 0.6305978862493582 0.37118205001436166 0.6300423193093228 0.3956146249304156 0.5450385021953883 0.4161602024112433 0.5622615046017687 0.38450890490001455
0 0.7229617919921876 0.2909670124053955 0.7794934884527004 0.287974934990989 0.7900495044649635 0.3279554996479473 0.7200463609593706 0.32851080242598635