0 0.5265625 0.006249999999999982 0.5234375 0.07187500000000006 0.5515625000000002 0.0750000000000001 0.5578125000000002 0.009375000000000107
0 0.5843750000000001 0.006250000000000018 0.5765625000000001 0.07656250000000003 0.6062500000000001 0.07968750000000005 0.6109375 0.009375000000000027
0 0.5156250000000001 0.11093750000000008 0.515625 0.16718750000000007 0.5437500000000001 0.1671875 0.5421875000000002 0.1109375000000001
0 0.59375 0.1234375 0.565625 0.12343750000000005 0.5656250000000003 0.17187500000000003 0.59375 0.17343750000000002
0 0.5134615384615384 0.2211538461538462 0.5134615384615385 0.2730769230769231 0.5826923076923077 0.27692307692307705 0.5826923076923077 0.22692307692307698
0 0.6173076923076924 0.1288461538461538 0.6173076923076924 0.1730769230769231 0.6403846153846154 0.17499999999999993 0.6365384615384616 0.12884615384615383
0 0.6115384615384615 0.2269230769230769 0.6096153846153846 0.28461538461538466 0.6807692307692307 0.28653846153846146 0.6807692307692307 0.226923076923077
0 0.6865384615384614 0.13269230769230775 0.6634615384615385 0.13076923076923083 0.6615384615384616 0.1711538461538462 0.6884615384615386 0.17307692307692313
0 0.7038461538461539 0.13076923076923072 0.7038461538461539 0.18269230769230765 0.7384615384615385 0.18653846153846154 0.7365384615384616 0.13269230769230775
0 0.6306206896552691 0.07241379310344825 0.6547586206897519 0.07241379310344825 0.6633793103449241 0.006896551724137909 0.6357931034483726 0.006896551724137936
0 0.6730769230769229 0.08269230769230766 0.72 0.09 0.7211538461538464 0.009615384615384599 0.6826923076923076 0.007692307692307736
0 0.7096153846153846 0.2326923076923076 0.7076923076923077 0.2923076923076922 0.7788461538461539 0.2942307692307693 0.778846153846154 0.23653846153846148
0 0.7788461538461537 0.14038461538461533 0.7576923076923078 0.14038461538461533 0.7557692307692306 0.18269230769230765 0.7788461538461537 0.18653846153846146
0 0.8288461538461539 0.14423076923076925 0.8038461538461541 0.14230769230769233 0.8057692307692309 0.1884615384615384 0.826923076923077 0.1865384615384614
0 0.873076923076923 0.1461538461538462 0.8538461538461539 0.14230769230769233 0.8557692307692308 0.19230769230769215 0.873076923076923 0.19230769230769235
0 0.7826923076923076 0.33461538461538454 0.7807692307692307 0.3942307692307692 0.8019230769230767 0.3942307692307693 0.8057692307692306 0.3346153846153846
0 0.8096153846153845 0.23846153846153847 0.8057692307692309 0.29423076923076924 0.8750000000000003 0.2961538461538462 0.875 0.24038461538461534
0 0.925 0.14807692307692308 0.8980769230769229 0.15 0.8980769230769231 0.1961538461538462 0.9230769230769232 0.19807692307692315
0 0.9423076923076925 0.14230769230769227 0.9403846153846155 0.2 0.975 0.205 0.9749999999999999 0.1442307692307692
0 0.905769230769231 0.24615384615384614 0.901923076923077 0.29999999999999993 0.9730769230769232 0.3019230769230769 0.9711538461538461 0.2519230769230769
0 0.5365384615384614 0.3192307692307692 0.5384615384615382 0.3730769230769232 0.6096153846153844 0.37500000000000017 0.6057692307692305 0.32307692307692315
0 0.6384615384615384 0.3269230769230771 0.6346153846153847 0.3788461538461539 0.7038461538461539 0.38076923076923064 0.7057692307692309 0.3307692307692308
0 0.7326923076923078 0.33269230769230773 0.730769230769231 0.3846153846153847 0.7519230769230769 0.3846153846153846 0.7557692307692307 0.33269230769230773
0 0.8326923076923077 0.33846153846153837 0.8346153846153846 0.3942307692307692 0.9038461538461539 0.4000000000000001 0.9000000000000002 0.3423076923076924
0 0.9288461538461539 0.3442307692307692 0.9250000000000003 0.40192307692307694 0.9884615384615385 0.40000000000000013 0.9884615384615384 0.3480769230769231
0 0.46730769230769226 0.47884615384615387 0.4615384615384616 0.5288461538461537 0.5326923076923077 0.5307692307692308 0.5634615384615386 0.4288461538461538 0.5173076923076922 0.4288461538461537
0 0.5788965517242347 0.5413793103448276 0.587517241379407 0.539655172413793 0.6220000000000967 0.4327586206896551 0.6133793103449242 0.43103448275862066
0 0.5538461538461538 0.5346153846153846 0.5596153846153845 0.5346153846153846 0.5923076923076923 0.4307692307692308 0.5865384615384616 0.43076923076923074
0 0.6076923076923076 0.5346153846153846 0.6115384615384616 0.5346153846153847 0.6442307692307692 0.4384615384615385 0.6384615384615386 0.4307692307692307
0 0.6403846153846154 0.5384615384615384 0.6884615384615386 0.5403846153846154 0.7211538461538463 0.4423076923076923 0.6692307692307693 0.4384615384615384
0 0.7192307692307695 0.548076923076923 0.7711538461538463 0.5461538461538461 0.8000000000000003 0.4461538461538461 0.7538461538461537 0.4461538461538461
0 0.8288461538461539 0.44807692307692315 0.7961538461538464 0.5538461538461539 0.8057692307692307 0.551923076923077 0.8423076923076923 0.448076923076923
0 0.8288461538461539 0.5576923076923076 0.8346153846153848 0.5557692307692307 0.8769230769230768 0.4461538461538461 0.8692307692307694 0.4461538461538461
0 0.2647727272727272 0.6954545454545453 0.295 0.7 0.3068181818181818 0.6238636363636363 0.2761363636363636 0.6227272727272727
0 0.32 0.62375 0.3175 0.6975 0.34875 0.69625 0.3475 0.62375
0 0.21794871794871795 0.808974358974359 0.24743589743589745 0.8076923076923077 0.25769230769230766 0.7333333333333334 0.22564102564102562 0.732051282051282
0 0.2772727272727273 0.7352272727272726 0.2749999999999999 0.7988636363636362 0.3022727272727272 0.796590909090909 0.30454545454545456 0.7329545454545454
0 0.32 0.72875 0.31875 0.8 0.365 0.8 0.36 0.73
0 0.40192307692307716 0.623076923076923 0.3961538461538462 0.6903846153846154 0.4173076923076924 0.6942307692307693 0.42692307692307696 0.625
0 0.4047586206897519 0.7275862068965517 0.4202758620690622 0.7275862068965517 0.41855172413802777 0.7948275862068965 0.4047586206897519 0.796551724137931
0 0.4439024390243903 0.7317073170731709 0.44024390243902445 0.7951219512195123 0.4548780487804878 0.7951219512195122 0.4609756097560976 0.7317073170731707
0 0.4519230769230769 0.6269230769230769 0.4480769230769232 0.6961538461538461 0.4615384615384615 0.6961538461538461 0.47115384615384626 0.6288461538461538
0 0.48333333333333334 0.7342105263157894 0.4798245614035088 0.7973684210526315 0.5000000000000001 0.7982456140350876 0.5017543859649122 0.7342105263157894
0 0.5000000000000001 0.6307692307692306 0.4942307692307695 0.6923076923076923 0.5115384615384615 0.6942307692307691 0.5173076923076924 0.6346153846153847
0 0.5480769230769232 0.6365384615384615 0.5403846153846156 0.698076923076923 0.5557692307692307 0.7 0.5634615384615386 0.6384615384615385
0 0.5826923076923076 0.7 0.5999999999999999 0.7038461538461539 0.6115384615384615 0.6403846153846153 0.5923076923076922 0.6384615384615385
0 0.6269230769230768 0.7038461538461539 0.6442307692307692 0.7076923076923076 0.6596153846153845 0.6403846153846154 0.6423076923076924 0.6403846153846153
0 0.53 0.7345454545454547 0.5227272727272728 0.8018181818181819 0.5409090909090909 0.8036363636363637 0.5454545454545454 0.7363636363636364
0 0.5728070175438595 0.7429824561403509 0.5894736842105263 0.742982456140351 0.5859649122807017 0.8070175438596491 0.5657894736842105 0.806140350877193
0 0.6154761904761904 0.744047619047619 0.6357954545454545 0.7465909090909091 0.6227272727272727 0.8130681818181819 0.6102272727272726 0.8113636363636364
0 0.35372413793113056 0.5844827586206897 0.3588965517242342 0.5586206896551724 0.40889655172423434 0.5637931034482758 0.4002758620690615 0.5827586206896551
0 0.4382068965518205 0.5844827586206895 0.4433793103449237 0.5586206896551723 0.4744137931035445 0.5620689655172413 0.4709655172414756 0.5879310344827586
0 0.49682758620699263 0.5913793103448275 0.5226896551725099 0.5896551724137931 0.5261379310345788 0.5689655172413793 0.49682758620699263 0.5655172413793104
0 0.5485517241380271 0.589655172413793 0.5520000000000962 0.5689655172413793 0.6054482758621651 0.5741379310344826 0.6020000000000961 0.5948275862068964
0 0.6278620689656134 0.5948275862068965 0.6278620689656131 0.5758620689655172 0.6451034482759581 0.5758620689655171 0.6416551724138891 0.5982758620689654
0 0.6633793103449244 0.7103448275862069 0.6806206896552692 0.7137931034482758 0.697862068965614 0.6448275862068965 0.6823448275863038 0.639655172413793
0 0.6657931034483721 0.6 0.6830344827587169 0.6 0.6830344827587167 0.5793103448275861 0.6675172413794062 0.5793103448275861
0 0.7133793103449242 0.6448275862068965 0.7220000000000967 0.6482758620689656 0.7030344827587175 0.7137931034482758 0.694413793103545 0.7086206896551723
0 0.7306206896552692 0.7120689655172413 0.7616551724138898 0.7103448275862069 0.7840689655173381 0.6465517241379309 0.7478620689656139 0.6465517241379309
0 0.7106206896552686 0.6034482758620688 0.7123448275863027 0.5810344827586207 0.7606206896552686 0.5862068965517241 0.7606206896552686 0.6051724137931035
0 0.7857931034483725 0.7051724137931035 0.8116551724138898 0.7017241379310345 0.8254482758621657 0.65 0.8030344827587175 0.6517241379310345
0 0.7882068965518204 0.6086206896551724 0.7864827586207858 0.5879310344827586 0.8347586206897509 0.5913793103448276 0.8347586206897512 0.6103448275862068
0 0.8323448275863037 0.7051724137931035 0.8461379310345795 0.7051724137931035 0.890965517241476 0.6517241379310345 0.847862068965614 0.65
0 0.8616551724138897 0.6155172413793103 0.8668275862069933 0.593103448275862 0.9047586206897518 0.593103448275862
0 0.8995862068966484 0.6172413793103447 0.940965517241476 0.596551724137931 0.9564827586207864 0.5982758620689655 0.9392413793104416 0.6206896551724139
0 0.6737241379311311 0.8241379310344827 0.6823448275863037 0.8189655172413792 0.7030344827587173 0.7482758620689655 0.694413793103545 0.7465517241379309
0 0.6599310344828553 0.75 0.6702758620690622 0.7482758620689655 0.6513103448276829 0.8189655172413792 0.6426896551725104 0.8206896551724138
0 0.7271724137932 0.7517241379310344 0.7426896551725105 0.7482758620689655 0.7013103448276828 0.8310344827586207
0 0.7685517241380277 0.7482758620689655 0.7892413793104416 0.7413793103448276 0.7220000000000968 0.8327586206896551
0 0.978813559322034 0.46271186440677964 0.9830508474576272 0.46610169491525416 0.9372881355932203 0.5610169491525423 0.9296610169491524 0.5610169491525423
0 0.9593220338983051 0.4601694915254237 0.9652542372881356 0.4618644067796609 0.9161016949152543 0.5601694915254236 0.909322033898305 0.5601694915254236
0 0.940677966101695 0.4559322033898304 0.9466101694915252 0.4584745762711864 0.8957627118644066 0.5610169491525423 0.8906779661016948 0.5584745762711864
0 0.8728813559322032 0.5576271186440678 0.8771186440677965 0.5567796610169491 0.9288135593220339 0.4559322033898304 0.9220338983050845 0.45508474576271185
0 0.894413793103545 0.45000000000000007 0.9047586206897519 0.45172413793103444 0.8513103448276829 0.5620689655172414
0 0.9599310344828552 0.5655172413793104 0.9978620689656139 0.4724137931034483 0.9961379310345797 0.5362068965517242 0.9788965517242346 0.5672413793103448
0 0.2025641025641026 0.7038461538461539 0.2397435897435897 0.7025641025641025 0.2602564102564103 0.617948717948718 0.2346153846153846 0.6205128205128204
0 0.0326923076923077 0.26730769230769236 0.05961538461538467 0.2884615384615385 0.055769230769230765 0.32307692307692293 0.03269230769230766 0.3230769230769232
0 0.04423076923076934 0.201923076923077 0.046153846153846205 0.1846153846153845 0.11730769230769222 0.23461538461538445 0.11538461538461528 0.2519230769230769
0 0.036538461538461575 0.2365384615384615 0.03653846153846157 0.2192307692307691 0.09615384615384619 0.2692307692307692 0.09038461538461537 0.28269230769230774
0 0.040384615384615435 0.12307692307692307 0.07307692307692315 0.0019230769230768985 0.08461538461538458 0.005769230769230864 0.053846153846153856 0.12115384615384613
0 0.07307692307692314 0.14038461538461533 0.10384615384615387 0.005769230769230678 0.11346153846153845 0.005769230769230696 0.0865384615384616 0.148076923076923
0 0.12884615384615386 0.16538461538461532 0.1346153846153846 0.17115384615384613 0.16923076923076935 0.02115384615384617 0.1634615384615384 0.015384615384615472
0 0.10192307692307694 0.14807692307692308 0.13269230769230772 0.013461538461538556 0.14038461538461544 0.01153846153846164 0.10769230769230771 0.15769230769230785