0 0.4584617919921875 0.38196701240539555 0.5305933955270825 0.3333144650451059 0.5455940691354239 0.3355356075260481 0.5300378285870471 0.38662190746478836
0 0.5514617919921875 0.3364670124053955 0.5972630763545653 0.3438648975488489 0.5833735366262949 0.3960617649152151 0.5367047539432673 0.38884305757142096
0 0.6044617919921875 0.34646701240539557 0.6344869769054009 0.34886247766308176 0.6194863032970596 0.3905089049000145 0.5939295526385581 0.3849560448848139
0 0.5222597083128586 0.40605690989229987 0.5800400739481847 0.40883334752559053 0.5761509832921421 0.43937406998350315 0.5189261845968514 0.43715291987687055
0 0.44346179199218755 0.4044670124053955 0.5122592592406311 0.40161462493041555 0.513370393120702 0.43437649749496077 0.4800355832259093 0.43437649749496077 0.4378114581389599 0.41938378002933346
0 0.1164617919921875 0.5734670124053955 0.20668993455975798 0.5825234699687601 0.20724553201874202 0.6058454850828785 0.11668589290970997 0.5964056123810709
0 0.21596179199218754 0.5799670124053955 0.3005830668658488 0.5875210424573024 0.2961384092697705 0.6097324825181046 0.21780154803100507 0.6025137599229297
0 0.30796179199218754 0.5889670124053955 0.3733641061095163 0.5914080398925285 0.37391967304955176 0.6152853425333052 0.30391652954395887 0.611398345098079
0 0.1364617919921875 0.6179670124053955 0.1928004253504362 0.6225040498770993 0.17724418480205942 0.6802537848843564 0.13001983517899623 0.6791432098310402
0 0.19846179199218753 0.6244670124053955 0.24835849270667182 0.62528048751039 0.23446898349735007 0.6802537848843565 0.1850223050762478 0.6802537848843565
0 0.2579617919921875 0.6284670124053955 0.3066944252820335 0.6308333475255905 0.2905825872746726 0.6835854947929243 0.24280267071157396 0.6835854947929243
0 0.32596179199218756 0.6394670124053955 0.3622524926382691 0.6436049148845853 0.36169689517928505 0.6774773625024466 0.3183616362122647 0.678587922304382
0 0.2884617919921875 0.6964670124053955 0.3005830668658488 0.6951893325487345 0.323917427688414 0.7335040498770994 0.3622524926382691 0.7457203449608167 0.3389181012967553 0.8367872248078961 0.3050276939429784 0.8323449245946309
0 0.3169617919921875 0.6854670124053954 0.3805866594436692 0.6880277797548087 0.38225339078272424 0.7052416625784494 0.36558598583532786 0.7368929448382973 0.3261397564864532 0.7246766497545798
0 0.4069617919921875 0.6519670124053956 0.49392506191628244 0.6569317850216189 0.4917027331182433 0.6796984973576983 0.4061433490642736 0.6824749349909891
0 0.4061433490642736 0.5947397650524775 0.45559002748537586 0.5964056123810709 0.45170093682933304 0.6136194799533308 0.40836567786231276 0.611398345098079
0 0.4664617919921875 0.5969670124053955 0.5161482888587767 0.5997373375410199 0.5155927219187412 0.6191723399685313 0.4650349096175679 0.618061764915215
0 0.4004617919921875 0.6899670124053955 0.5011476152504354 0.6940787574954183 0.4950362568342506 0.711292625067678 0.3983652287900852 0.7051844775258193
0 0.2264617919921875 0.7044670124053956 0.28169330260146463 0.7029633274191868 0.29891630500784516 0.8279026548841276 0.23558011737742107 0.8129099374185005
0 0.1604617919921875 0.7039670124053956 0.21391248789391085 0.704073902472503 0.225024101365158 0.8084676372052354 0.17391069160500067 0.7990277797548085
0 0.1494617919921875 0.7014670124053956 0.1272419241814473 0.6996316175106188 0.07570742294408367 0.7329487623504412 0.0862634694752953 0.7501626299227009 0.1634891663150411 0.7951407823195825
0 0.023482864044381043 0.7862562123958139 0.1557110155219041 0.8040253522433509 0.06015118239570685 0.7401674849456161 0.025149610642910394 0.7584919123198113
0 0.03509179199221544 0.7924670124053955 0.15737777737990774 0.8128527676172513 0.16571146459413166 0.832843057571421 0.09681948548755835 0.8917033523806134
0 0.21859179199221546 0.8554670124053956 0.2468262215709717 0.8633837800293334 0.2223806963493868 1 0.14404383511062147 1 0.16015567311798237 0.9477300550066471
0 0.19709179199221544 0.8489670124053955 0.21515814301523392 0.8528333475255906 0.13070989284133522 0.9805490821210604 0.11237575655488379 0.9422343800440766
0 0.10459179199221545 0.9039670124053956 0.11459805483397431 0.9372368075555342 0.18849028899561002 0.8450593374037575 0.17237845098824905 0.8339536173733564
0 0.25159179199221543 0.8649670124053955 0.2962728999920739 0.8777640325413629 0.2762720018476189 1 0.22904765222455561 0.9988163549453872
0 0.3010917919922155 0.8814670124053954 0.33238566666283853 0.8916461825793643 0.3257186802687211 1 0.2834945551817718 1
0 0.34609179199221546 0.9299670124053955 0.4285010667290714 0.9943740699835031 0.42516760405096116 1 0.38294347896401176 1 0.34183048775713354 0.9677203449608166
0 0.3505917919922154 0.8954670124053955 0.447946397933491 0.9577251999837318 0.4323901573851142 0.9927082074035286 0.3496086080313219 0.926073902472503
0 0.34459179199221546 0.9764670124053956 0.3718318349738161 0.9982610674187292 0.34238611573506617 0.9971504923654129
0 0.3330917919922154 0.8479670124053956 0.2340478767606695 0.8251262325022178 0.23182554796263033 0.8406742222431223 0.3307189048048349 0.8800995298761842
0 0.47209179199221546 0.7274670124053955 0.4996154051526325 0.7306704576939402 0.457391280065683 0.9105830672814668 0.4335012912651851 0.897256212395814
0 0.4405917919922155 0.7284670124053956 0.4668361011599779 0.7301151701672822 0.4312789624671459 0.8950350622891814 0.40516670590650605 0.883374069983503
0 0.41709179199221547 0.7254670124053955 0.43516805312318874 0.7251175938658946 0.4040555109885379 0.8783764974949606 0.38016558322593724 0.8672707774645595
0 0.34959179199221546 0.8509670124053956 0.3751653586898234 0.861162629922701 0.4112780643226908 0.7223411676711397 0.42183408033495395 0.7195647376635392 0.42072294645488284 0.7112354476407385 0.39516625683427853 0.7112354476407385 0.36627604349766685 0.7728721800832217
0 0.49959179199221543 0.7504670124053955 0.5123937499629345 0.7623217475794788 0.4868369993044331 0.9233546346404614 0.4640582054219033 0.9133595049147576 0.4712807587560562 0.8667154899379015 0.4851702984843266 0.8606073423960429 0.4873926272823656 0.8467251999837319 0.4785033120902091 0.8367300550066471
0 0.4285917919922154 0.6259670124053955 0.5101714211648953 0.6313314576253092 0.5079490923668561 0.6491006050985366 0.4246119760730284 0.6407713150757358
0 0.8159617919921875 0.9349670124053955 0.9099912430915625 0.9406858298149245 0.9072133473534879 0.9995461246241172 0.8188760065235465 1
0 0.9159617919921875 0.9409670124053956 1 0.9451280995254276 0.9999952847416105 0.998990821846078 0.9155470345677119 0.9984355495708007
0 0.8424617919921876 0.6559670124053956 0.8905459118871429 0.6558241750909363 0.8761008052188372 0.8068619324262152 0.825542992917664 0.8024196474643308
0 0.8954617919921876 0.6569670124053956 0.9499930393804729 0.6569347501442526 0.9299921412360177 0.8101936423347831 0.8805454628149153 0.8079725074795314
0 0.9538820689986184 0.6580453175718785 0.9977729559435714 0.6574900300452202 0.9811055204772265 0.8140806397700092 0.9299921412360177 0.8129700799680738
0 0.872475 0.5584749999999999 0.915025 0.5584749999999999 0.915025 0.6259250000000001 0.872475 0.6259250000000001
0 0.925975 0.5629500000000001 0.975025 0.5629500000000001 0.975025 0.6297499999999999 0.925975 0.6297499999999999
0 0.9979617919921876 0.5684670124053955 0.9833278492752656 0.5681461825793644 0.9805499535371911 0.6297829150218476 0.9999952847416105 0.6297829150218476
0 0.82795 0.827975 0.8677499999999999 0.827975 0.8677499999999999 0.8984249999999999 0.82795 0.8984249999999999
0 0.8724500000000001 0.8319749999999999 0.9155500000000001 0.8319749999999999 0.9155500000000001 0.903425 0.8724500000000001 0.903425
0 0.9209499999999999 0.8394499999999999 0.96055 0.8394499999999999 0.96055 0.9078499999999999 0.9209499999999999 0.9078499999999999
0 0.9709749999999999 0.8444750000000001 1.000025 0.8444750000000001 1.000025 0.909525 0.9709749999999999 0.909525
0 0.997217389003536 0.8185515096325179 0.9844389831553364 0.8174409345792018 0.9955506271455323 0.6597397650524774 1 0.6591844775258192