0 0.18846179199218752 0.8134670124053954 0.25224755284376604 0.8370059474030711 0.2539142841828211 0.803688787311868 0.18946693215337748 0.7781456373424976
0 0.2724617919921875 0.8069670124053956 0.3278064878255082 0.8281213774793025 0.3294732496835118 0.8636596571743766 0.27391518232727624 0.8431140949449297
0 0.18835579827330654 0.8364506446250322 0.25113638844474645 0.8597726597391505 0.23558011737742107 0.8986426645941736 0.18557787201628329 0.8769865273114104
0 0.2704617919921875 0.8679670124053955 0.33113998102256686 0.8903133974484441 0.3322511454215865 0.9358468221206029 0.25613661298086027 0.9058613871893485
0 0.13890911985220422 0.9985369445637723 0.1522430468620162 0.961888089815382 0.259470106177919 0.9924287970219136 0.2539142841828211 0.9996475196170888
0 0.07723967882030953 0.9491165224563874 0.11668589290970997 0.9524482171135744 0.1116856683735962 0.9724385070677442 0.06064742294406271 0.9663303595258854 0.007867281844850318 0.9407872248078962
0 0.7846917919921893 0.3019670124053955 0.8531021894096142 0.3841213774793026 0.8392126496813438 0.29971791744935905
0 0.7796917919921893 0.20046701240539555 0.8258787379310061 0.19874166257844927 0.8364347539432692 0.2703735247466364 0.7936550619162844 0.272594674853269
0 0.7611917919921893 0.09496701240539551 0.8053222728465156 0.09434791259433617 0.8175450507167821 0.16542450248724605 0.7742097307118647 0.16764563734249774
0 0.7711917919921893 0.16896701240539552 0.8186561845968532 0.16764563734249768 0.8075446016445548 0.09712433497624595 0.7619870138794951 0.09656904744958783
0 0.6706917919921893 0.06796701240539552 0.6608713282392514 0.0005045951139659399 0.6297588166235493 0 0.6619824926382711 0.06658361251833343
0 0.6826917919921894 0.0014670124053955114 0.6930950042539732 0.07047060995355953 0.7330968005428834 0.07047060995355954 0.7264298141487661 0
0 0.7451917919921894 0.0014670124053955114 0.7542088325674097 0.068804762624966 0.7980997195123625 0.06713890004499158 0.7886548373801705 0
0 0.8056917919921893 0.0014670124053955114 0.8175450507167821 0.06769418757164973 0.8314345294071555 0.06547303746501715 0.8208785133948924 0.0005045951139659577
0 0.8381917919921894 0.0029670124053955103 0.8547689512676178 0.0021704576939403754 0.8647694003398453 0.06047547260216518 0.8464352030154967 0.06269661508310732
0 0.8751917919921894 0.0029670124053955103 0.8792145070081512 0.06269661508310732 0.9253276617132461 0.061586040029791025 0.9181051083790932 0.0010598826406240968
0 0.9375504395835128 0.0016151701672822317 0.9514399182738859 0.06380719013642361 0.983663594288608 0.06380719013642362 0.9769966689323877 0.0005045951139659399
0 0.8241917919921895 0.09246701240539551 0.87088075875603 0.09323733754101987 0.8814367747682931 0.1637586399072716 0.83421242514523 0.16597977476252332 0.8231008421929314 0.09157147496104542
0 0.8411917919921893 0.19496701240539555 0.8869926272823395 0.19596520969377765 0.8997709720926417 0.2675971023647266 0.8569912800656568 0.2703735247466364
0 0.8991917919921895 0.16496701240539555 0.9447729929176657 0.16209277732729718 0.9319946481073635 0.09212676248770353 0.8892149560803787 0.09101618743438727
0 0.9496917919921892 0.08296701240539552 0.9919973425407289 0.08268690503727692 1 0.14765534738832814 0.9997754628149172 0.16209277732729718 0.9653294580021563 0.16320335238061345
0 0.9031917919921894 0.19196701240539554 0.9497732174537796 0.1915229399832743 0.9636626961441528 0.2664865273114103 0.9158827795810541 0.2664865273114103
0 0.9671917919921893 0.19196701240539554 1 0.18985707740329988 1 0.26704179958668756 0.9819968934685014 0.26815237464000385
0 0.8621917919921893 0.2984670124053955 0.9053267635687909 0.2981378095712583 0.9186606753191288 0.36865912718889093 0.8725475206140338 0.3731013968993943
0 0.9231917919921894 0.2939670124053956 0.971440816418341 0.29369553986075486 0.9819968934685014 0.36588270480698104 0.9353281107854735 0.36976970224220723
0 0.9991917919921894 0.2879670124053956 0.9842192222665406 0.2870320895408572 0.9975531340168783 0.36255097964703226
0 0.8706917919921894 0.3999670124053955 0.8997709720926417 0.43795549964794733 0.9036600017107872 0.47404908212106034 0.9325502150473991 0.47071738746387326 0.9247720947732105 0.3979749349909889
0 0.9376917919921894 0.39896701240539556 0.9842192222665404 0.3963090724110146 0.9964420001368072 0.46960681241055696 0.9475508886557403 0.47404908212106034
0 0.9006917919921894 0.5094670124053955 0.9353281107854735 0.5100283249916753 0.960884800406078 0.6560685022127211 0.9447729929176658 0.6555132299374439
0 0.9526917919921893 0.5059670124053955 0.9931084764207999 0.5061413275564491 1 0.569999194854184 1 0.641631087525133 0.9719964443962738 0.6421863598004103
0 0.9541917919921894 0.6724670124053955 0.9764410409544549 0.6731966150831074 0.9892194468026543 0.75760005986167
0 0.9981917919921893 0.6724670124053955 0.9903305806827253 0.672086040029791 0.9997754628149174 0.7331674849456161