0 0.9149617919921874 0.015967012405395508 0.9435445646704603 0.0483794626175945 0.9791017033632923 0.000624876400267409 0.9224324716080371 0
0 0.8434617919921875 0.0014670124053955092 0.8690967635687892 0.012285880144481415 0.881319541439056 0
0 0.8859617919921875 0.004967012405395508 0.9046539022616211 0.014507022625423544 0.9163211131918524 0.002846022694054763 0.8890976617132443 0
0 0.9239617919921875 0.05596701240539551 0.9435445646704603 0.07114618257936439 0.9229880995859697 0.09446818244210195 0.9046539022616212 0.0766990425945649
0 0.9004617919921876 0.030967012405395514 0.9202101428099979 0.04615832013665237 0.9013204395835109 0.07281203753364834 0.8857641990351343 0.05837460759467929
0 0.9459617919921876 0.2174670124053955 0.9629898958748799 0.23440022737267005 0.9991026015077473 0.20219364233478307 0.9968802727097082 0.16387892500641826
0 0.8699617919921875 0.25896701240539555 0.894097886249358 0.2904840997999527 0.964101029754951 0.24828236978498094 0.9340996825382684 0.2194075099070428
0 0.8135387267315022 0.3065873923188962 0.8618742102346363 0.25938808981538203 0.886875332915205 0.28826294969332017 0.8285394003398434 0.33268582981492445
0 0.5959617919921876 0.23596701240539553 0.6479757195807633 0.28104422709814514 0.630752717174383 0.30436624221226366 0.5824172031523003 0.26438566230392446
0 0.5589617919921875 0.19396701240539552 0.596306712361622 0.22773680755553408 0.578528143015206 0.2571669397087495 0.5379707797862604 0.22329450734226897
0 0.48346179199218753 0.30696701240539553 0.4696343676197225 0.3382386745787441 0.3762968327726158 0.33601752447211164 0.37574125057310603 0.2977028223951277
0 0.49346179199218754 0.31296701240539554 0.5818616362122647 0.3687794122880376 0.5663053651449392 0.3998754222726083 0.4740789946968522 0.341015096960654
0 0.5899617919921876 0.3949670124053955 0.6251968951792851 0.41375756468491914 0.6140853122269866 0.43430312691436607 0.5801948743542611 0.4143128369601965
0 0.4699617919921875 0.3639670124053955 0.5057471037715385 0.384327402028942 0.4946354903002914 0.41375756468491914 0.4574115897494558 0.3993201194945692
0 0.5194617919921874 0.39296701240539555 0.5379707797862604 0.4043176919831117 0.5101917308486682 0.4598462921351171 0.48796850390617386 0.44985114715803226
0 0.5429710043223741 0.40589779986121244 0.5613051406088254 0.4208905173268396 0.5296370620530878 0.46420282239512767 0.5174142841828211 0.45976052218186253
0 0.7844617919921876 0.6424670124053955 0.9418778028124567 0.6012726597391506 0.9324329206802645 0.6584671072197495 0.7879819760730006 0.6823443946091453
0 0.7919617919921876 0.6904670124053957 0.9207657707879306 0.6805356075260479 0.9096541267977349 0.7343983450980791 0.7790927219187412 0.744948762350441 0.7929822006091145 0.7094104674039862
0 0.7694617919921876 0.7609670124053955 0.8990981107854717 0.7455040498770993 0.8996536777255073 0.7904822022739809 0.7735369304425919 0.80214320983104
0 0.8294617919921876 0.8479670124053956 0.917987875049856 0.8365709297241787 0.9274326961441508 0.8748856623039245 0.8352063256960638 0.8837702322276929
0 0.9404617919921876 0.8334670124053956 0.9541005806827235 0.8743303595258854 1 0.8704433620906593 0.9996581684477829 0.8299075099070429
0 0.9564617919921875 0.8804670124053956 0.9985470345677121 0.8759962373572406 0.9996581684477829 0.9248613871893484 0.9679901204109939 0.9248613871893484
0 0.9754617919921875 0.9299670124053955 0.9979914676276767 0.9298589596778909 1 0.9681736922576366 0.9829907940193352 0.9703948423642692
0 0.8559617919921876 0.9459670124053956 0.9457668934684995 0.9370205124718167 0.9568784764207982 0.9770010923801559 0.8657633008906791 0.9858856623039245
0 0.8394617919921876 0.8959670124053956 0.9313217868001936 0.8864894848083538 0.9418778028124567 0.9281359272966674 0.8507626272823375 0.9364652096937778
0 0.8719617919921876 0.9994670124053955 0.8713190923668283 0.9958808072810094 0.9602120001368053 0.9853303595258853 0.9646565966949864 0.998657229662919
0 0.9984617919921877 0.9804670124053956 0.9874353905775162 0.980332787037343 0.9918800481735944 0.998657229662919 1 0.9992125324409581
0 0.5794617919921875 0.7024670124053956 0.6585317355930265 0.8332392350669916 0.6440866594436692 0.84490022737267 0.544637735661429 0.7349536173733563
0 0.5085249995096132 0.7865952048387547 0.5451933026014647 0.7488357750370481 0.6407531662466104 0.8504530721364897 0.6257524926382692 0.8643352145488007
0 0.3564617919921875 0.9144670124053955 0.38185263950823933 0.8909889548228679 0.5179698816418052 0.9903851323184386 0.5085249995096132 1 0.4801903836319855 0.9981019573876417
0 0.4099617919921875 0.8649670124053955 0.5474156313995038 0.9609549696624614 0.5285258976540682 0.98427698477658 0.3907419241814473 0.8843255045029703
0 0.4184617919921875 0.8584670124053956 0.441855349201079 0.8393473521060887 0.5729723515390568 0.9281931123492972 0.5557493491326764 0.9565126694491962
0 0.4462999762782086 0.8360156574489015 0.5757502472771313 0.9254166594646256 0.5985290411596611 0.8987629496933203 0.46796760576171875 0.8171359272966673
0 0.5019617919921875 0.7924670124053955 0.6218634325011749 0.8721092399220146 0.6018625343567199 0.894875952258094 0.4718566964177617 0.8149147924414157
0 0.3499617919921875 0.9174670124053955 0.4690787701607384 1 0.41185398672492196 0.9986572296629191 0.3280462585450642 0.9331335150365906
0 0.32104179199221555 0.9409670124053956 0.4063831197838295 1 0.34971391854752293 0.9986572296629191 0.3052674646625344 0.9642295250211613
0 0.2810417919922156 0.9979670124053956 0.2986005087873656 0.9725587921668907 0.3402690364153308 1
0 0.6640417919922156 0.8514670124053956 0.694173844599338 0.8781602024112434 0.6913959488612634 0.8964846297854385 0.6363934789640119 0.8848236374797601
0 0.6270417919922155 0.8944670124053955 0.681395499789036 0.9031480648539554 0.683617828587075 0.933688787311868 0.6102811613654748 0.9153643599376727
0 0.5690417919922155 0.9664670124053956 0.7052854275516367 0.9958808072810094 0.7041742936715657 1 0.6519497195123887 1 0.5569454533262269 0.977001092380156
0 0.5902802632210197 0.9442392350669917 0.6997296360754873 0.9720035198916135 0.6991740691354519 0.9897726597391505 0.5763907845306465 0.9581213774793025
0 0.6055417919922156 0.9239670124053956 0.6925070827413344 0.9431286600136756 0.694173844599338 0.9653400695717157 0.5908358911989524 0.9397969348537266
0 0.5395417919922155 0.9994670124053955 0.5552787219871719 0.9836645121972919 0.5936137869370272 0.9958808072810094 0.5936137869370272 1
0 0.6020417919922155 0.6889670124053956 0.6841733955271105 0.8222192544870833 0.6763952752529221 0.7672459571131169 0.7025075318135621 0.6989457896021168 0.7063966224696049 0.6150976323502124
0 0.13246179199218752 0.7029670124053955 0.11869622157094369 0.7693017898766418 0.008691281776440683 0.7259894848083536 0.019802895247687767 0.6954487623504412
0 0 0.7234670124053955 0.014802670711573958 0.6921170524418732 0.002024325901271807 0.6393648975488488
0 0.007461791992187514 0.7359670124053954 0.07702769394297843 0.7643042173880993 0.05980469153659799 0.8081717947316647 0.0009131615022522333 0.7854050823955852 0 0.7548643599376725
0 0.09246179199218751 0.7749670124053956 0.16480940679498735 0.8026189499678451 0.10869577249871616 0.9220053869148237 0.0381370620530878 0.8892435296016593
0 0.05258213820244507 0.8181669397087495 0.032581240057989985 0.865921514487541 0 0.8525946748532689 0.0009131615022522155 0.7931790772660375
0 0.0289617919921875 0.8999670124053956 0.10536230982060608 0.931445259616631 0.06813840926977047 1 0 1 0 0.9403298295403997
0 0.00046179199218750357 0.8834670124053956 0.021469657105691424 0.8941839322889525 0 0.9141742222431222
0 0.13746179199218753 0.7064670124053956 0.2375904765576034 0.7087470475868503 0.2314790571035215 0.7565016223656417 0.1781433490642736 0.7948163549453874 0.12480761050607704 0.7709390675559916