0 0.3226354217529297 0.8306435203552246 0.3734211191626337 0.8252118298186448 0.39082063516725535 0.8852364093761088 0.3686084442411356 0.8885711040001223
0 0.39663542175292965 0.8236435203552246 0.4415384680648494 0.8207655499665683 0.45486575821748704 0.873379713987384 0.4100712128380763 0.8793080769467904
0 0.46163542175292976 0.8151435203552245 0.5007709466973759 0.8137256323091867 0.5066942037117664 0.8652282111019395 0.4767077551126427 0.8681924231117303
0 0.5156354217529296 0.8076435203552245 0.5514887490911772 0.8063151862424508 0.5574120061055676 0.8607819465149068 0.524093750220181 0.8641166564039642
0 0.5661354217529296 0.8011435203552246 0.6047980012131059 0.7996457969944237 0.608870257568883 0.8552241272298987 0.5762923897454244 0.8570767540116266
0 0.6186354217529297 0.7966435203552246 0.6492223830653455 0.7970521439240749 0.6521839963206443 0.8459610696464789 0.624048578883927 0.8467021112001437
0 0.3226354217529297 0.7431435203552246 0.4059989564822992 0.7393290039980366 0.41599443934867397 0.7748991359593425 0.3352901883557488 0.7826800951703886
0 0.3111354217529297 0.6941435203552246 0.3926716663296617 0.687242059387613 0.40303734322700047 0.7205890514228804 0.316780029250649 0.7265173838521989 0.3101163689224338 0.6942819465149067
0 0.29313542175292967 0.6386435203552246 0.3745317317593189 0.6331457969944236 0.3856378272223789 0.668345400546375 0.3049335304737644 0.6761263597574215
0 0.2775385010989753 0.5932077306815602 0.28568296805483995 0.6239610696464789 0.3689786687758925 0.6180327066870726 0.3604639925371674 0.5820920615814563
0 0.35563542175292967 0.5661435203552245 0.2684978487883086 0.5715035660966132 0.26405539840156755 0.5426028386483784 0.3440192918363573 0.5344513510279778
0 0.2472754217531532 0.48964352035522457 0.2566513652633206 0.5218536140855882 0.34142787261202256 0.5185189194615747 0.331062195714684 0.48146668912789536
0 0.23127542175315324 0.4376435203552246 0.2392518187549061 0.47553832616848907 0.32661971482414986 0.4677573669574428 0.31625403792681117 0.4318167065867826
0 0.21677542175315323 0.39164352035522465 0.22333307887414094 0.42522563230918664 0.31070100544717766 0.41892675620546993 0.3021863292084524 0.3848387226165377
0 0.10127542175315321 0.4066435203552246 0.10782973486438686 0.43782338451662006 0.19112540508164655 0.4322655499665682 0.18594256663297723 0.39854804478699024
0 0.11377542175315321 0.45414352035522465 0.12300805617943082 0.4906514012107962 0.20889514562102524 0.48324097040910424 0.19964008132037178 0.4450771853774497
0 0.1302754217531532 0.5041435203552246 0.1381863774944748 0.5388192853795354 0.2218522722464915 0.5332614660945274 0.21407798406969458 0.49583872261653766
0 0.1467754217531532 0.5581435203552246 0.15225408621283346 0.5888397810649587 0.2381412061582208 0.5821703918169314 0.2296265299194956 0.5469707729999361
0 0.16077542175315324 0.6026435203552246 0.1681728260935986 0.6383331031351211 0.25294933344230064 0.6312932007427835 0.2459154638312248 0.5972051366237635
0 0.18577542175315323 0.6536435203552248 0.21370779003873047 0.6872420593876128 0.2666468481296952 0.6842778473778222 0.26109378514626874 0.6472256323091866
0 0.22877542175315324 0.7036435203552246 0.30033529804604603 0.7868341768485859 0.27553171839938445 0.7030961607185411
0 0.04127542175315321 0.31864352035522464 0.04637601578659342 0.3527599457501956 0.16669201946594925 0.34312635975742145 0.1711344393488974 0.3045920615814564
0 0.06627542175315321 0.2481435203552246 0.06747759411602788 0.2660577634054913 0.0504482416385775 0.29755214392407486 0.17446627713895324 0.28717753164267973 0.1896446289577901 0.23456336762186392
0 0.058775421753153215 0.2051435203552246 0.06303515898118323 0.23234023532834758 0.20001027535133586 0.2115910031330354 0.20630372639669056 0.1619410263163142
0 0.3352754217531533 0.14864352035522463 0.5808611994783652 0.1280096322088967 0.5634616529699508 0.17099021023693833 0.33245494969854616 0.1928510200277916
0 0.34306542175337673 0.10164352035522463 0.6267663879582542 0.038421590987442474 0.6456467105905253 0.003963032805416784 0.5523555575068909 0.003963032805416775 0.4657280494995753 0.06472866536532842 0.3428206418477814 0.09251783048306596
0 0.34056542175337673 0.12014352035522462 0.34096962593727137 0.13290475544075883 0.5952991327314809 0.10585662424416417 0.6189921302852501 0.058429804526655554
0 0.32406542175337677 0.21414352035522463 0.5486535256858709 0.19203164060612976 0.5282923659221577 0.2379763924813526 0.322089257549311 0.2583551191648762
0 0.31456542175337676 0.28014352035522466 0.514224657203799 0.25946668912789533 0.49312307887436446 0.3124513510279778 0.3128341932486575 0.3283837978594248
0 0.5560654217533768 0.24764352035522463 0.6900711534503506 0.2535383261684891 0.6226941316024771 0.29985361408558825 0.5275519473564364 0.3076345885616784
0 0.34206542175337673 0.3821435203552246 0.48423820860467515 0.3677946981895496 0.5042291743374243 0.4170741599538299 0.3679944460291999 0.45672002809281403
0 0.37406542175337676 0.4751435203552246 0.39353844424158263 0.5442718794373321 0.5301433665807711 0.5020323429629552 0.5057099809650737 0.434967830483066
0 0.3975654217533767 0.5586435203552247 0.5319943977431776 0.5193402353283476 0.541619686578588 0.5434241774127172 0.40686576489801296 0.5871457969944236
0 0.41006542175337674 0.6031435203552246 0.5442111058029228 0.5629835399396228 0.5534661701035762 0.585585376019097 0.41945269749251524 0.6274543917166414
0 0.42206542175337675 0.6451435203552246 0.5579086204903172 0.6059640950700986 0.5816016180440864 0.6708054828889936 0.4461073083015832 0.7141565740613457
0 0.45056542175337677 0.7296435203552246 0.5912268763757039 0.6884339036637401 0.6138092918365807 0.755868921655418 0.4620260176785554 0.7718013837519089
0 0.6120654217533767 0.6811435203552246 0.6330598084998159 0.7538024422003299 0.7820594791874659 0.7337942439261605 0.7517028975649638 0.6385700608167452
0 0.5900154217533767 0.5946435203552246 0.725048195244517 0.5548320370541783 0.747260386170637 0.6200439456499056 0.6136170770867472 0.665618161483252
0 0.5735154217533767 0.5231435203552247 0.5765967893803404 0.5423909376851731 0.7113507110609154 0.5034861110998536 0.705427423542732 0.4823663428626653
0 0.5790154217533767 0.5596435203552247 0.5836306284876234 0.5805547227168276 0.7213461939272899 0.5401677977591348 0.7146825183471784 0.514972293344268
0 0.5375154217533767 0.4141435203552246 0.5647502753515593 0.5068991359593423 0.701725422225505 0.46503012789431986 0.6846960697480544 0.41352754146904513
0 0.5107006351677024 0.3447670703109001 0.5203259240031128 0.36292265706838533 0.5218067306307621 0.38256034219824414 0.5647502753515594 0.38181928537953547 0.5651204998863164 0.3406913341332216
0 0.5915154217533768 0.1781435203552246 0.7650301877176013 0.1890122262666933 0.7491114173330433 0.2186539952685929 0.7206057448577761 0.2386621935427622 0.567341694575894 0.23162226062033678
0 0.6225154217533767 0.1126435203552246 0.7957569633710676 0.11053984651282098 0.7702129651586849 0.17093495447963925 0.6006599809650737 0.16241295371492812
0 0.6643349099843414 0.04437302079250271 0.8412919883237854 0.043261466094527405 0.840181345223307 0.09179989393766483 0.6361994620438309 0.09476404488728019
0 0.6805154217533768 0.0016435203552246237 0.671368749091624 0.026666292679846833 0.8409217332852353 0.02666629267984683 0.8427728254552275 0.001470772999936123
0 0.8085154217533767 0.6881435203552246 0.9412081253921178 0.6765771853774497 0.9467611578717513 0.6373018303827759 0.7942374956517978 0.6321145242420784
0 0.9523141903513849 0.6182696491036528 0.9634203163182378 0.5756595994849656 0.7846122068163872 0.5704722933442681 0.7983097215037819 0.6130823429629553
0 0.7908954217527062 0.5546435203552247 0.9689733487978711 0.5589861110998537 0.9771178615094251 0.5304558967959294 0.8290365886686267 0.5037783016412111 0.8160794620431605 0.5311969459821162
0 0.8463954217527062 0.45264352035522465 0.8419936847903001 0.4865204245408626 0.9808198628266521 0.5135685404724134 0.9937769589483255 0.45317343250559505
0 0.8223954217527062 0.3831435203552246 0.8331088145206108 0.42665247492426106 0.9919259277859191 0.4259114486356401 0.9971088272421744 0.41998307041119004 0.9956279291031461 0.36848049161843727
0 0.8198954217527061 0.36914352035522463 0.9978491542965168 0.3525480447869902 0.9985896033660308 0.2962286653653285 0.9467611578717515 0.28992980452665557 0.9478717399646438 0.3418028888311969 0.8164496865779175 0.35884692089070697
0 0.9018954217527062 0.2326435203552246 0.9408379313611538 0.27200918557802967 0.9993300524355451 0.28053121687282856 0.9985896033660308 0.22161816148325214
0 0.9133954217527063 0.16414352035522461 0.9052983892748108 0.21606034219824413 0.9967385722036244 0.20568572991684902 0.9993300524355451 0.15010739968137396
0 0.8798954217527063 0.10064352035522461 0.914183290048293 0.13981108710536622 0.9967385722036244 0.12980698796828158 0.9997001854589231 0.09164321056914891 0.9826708939890587 0.06644769852176018 0.8782736149385716 0.07867493758488309
0 0.8613954217527062 0.003143520355224609 0.8797543910624281 0.024364822518333464 0.8801245850933921 0.062158094405677565 0.9704541859293135 0.0480782590909145 0.9523141903513849 0.021771169447984705 0.9512036082584925 0.0006514012107962408
0 0.232043432909116 0.9963825638709801 0.1926966673268148 0.9700641737290816 0.1866056909566619 0.9999913880390322
0 0.11014000448248837 0.9417877769069076 0.16556390394571685 0.9556547607160522 0.1594728363236145 1 0.09966998158123114 0.9977745658059441
0 0.03610049887367773 0.9215951844681411 0.09413267641403107 0.9357032921203026 0.07862821738327344 0.9983287599478899 0.019932819111732628 0.9894614481828854
0 0.0016983043483717842 0.9148643203218856 0.020486535940660206 0.9190770568741852 0.0038746204390600393 0.9861362148332534
0 0.06003246028258622 0.8258673388325072 0.079735673854116 0.8292954196524966 0.10299235099375875 0.9035592441609378 0.04706560530581796 0.8908124706553768
0 0.0031940519364285613 0.813901358128053 0.043743213080302976 0.8217708378174404 0.030453689804217778 0.8855047167615717 0.004428360080974993 0.881625243604689
0 0.054135421752929694 0.7896435203552247 0.07638048274223452 0.7941995324073909 0.019739408082146293 0.6546818625421289 0.007547543937596543 0.6576460287567882
0 0.012916411258797637 0.779499163602747 0.037652168271187975 0.7851931339755734 0.0011059678554600106 0.6882067845392073 0.0005522510265324088 0.733097606004133
0 0.0022054217524826746 0.6367635203547775 0.014951607579636506 0.6391199288549924 0.0023647054889272003 0.5998445662277966