0 0.2226118670407049 0.6573566242441642 0.26999783164445024 0.6325316406061298 0.2799933145108249 0.6580976810628728 0.2300159001789519 0.6769943093740229
0 0.23513542175292967 0.6878101873397827 0.28221453970419547 0.6625439456499055 0.29295044113629115 0.6869984085111076 0.24038160758008353 0.7107118298186448
0 0.24563542175292974 0.7148101873397827 0.2970226974920682 0.694038326168489 0.3051671491960364 0.7118233845166202 0.2633341865681315 0.7403536140855883 0.24667505862543812 0.7381304894245937
0 0.18663542175292971 0.6698101873397827 0.2126163689224338 0.6606913341332217 0.2244628676993184 0.6936677977591347 0.19891885423503922 0.7014487722352248
0 0.1981354217529297 0.7123101873397828 0.22742448095461718 0.7003372022722059 0.24223260823869702 0.741094640374209 0.2052123052803939 0.7381304894245937
0 0.33163542175292976 0.6123101873397827 0.43066597607216506 0.5752573669574427 0.4473251040148584 0.6156442766500918 0.3488510819787618 0.6545491032354112
0 0.3531354217529297 0.6683101873397826 0.4513973298668424 0.6291969459821162 0.46509484455423705 0.6666196970926279 0.36180820860422813 0.6910741599538298
0 0.4671354217529297 0.5993101873397828 0.5620881209702699 0.5578428217536223 0.5791174124401346 0.5952655499665682 0.47990297183831676 0.6378756148502994
0 0.44663542175292975 0.5498101873397827 0.5472799326786043 0.5085633676218639 0.5643093461636406 0.5474681942071833 0.4643544564923087 0.5900782590909145
0 0.42813542175292973 0.5023101873397827 0.5239571596595922 0.46410070648649265 0.5424672882608992 0.5011529368201719 0.44473368479052366 0.5404282765498019
0 0.3146354217529297 0.5633101873397828 0.41067501033941584 0.5304241774127172 0.4232619124301252 0.5663648225183335 0.3288601162460125 0.6015644413353288
0 0.29813542175292973 0.5123101873397827 0.39327546383100126 0.4764845907555218 0.4073431725493599 0.519835681927874 0.3107201816756698 0.5535532176375397
0 0.2801354217529297 0.47131018733978275 0.36995266030819624 0.4257230687814777 0.39068404460666656 0.47166779775913475 0.2918398285396059 0.5042737482407375
0 0.3951354217529297 0.40581018733978275 0.48989845470469134 0.36755107021061006 0.5043363879578071 0.404232764502413 0.4069729785183958 0.44387864027391916
0 0.4095643977427305 0.45240065630367426 0.5069278071821419 0.4120137313459813 0.526918772914891 0.45314169785733904 0.4236321064610892 0.49241703758696886
0 0.2181354217529297 0.3113101873397827 0.31479243803144685 0.2699681942071833 0.3273793096183632 0.3092435644669009 0.22779470548937425 0.3429610696464789
0 0.23556896316237824 0.35029320074278353 0.32997072884269785 0.3173167065867826 0.34477885612677767 0.356221533172102 0.24297302680441818 0.3799349544796392
0 0.25000686591170107 0.3921621935427622 0.33552379182612424 0.36770773068156015 0.261112961374761 0.4273618123597575
0 0.20151027345937395 0.2625577634054913 0.29813331008875343 0.22809920140720472 0.30960956907898457 0.262187234996137 0.21372698151911906 0.30035102002779157
0 0.3191354217529297 0.22131018733978272 0.4240023309958463 0.18252496267629234 0.43695942711751967 0.21883613619126294 0.33404298519847486 0.25625887203673076
0 0.3396354217529297 0.26581018733978273 0.438070039714205 0.23069284684503152 0.4499165232391931 0.26107566503311785 0.34774049988586936 0.2988689216554181
0 0.35810617678320816 0.3099845907555219 0.4532483610292489 0.2725618625425759 0.45954181207460354 0.2862711694479847 0.37661633588830795 0.3663039778097055
0 0.3858714001889614 0.3935659616796606 0.48619645338746437 0.357254780532168 0.4713882955995917 0.31316264017362916
0 0.8011354217529296 0.5843101873397827 0.8655464533874647 0.5595230185986592 0.8818353567954008 0.6102845253076594 0.8151988145208345 0.6280696141858784
0 0.7869854217529298 0.5298101873397827 0.8507382955995919 0.5098730207925027 0.8625847791245801 0.5502599457501955 0.8003906872367547 0.570638687698763
0 0.7681830134442603 0.4768965571665895 0.8318579424635278 0.456517830483066 0.8485171009100142 0.49875736695744277 0.7792891089073203 0.5172834668592385
0 0.7259854217529299 0.3658101873397827 0.7966886554157346 0.33995999593301407 0.8044629130887386 0.3510756650331179 0.7300521131411684 0.3759006563036742
0 0.740047596007543 0.38257006081674516 0.8003906872367547 0.3595976810628729 0.8066841382821095 0.37145439171664146 0.7444900158904911 0.3910920615814564
0 0.7434854217529299 0.3993101873397828 0.8070543323130736 0.3792353661927316 0.8126073952965 0.39627936772215394 0.7485622722462683 0.41406444133532877
0 0.7552259173225869 0.4231708384477985 0.8151988145208345 0.4046447385460027 0.8222326841319102 0.4194656154144305 0.7567067239502364 0.44132643283780565
0 0.7609854217529299 0.44981018733978273 0.8240836847905239 0.42650553307181205 0.8270452980458226 0.43873276450241305 0.8070543323130734 0.44540216901548413 0.8085351694445158 0.45355366426840665 0.7652214001889616 0.4654103596571314
0 0.9249854217529299 0.1378101873397827 0.9673522522060313 0.1327025730960546 0.9740159277861429 0.14863501229497963 0.9299617399648676 0.15271077137022385
0 0.9344041903516086 0.16012120217191586 0.9740159277861429 0.1564159791385479 0.9840114106525175 0.17531260744969804 0.9384764467073856 0.18012940044608514
0 0.9534854217529299 0.2083101873397827 0.9936367604955137 0.20532490486095192 0.9991897929751474 0.2201457969944236 0.9555057991848359 0.22533310313512117
0 0.9449854217529299 0.18581018733978272 0.9810497973972186 0.18383462347945304 0.9910452802635933 0.1979144587942161 0.9514336038366449 0.2005081271296087
0 0.5005141515220304 0.9744365431849299 0.515875418748101 0.9675440528772142 0.5344562727361505 1 0.5094289426281526 0.9986654775412397
0 0.5225368166393473 0.966242063141277 0.5371106893759692 0.9591944181844194 0.5560708617952566 1 0.5378691387664033 1