0 0.2319617919921875 0.6214670124053956 0.2718055896810531 0.6317154899379015 0.25736051353169587 0.6772489298614411 0.22069217992089574 0.672806644899557 0.2229145087189349 0.6467082074035286
0 0.2764617919921875 0.6339670124053955 0.3106962215709438 0.6455976323502124 0.2912509208854727 0.6822465023499836 0.2662497982049038 0.6755830672814668
0 0.3194617919921875 0.6449670124053956 0.3634763931891048 0.6544822022739808 0.32403016384023 0.7183400695717158 0.2979178767606416 0.6889099374185004
0 0.3044617919921875 0.7209670124053956 0.32125226810215535 0.741106812410557 0.306251594493814 0.7649840997999527 0.2829172031523002 0.7499913823343255
0 0.2799617919921875 0.7014670124053956 0.3012513699577003 0.7138977998612126 0.2806948743542611 0.743883234792467 0.2673609626039234 0.7294457896021168
0 0.4724617919921875 0.6889670124053956 0.5045938445993101 0.690575784747094 0.48125948377674477 0.7461043848990994 0.4495913747020585 0.7349986648686984
0 0.43346179199218754 0.6819670124053956 0.4623697195123607 0.6866887873118679 0.4445911501659448 0.7294457896021168 0.41014514535318386 0.7177847972964386
0 0.40946179199218746 0.7254670124053956 0.43903535868979554 0.741106812410557 0.42903490961756796 0.7599865273114104 0.3990335624008853 0.7488808072810094 0.4001446962809563 0.7311116674334722
0 0.4468134789639839 0.7466596571743768 0.46792551098851 0.7577653772047778 0.45514716617820783 0.7777556671589474 0.4345907010937172 0.766094674853269
0 0.5094617919921876 0.7189670124053955 0.5312617291378827 0.7311116674334722 0.511816397933463 0.7627629496933201 0.49237106672904346 0.7533231074942743
0 0.5859617919921876 0.6009670124053955 0.611265321715703 0.6095040498770993 0.5990425438454364 0.658369214960588 0.5618186432946007 0.648374069983503 0.5679300017107854 0.6211650574341584 0.5818195414390559 0.6244967673427264
0 0.4939617919921875 0.5659670124053955 0.582930675319127 0.5861820500143617 0.5707078974488602 0.6117251999837319 0.4801482888587767 0.5928454850828786
0 0.5139617919921875 0.5454670124053955 0.5551516569004833 0.5539754726021652 0.5601518814365971 0.540648610090822 0.601820439583511 0.5500884675412486 0.6045983353215857 0.5761869050372769 0.5029270827413065 0.5589730374650171
0 0.5318172960779182 0.4457519026097655 0.5640409720926399 0.4490836125183335 0.5623742102346364 0.46685276761725136 0.5268170715418043 0.46685276761725136
0 0.5251503096838007 0.4774031848696134 0.5729302262468994 0.4774031848696134 0.577930450783013 0.49739349007516387 0.5234836088636943 0.4890641924266726
0 0.4559617919921875 0.6364670124053955 0.5357063256960637 0.6538983450980791 0.5207056520877223 0.6811073423960429 0.44125768748783467 0.6683357750370482
0 0.4719617919921875 0.6009670124053955 0.5629297771746719 0.6189153224269013 0.5490402984842987 0.6500113324114721 0.4629252864523963 0.6305763299839606
0 0.5819617919921876 0.7384670124053955 0.6073762310596603 0.7382446200753927 0.6040427683815501 0.799881352517876 0.5740414211648673 0.7943284925026753
0 0.5939617919921875 0.6714670124053955 0.6157099182738842 0.6727208825719928 0.616265546251817 0.6954876025337627 0.5907087955933152 0.6921558926251947
0 0.5674617919921875 0.6964670124053955 0.6162655462518168 0.7032616050299054 0.6084874259776284 0.7254730374650171 0.5595963144965617 0.7199201850755071
0 0.5204617919921875 0.8294670124053956 0.5518181942223732 0.8459128949154439 0.5279282054218754 0.8975544823808421 0.4984824251452282 0.8714560448848139
0 0.5589617919921875 0.8544670124053956 0.5857085710572015 0.8736771949914466 0.5623742102346363 0.9036626299227009 0.5434845070081492 0.8858934900751639
0 0.48996179199218753 0.8729670124053956 0.5240391758037297 0.903662629922701 0.4873708421929296 0.9380903498158396 0.45736949497624685 0.9081049148845851
0 0.49746179199218754 0.9379670124053956 0.5262615046017688 0.9119919123198114 0.5401509832921421 0.928650492365413 0.5040382776592747 0.9580806397700091
0 0.4534617919921875 0.9574670124053956 0.47737039312070206 0.9425326347777238 0.49570452940715365 0.9558595049147576 0.4707034067265845 0.9791815047774951
0 0.4539617919921875 0.9129670124053956 0.4729257355246238 0.9314269299987036 0.44459115016594475 0.9553042173880993 0.42070116136544683 0.9314269299987036
0 0.4214617919921875 0.8034670124053956 0.4557027331182433 0.8425811850068758 0.43292393923571354 0.8659031848696134 0.39514447174484246 0.8253673250603064
0 0.4449617919921875 0.7834670124053956 0.4845929464548549 0.8148168925565636 0.46459204831039985 0.8375836125183334 0.4301460434976389 0.8048217475794788
0 0.3264617919921875 0.8864670124053956 0.3423643306456301 0.903662629922701 0.40681168267507367 0.8470234699687602 0.3918110090667323 0.8303648975488488
0 0.2512491245965625 0.9264293575101612 0.31625204356604164 0.8920016223656418 0.34847571958076334 0.9169894848083537 0.27791697861618647 0.9591912148233256
0 0.1954617919921875 0.9669670124053955 0.24624890006044872 0.9319822022739808 0.26513863380588426 0.9608570774033 0.2134696571056914 1 0.2018024461754602 0.9986165224563873 0.19624665469931096 0.9775156574489015
0 0.8024617919921876 0.8729670124053956 0.8634152847415827 0.8248692149605878 0.7967456039141 0.8026577748997857
0 0.8158817919921596 0.9179670124053956 0.9455569399312524 0.9520296620293996 0.9377787586191669 0.986457397173919 0.8111064443962159 0.982015096960654
0 0.9518017919921314 0.9519670124053955 1 0.9531402370827159 0.9994482149105359 0.9881232445025127 0.9461125068712879 0.9859021248986418
0 0.7822162310596041 0.8976116674334722 0.8061062198601021 0.9131596571743767 0.7938834419898353 0.982570399738693 0.7694378862493022 0.9831256720139703
0 0.8818017919921314 0.7244670124053956 0.956668522883551 0.7466024873731275 0.8861098124379226 0.8104603546708624 0.8505526737450907 0.7976887873118679
0 0.8038017919921314 0.7034670124053956 0.8349963721588167 0.7016243349762459 0.8766649303057307 0.7188382025485057 0.8411077916128985 0.7932465023499836 0.8022171292040593 0.7826960698462406 0.8022171292040593 0.7571529198768705
0 0.8363017919921315 0.6159670124053955 0.890554470034001 0.6294943398312689 0.8861098124379225 0.6939075099070428 0.8316629094807065 0.6800253522433509
0 0.8999992911282959 0.6350471998464695 0.9555573890034801 0.651150492365413 0.9544461940855118 0.71167664975458 0.8972213953902213 0.6972392350669917
0 0.9643017919921314 0.6534670124053956 1 0.6605903498158396 1 0.7238929448382971 0.9616687474196648 0.7105660747012635
0 0.8593017919921314 0.5689670124053955 0.9444457450132842 0.5939846297854384 0.9350008628810923 0.6217489298614411 0.849997045767158 0.595650492365413
0 0.9508017919921314 0.5994670124053956 1 0.6095326347777238 1 0.6389627821823202 0.946112506871288 0.624525352243351
0 0.8698017919921316 0.5294670124053955 0.936667624739096 0.5467853425333051 0.9350008628810923 0.5695520548693846 0.8638865854954284 0.5512276274951895
0 0.9448017919921315 0.5519670124053956 0.9427789831552805 0.5739943398312688 1 0.5895423448235542 1 0.5689967673427264
0 0.9303017919921314 0.4189670124053956 0.9777806159459743 0.43356419242667266 0.9400010874172061 0.5290733572356363 0.8944434996521465 0.5113042173880993
0 0.9950035573144577 0.5440089049000145 0.9488904026093627 0.5306820500143616 0.9811140786240843 0.43628345263302376 1 0.44128102512156614 0.9983370810304648 0.5295714749610454
0 0.8798017919921315 0.3984670124053955 0.9261116087268328 0.41135276761725137 0.8894432751160327 0.5129700799680738 0.8477747169691189 0.4979773625024466
0 0.9663017919921316 0.3434670124053955 0.9477792076913942 0.39691532242690136 0.9994482149105357 0.4213479125943361 0.9994482149105359 0.35915589262519476
0 0.8738870345676559 0.30529316267885426 0.9527794322275082 0.340276170098651 0.9372231916791314 0.3963600501516241 0.8766649303057307 0.3724827475108476
0 0.9093017919921315 0.2039670124053955 0.973335958349896 0.23041532242690138 0.9433346111332132 0.3125976323502124 0.8861098124379225 0.28538863505224865
0 0.8583307940192791 0.1882136000376201 0.9005549191062285 0.20098517502230515 0.8794428260438053 0.28483334752559053 0.857219599101311 0.27650404987709926
0 0 0.9264719622426647 0.0251935271375784 0.9514598246853768 0.010192853529237099 0.9753371120747724 0 0.963120816991055