0 0.8224617919921876 0.0019670124053955095 0.9069333697524923 0.02270875264039532 0.9091556985505315 0
0 0.5749617919921876 0.08196701240539551 0.6441437981365011 0.09989349007516388 0.6319210202662345 0.1409846297854385 0.5930303883763439 0.12987892500641832
0 0.6529617919921875 0.10546701240539552 0.7185915992381723 0.11988378002933349 0.7097022840460157 0.16097493499098894 0.6413659023984265 0.1448716424720455
0 0.7309617919921876 0.12246701240539552 0.795817296077918 0.13765291987687053 0.7858168470056905 0.1837416625784493 0.7180360322981367 0.16541721995287323
0 0.8079617919921875 0.14246701240539553 0.8685983353215856 0.15819849735769825 0.8591534531893936 0.20262137747930262 0.7947061011599499 0.1859627821823201
0 0.8754617919921875 0.1799670124053955 0.9013775782763429 0.17097007996807378 0.9197117756006916 0.17929936236518415 0.9013775782763429 0.22261166743347222 0.8641536777255073 0.20761894996784505
0 0.7814617919921875 0.22246701240539551 0.8119291035663303 0.22927508725060813 0.7658159488612353 0.28424838462457463 0.756926633669079 0.2786955398607549
0 0.7344617919921874 0.21896701240539548 0.7658159488612355 0.224832787037343 0.750815275252894 0.26814509210563103 0.7191471661782077 0.2592605221818625
0 0.6874617919921876 0.2049670124053955 0.7263697195123606 0.21539294483829724 0.710813478963984 0.25703937207523 0.6741451453531837 0.24426780471623538
0 0.6194617919921874 0.18546701240539554 0.6813676986873368 0.20373195253261892 0.6669225920190308 0.24093607955628646 0.640254737999407 0.2342726597391505
0 0.6689617919921875 0.3019670124053955 0.696368372295678 0.3080685022127212 0.6891458189615249 0.3530466546096028 0.6469216938745757 0.3491596571743767
0 0.7074617919921876 0.31296701240539554 0.769704978479381 0.3352775147620657 0.7685938445993102 0.35915480215146145 0.7002574629517209 0.36026537720477775
0 0.6299617919921876 0.2919670124053955 0.6513663514706539 0.3036262325022178 0.6413659023984265 0.3402750872506081 0.6113645551817438 0.33971981497533094
0 0.3874617919921875 0.34796701240539557 0.4324676057617188 0.3624007726095367 0.4369122633577971 0.37961462493041553 0.41524463387428695 0.45069121482332547 0.3657979554531846 0.4290350622891815
0 0.3364617919921875 0.3359670124053955 0.376353986724922 0.3462974800905932 0.3585754021190317 0.4218163549453874 0.3324631302989175 0.41293178502161887
0 0.3534617919921875 0.44696701240539555 0.42580064988655 0.48061947995333076 0.4102444093381732 0.5344822022739809 0.3552419241814473 0.510049627357927
0 0.4446903836319855 0.4872829150218476 0.5058042424643705 0.5078284925026754 0.4835810155218762 0.563912364929958 0.42080042535043616 0.542256212395814
0 0.5124617919921876 0.5159670124053956 0.570251594493814 0.5366461825793644 0.5474728006112843 0.5827349100295622 0.48913683751697407 0.5660763299839606
0 0.5839617919921875 0.5409670124053956 0.622476168652991 0.556636472533534 0.6046975993065751 0.6010593374037575 0.5552509208854727 0.5905089049000145
0 0.6344617919921874 0.5604670124053955 0.6702561157350382 0.5716291899991611 0.6513663514706539 0.6277130624264439 0.6085866594436692 0.6127203449608166
0 0.3549617919921875 0.5409670124053956 0.3974660340089224 0.5549706099535596 0.3641312088546552 0.6488139274339297 0.3230182481667255 0.6354870572968961
0 0.4079617919921876 0.5599670124053956 0.45357966830519353 0.574405612381071 0.4174669321533775 0.6676936423347831 0.37246492658782776 0.6521456373424976
0 0.45946179199218745 0.5769670124053955 0.5035819136663312 0.5938406300599633 0.4702471037715385 0.6843522071290039 0.4224671566894913 0.6688042173880993
0 0.5089617919921875 0.5974670124053956 0.5646957724987163 0.6182732049760172 0.5330276939429784 0.7054530721364897 0.47413616390863267 0.6865733572356363
0 0.5704617919921876 0.6214670124053956 0.613031286520799 0.6365976323502123 0.5830299393041163 0.7237775147620656 0.5424725760751705 0.7076742222431223
0 0.6229617919921876 0.6379670124053956 0.6658114581389598 0.6549220749757885 0.6352545134632931 0.7398808072810092 0.5930303883763439 0.724888089815382
0 0.6724617919921876 0.6549670124053955 0.714146941642094 0.6732465023499836 0.6847011613654468 0.7532076774180428 0.6441437981365011 0.7409913823343256
0 0.7229617919921876 0.6734670124053956 0.7619268582051927 0.6910156574489017 0.7358146016445528 0.7682003948836702 0.6913681477595642 0.7576499471285463
0 0.7689617919921875 0.6934670124053955 0.8130402984842986 0.7054530721364898 0.784150085147687 0.785969534731207 0.7480373795148195 0.774863814700806
0 0.5139617919921875 0.8164670124053955 0.4413569209538754 0.7931596571743766 0.44024575655485587 0.8547964048682408 0.5135823627385588 0.873120816991055
0 0.5491395319503394 0.7737246699982461 0.6485884557325794 0.8075971023647267 0.6446993955954852 0.8298085424255288 0.5402502472771313 0.7976019573876418
0 0.6964617919921875 0.7789670124053956 0.7858168470056905 0.8070417995866876 0.7791498606115732 0.8281426645941735 0.6891458189615252 0.802044227098145
0 0.5874617919921875 0.7449670124053955 0.6708116826750736 0.7703929448382972 0.6652558911989243 0.7887173874638733 0.5796964461070576 0.7642847972964385
0 0.49846179199218754 0.7199670124053955 0.5763629834289474 0.7409627821823201 0.5708071614338496 0.7598424970831735 0.49969285352923715 0.7392969348537267
0 0.4184617919921875 0.6939670124053956 0.4946926289931233 0.7131984973576982 0.4935814645941037 0.7359652096937777 0.41413346947526736 0.7115326347777239
0 0.34296179199218746 0.6684670124053954 0.4119111406772282 0.6898764974949607 0.40913324493915354 0.7093114999224721 0.34135241497212554 0.6904317850216188
0 0.3334617919921875 0.7114670124053956 0.4180225296123616 0.7348546346404615 0.4119111406772282 0.7587319525326189 0.3296852193013687 0.7376310875251328
0 0.42846179199218754 0.7384670124053955 0.5335832914019625 0.7687270975097037 0.5269163050078451 0.7931596571743766 0.42024485841040077 0.7631742222431223
0 0.3754617919921875 0.7729670124053957 0.42802297868458905 0.7886602024112433 0.42802297868458905 0.8475205124718167 0.3741316579268829 0.8358595049147576
0 0.3134617919921875 0.7564670124053956 0.367464702051714 0.7692251999837318 0.3607977309170709 0.833638354808125 0.3091287389574038 0.819756212395814
0 0.3549617919921875 0.8664670124053956 0.43468993455975796 0.8886116674334723 0.3652423732536748 0.9496931123492973 0.3257961591642744 0.9380320895408572
0 0.3034617919921875 0.8444670124053956 0.34968611744582373 0.8591815047774951 0.31912918802963125 0.9324792447770375 0.28421257133077055 0.9258158249599017 0.280323495934202 0.9002726597391505 0.2736565400590332 0.9002726597391505 0.27532327139808827 0.8464099374185003
0 0.2750417919921458 0.9449670124053955 0.3392150412280221 0.966294507342269 0.2964353492010373 0.9996116674334722 0.27310095785952343 0.9996116674334722
0 0.03596179199218751 0.7889670124053956 0.07335714548998915 0.7933327870373431 0.08280199710323266 0.751131087525133 0.0605787701607384 0.7422465023499837 0.05780087442266375 0.7694554996479473 0.04168903641530284 0.7655685022127213
0 0.04096179199218751 0.8409670124053954 0.08891338603836597 0.8438638147008061 0.08113526576417762 0.8682964048682408 0.03446648308114995 0.8571906848378397
0 0.059461791992187506 0.8809670124053954 0.07835737002610296 0.8810679722272354 0.0766906081680993 0.9382624197078344 0.051133918547494925 0.9343754222726084
0 0.0014617919921875 0.7164670124053956 0.055022978684589115 0.7245059474030711 0.04613369401138115 0.7528255045029701 0 0.745606812410557
0 0.0024617919921875054 0.6894670124053955 0.03224418480205937 0.6928546346404613 0.034466483081149926 0.6811936423347831 0.07335714548998917 0.688412364929958 0.080024101365158 0.7200636471898059 0 0.7039603546708625
0 0.007961791992187503 0.5849670124053956 0.04168903641530284 0.5890733572356364 0.04224463387428694 0.6051766497545799 0.005576315522961153 0.6040660747012635
0 0.001131657926882852 0.6135059474030712 0.05057832108851083 0.6151717947316646 0.05668971002364419 0.6334962373572408 0.0011316579268828432 0.6296092399220146