0 0.05313542175292971 0.017643520355224603 0.12784095337745488 0.03265293682017195 0.10747976310994863 0.10749840851110758 0.03640080095243409 0.09119543327030626
0 0.0004910953389198003 0.004942101937909484 0.03714118901436233 0.011611498818458608 0.02307348029600366 0.08460435899271028 0 0.08164017751300716
0 0.11913542175292971 0.0001435203552246067 0.11673488841818795 0.005975326400409715 0.1522743389931523 0.013385772467145576 0.15523598275224404 0.0004174918503578251
0 0.1571354217529297 0.018143520355224613 0.16301024042524806 0.0000469710735254214 0.19929014006972648 0.0007880202597121655 0.19262646448961485 0.02413092079041694
0 0.20713542175292968 0.0011435203552246076 0.20077094669737594 0.024501433934727434 0.24334429738720897 0.03487606911368832 0.2522291676568983 0.002640624143874195
0 0.2596354217529297 0.0011435203552246076 0.25185897362593407 0.04006336762186394 0.29591310043962366 0.047844334465432216 0.2966535495091378 0
0 0.30553838927503424 0 0.30553838927503424 0.053772697424838416 0.34292896252378374 0.05821896201187119 0.3377460630675285 0
0 0.34413542175292977 0.0011435203552246076 0.3562562526764212 0.06340626815256874 0.38846392646891575 0.07081670658678269 0.3732855441462858 0
0 0.44256542175302777 0.08664352035522463 0.4776850973348774 0.09048201196276903 0.43659258377648663 0 0.4099379424636257 0
0 0.38163542175292975 0.0021435203552246083 0.40105082855962493 0.07674506954618888 0.43103721615116286 0.07859768106287285 0.4043826358458878 0.0000469710735254214
0 0.1326354217529297 0.0376435203552246 0.20484317254936002 0.05117903672196773 0.1881840446066666 0.1256539952685929 0.11192221349668982 0.10823946532981626
0 0.21463542175292968 0.0566435203552246 0.28221561625602215 0.07155776340549133 0.266296876375257 0.14380958202607821 0.19595830227967068 0.1286181614832521
0 0.2899898739290261 0.07229878969411228 0.36143909112509065 0.088231267055647 0.3444097386476402 0.1645588218539123 0.2725903274206116 0.14714427665009178
0 0.36713542175292974 0.09164352035522462 0.4402923109556092 0.10779059905246495 0.4228928254547806 0.1837476483389417 0.34959263810389535 0.16559206158145634
0 0.035635421752929705 0.11464352035522461 0.10266714919603638 0.1292809033315296 0.08600799074955007 0.20597897127410542 0.013818400743453774 0.19115809440567755
0 0 0.10364352035522462 0.027515900178951863 0.11112530130900046 0.009746174891469705 0.1874528713723096 0 0.1859707729999361
0 0.020135421752929695 0.2105735203552351 0.04195383343206761 0.2128295902227418 0.07675295695268955 0.36474368116317335 0.060463992537167395 0.3636321112001542
0 0.0001354217529296964 0.20864352035522463 0.013448191460593178 0.2099763924813526 0.05713215474711154 0.35955635975743194 0.04084322083538229 0.35881531820376705 0.0008612893698838997 0.23950718537746016
0 0.048635421752929696 0.2185735203552351 0.09267166632966173 0.22950308624037555 0.0948928610192394 0.368078375787187 0.08341660202900833 0.3665962926798574
0 0.1951354217529297 0.2560735203552351 0.22779578204120088 0.2621090367219782 0.1963284963106348 0.3947559785744273 0.1652314656186186 0.388827615615021
0 0.15663542175292972 0.2460735203552351 0.1881840446066666 0.2532164999153908 0.15671678937989342 0.3847518794373426 0.12524953415312023 0.37660039181694194
0 0.10163542175292967 0.23157352035523512 0.1489425317068894 0.24321240077830616 0.11784547051108028 0.374006754011637 0.10747976310994865 0.37104255726689006
0 0.10963542175292967 0.13264352035522461 0.18300120615799728 0.14858537601909702 0.16412085302193333 0.22491295371492806 0.09304186036062587 0.20935102002779155
0 0.18913542175292972 0.1526435203552246 0.25370997428454767 0.16525887203673076 0.23668065231089025 0.24010435899271024 0.17004407953253092 0.2267655499665682
0 0.2681354217529297 0.16914352035522462 0.3377460630675285 0.18600812712960874 0.3214571596595922 0.2630767540116265 0.24889732986684238 0.24677374824073744
0 0.34513542175292977 0.18664352035522463 0.4188205690990035 0.2037932007427835 0.39660837817288375 0.2790091855780296 0.32626980407729755 0.2630767540116265
0 0.24713542175292968 0.26764352035522465 0.2770327778073527 0.27374356446690096 0.2470463292082289 0.4070187395113008 0.21483865541573452 0.3996083239746527
0 0.362549673217983 0.2958621019379165 0.3947573470104773 0.3021609704091113 0.3644007043803895 0.434437383852206 0.32923141733259625 0.42776799460417875
0 0.32263542175292975 0.28656352035523164 0.35514567058352897 0.29289791282569144 0.3240485788839269 0.4248037978594318 0.29443232431576727 0.41961652224882195
0 0.28213542175292966 0.27556352035523163 0.3184955464042934 0.28437589679593644 0.285547423542285 0.4162818123597644 0.2548205868812329 0.4107239778097126
0 0.11413542175292968 0.39606352035523157 0.162640015890491 0.40738928318569895 0.14857230717213238 0.4588918314483641 0.10340756776175748 0.44777619287834797
0 0.0836354217529297 0.38706352035523167 0.10970098830331923 0.3929389194615816 0.09452269749206817 0.44444148298929065 0.08193576489756599 0.4425888562075627
0 0.048635421752929696 0.3785635203552316 0.07490189528649017 0.38367584661311793 0.07342111916263372 0.43999520313721396 0.06416602435818736 0.43999520313721396
0 0.16713542175292967 0.4095635203552317 0.21705988060910505 0.4170228386483854 0.20225175332502532 0.4737127235818358 0.1556061767832081 0.46296759815613014
0 0.22163542175292972 0.42256352035523165 0.26814790753766343 0.43258475707047817 0.2533397802535835 0.4900220593876235 0.21187704216043574 0.4777948050594567
0 0.2741354217529297 0.43242352035523524 0.3188657404352576 0.4444477977591454 0.3044278071821418 0.5033608531487218 0.2611140379265876 0.49335675401163714
0 0.5809554217529367 0.5126035203552106 0.598667671900763 0.5170648056235634 0.5975570288002848 0.6152532007427695 0.5627579357834558 0.6993617147520811 0.5435074191202207 0.6934333823227625
0 0.5599554217529368 0.5066035203552106 0.5742342557812726 0.5096543633730883 0.5394351627644437 0.6908397139873699 0.521665422225065 0.6845408531486971
0 0.49608542175292974 0.6781435203552246 0.5142613585830251 0.6823177132226587 0.5546134840794875 0.5059491403397205 0.5390649687334795 0.4996502642360038
0 0.5120854217529297 0.49614352035522463 0.5328292740539042 0.4967547805321681 0.4917367604955137 0.67534647425984 0.4687841204998798 0.6712707380821615
0 0.4870854217529297 0.4871435203552247 0.5065448267720075 0.49193800280082484 0.4650821191826527 0.668677054481725 0.4462017355427958 0.6620076652336979
0 0.4620854217529297 0.4826435203552246 0.48063063452866084 0.4852685982877538 0.4384274778697918 0.6605255821263681 0.4206577373304132 0.6542267060226515
0 0.39263542175292976 0.6466435203552245 0.41141650545696357 0.6516330529523026 0.457677994533027 0.48119284684503155 0.43953812097027006 0.47637606911368835
0 0.41326747561178423 0.47230031767096603 0.4302968280892347 0.47378240077829564 0.38846392646891575 0.6445931505599651 0.36884315476713064 0.6405173838521989
0 0.3910553456932503 0.46229621853388136 0.4073443101087724 0.4667424831209142 0.3640305103494253 0.6331069377854631 0.34440973864764035 0.6327364093761088
0 0.36713542175292974 0.4591435203552246 0.3825406389507322 0.461925705389571 0.33552483787415793 0.6231028386483785 0.3177550973347794 0.6223618123597574
0 0.32113542175292975 0.44642352035523525 0.36254967321798304 0.4533403421982547 0.3444097386476402 0.5126238802020538 0.3092404515998471 0.5055839778097162
0 0.1716354217529297 0.49164352035522463 0.21557907398145573 0.5026831282265305 0.18781385057570246 0.6023536140855882 0.14375966275442711 0.5897558466131109
0 0.1086354217529297 0.47364352035522467 0.16708246627723214 0.48860330054428935 0.13894704884051481 0.5882737482407374 0.11229243803144684 0.5819748721370207
0 0.22163542175292972 0.5076435203552246 0.26703729494097805 0.517504027992524 0.23853165296950377 0.6179155477727246 0.1918860764276866 0.6075409049612419
0 0.2721354217529297 0.5216435203552247 0.3188657404352576 0.5308428217536223 0.29147071106046846 0.6290312168728286 0.24556552258057956 0.6216207555410488
0 0.4764554217529367 0.32624352035522464 0.5101891327310409 0.3316577634054913 0.4809430721938453 0.4639341768485859 0.448365204370387 0.4568942439261605
0 0.43945542175293667 0.31674352035522463 0.47168800789319193 0.3220241774127171 0.44207175332503224 0.4531890514228803 0.41023430406729505 0.44726067319843027
0 0.3714554217529367 0.43664352035522463 0.4020898218595339 0.4436058793370421 0.4339273016210642 0.31244102631631415 0.40134943379760574 0.30720330054428924
0 0.5544554217529367 0.3397435203552246 0.5897827711272808 0.34647864027391917 0.5583155464043005 0.48468340141137617 0.525367423542292 0.47616141591170885
0 0.5153719406759174 0.336104027992524 0.5490604515998541 0.3431439456499055 0.5187038089697663 0.476531959586107 0.4864961351772718 0.46875096984497305
0 0.7091307043804176 0.3908444091755078 0.726160056857868 0.39269703595723554 0.7468914106525455 0.4101115658960122 0.7213474124401626 0.5249734341352864 0.6817356750056285 0.5153398939376439
0 0.6694554217529367 0.38174352035522463 0.7024670288003059 0.38834764833894164 0.6787740617503296 0.5138577803002264 0.6436047747025364 0.5057062926798258
0 0.6305051516622932 0.3731562430611594 0.6579001200294965 0.37686146609452736 0.6367985722038548 0.500615863507867 0.6053312864732888 0.49468750054846083
0 0.5949656705835359 0.35129543327030616 0.6260627012755521 0.3564827394110038 0.5990378659317271 0.48987073808216136 0.5686812233016392 0.48690654133741446
0 0.7493654217529578 0.4176835203552037 0.7883541792494861 0.4538332007427625 0.7668823763852944 0.5346070201280605 0.726160056857868 0.5279376156149894
0 0.7768654217529578 0.5491835203552037 0.8369933443760723 0.5601730529522817 0.8451377350724547 0.5131167540116056 0.7955305147715458 0.46568989613148726
0 0.7342754217529788 0.5481435203552247 0.8399548966237853 0.5740562430611595 0.8440271529795623 0.6029569705093942 0.7300045850936647 0.5792435644669008
0 0.7247754217529788 0.5866435203552247 0.842176121817156 0.6125905412371246 0.8388443145308929 0.645196522248815 0.7196389081963259 0.6159252358611381
0 0.7167754217529787 0.6246435203552246 0.8347721191827019 0.6526069377854631 0.8310700568578889 0.6852129187971535 0.7089030372680232 0.6529774814598613
0 0.7037754217529788 0.6606435203552246 0.8310700568578889 0.6906924231117303 0.8210745739915143 0.7244099130262645 0.6989075544016484 0.690321879437332
0 0.6557754217529788 0.7546435203552246 0.7733183848530119 0.7986498961315083 0.7629526469480874 0.8290327066870726 0.6441174956520703 0.7779006563036742
0 0.6796569767308276 0.7282506813950834 0.8021941903516574 0.7627092357608481 0.7884967061680558 0.7990204245408625 0.669661493864453 0.752334623479453
0 0.6985373298668914 0.6969912686853593 0.8166321236047732 0.7299677323112725 0.8051558036069563 0.7577569203265759 0.6837292330866046 0.7214457468116052
0 0.5500859240027148 0.8425853760190971 0.6267179491436558 0.8622230687814778 0.6178330788739664 0.9103909376851731 0.5523071491960855 0.9111319945038816 0.5334267655562285 0.8922353661927316 0.5126954117615512 0.8922353661927316 0.5149166369549216 0.8729681942071832
0 0.4368037746825384 0.8044215909874426 0.5167676376135352 0.8266529368201719 0.49751709044650716 0.8874185579313008 0.40718753536627517 0.8870480447869902
0 0.4219956626503551 0.8025689871032804 0.35100441110295877 0.7840428719364408 0.32879222017683896 0.867039846512821 0.3972797631100187 0.8900122262666933
0 0.2740021614272607 0.7629231075155134 0.34360031695712584 0.7792260903888366 0.32212854459672724 0.8655577634054913 0.2543813897254756 0.8466611350943412
0 0.2484354217529998 0.8436435203552247 0.2688193077266948 0.7591656650330972 0.18818631874477101 0.7339701682507525 0.1996626082387951 0.7780622933442474 0.19892222017686684 0.8340111367240329
0 0.42306542175302775 0.20664352035522462 0.4906422544641367 0.22379166513340784 0.4743532900486145 0.30048977887111517 0.40253387882158587 0.28455731677462426
0 0.4460654217530277 0.10864352035522462 0.47139167679331573 0.11634023532834757 0.5050801877172524 0.20044877223522498 0.42844810156872554 0.18525736695744277
0 0.49656542175302776 0.22464352035522459 0.5639424418150217 0.24104956513132209 0.553946958948647 0.3173771199295874 0.4787957404353556 0.3014446730981403
0 0.5735654217530278 0.25414352035522464 0.5854141836716273 0.2540178304830659 0.6261227012756432 0.2814364748239711 0.6542581187123605 0.34850098730386037 0.5543032900486146 0.32664017751300717
0 0.8301354217529296 0.9331435203552246 0.8645000813201483 0.9597282111019393 0.8756061767832081 0.9137834668592384 0.8500621785708254 0.9111898290539336
0 0.8961354217529298 0.9066435203552246 0.9381704932057905 0.906743564466901 0.9381704932057905 0.9797364093761086 0.9044820127856467 0.9786248546781334 0.8896738855015669 0.9586166564039641
0 0.9448341382821092 0.904890937685173 0.9885181015686275 0.9004446730981404 1 0.913412953714928 1 0.9764017147520951 0.9448341382821093 0.9771427868358477
0 0.9776354217529297 0.7616435203552246 1 0.7724006563036743 1 0.7961140623461676 0.9503872012655356 0.8754058138891797 0.9007799809646266 0.8817047205229841
0 0.8596874369024431 0.8835573167746243 0.8933759173225867 0.8828162904860034 0.9740801988193047 0.7601734325055951 0.9529786204898701 0.7479461934424723 0.9041118187546826 0.8027834668592385
0 0.9611354217529298 0.8711435203552247 1 0.8661427868358476 1 0.801301383751909
0 0.9291354217529297 0.7151435203552247 0.9533488145208344 0.7232778473778221 1 0.6224958297183548 0.9329876547571212 0.6195316406061298
0 0.9986354217529296 0.6701435203552246 0.9722291676568983 0.7195726243444542 1 0.7380987395112938
0 0.9236354217529298 0.5466435203552247 0.9618634907595596 0.5533648225183334 0.9996241970316874 0.546324904860952 0.9988838089697591 0.507049565131322 0.9270643977427305 0.510754780532168
0 0.7001354217529296 0.11614352035522461 0.7704685096707928 0.1077260903888366 0.7882382502101715 0.1770137313459813 0.7515881565347289 0.18257156589603324
0 0.7771354217529297 0.10764352035522462 0.8356242758215027 0.10550295809532023 0.8511727911675108 0.16886224372558065 0.7926807005969126 0.17812530130900048
0 0.8416354217529297 0.10114352035522461 0.8959673365469214 0.09809250821232342 0.9037415942199256 0.16071077137022385 0.8607980494991283 0.16663911143206428
0 0.9016354217529298 0.0906435203552246 0.9485361701031291 0.09046819420718336 0.9529786204898703 0.1545685404724134 0.9107754638310013 0.15901480505944615
0 0.9511354217529298 0.08514352035522461 1 0.08379878969411228 1 0.14567599603330406 0.9585316529695038 0.15456854047241336
0 0.8341354217529298 0.016143520355224615 0.8933759173225867 0.001329003998036571 1 0.0005879624443717546 0.9988838089697591 0.05283158279078938 0.844138921556435 0.06617039181693145
0 0.7111354217529298 0.031143520355224608 0.8037867655561794 0.025334623479453033 0.8152630855539964 0.0672036315444755 0.719750692025095 0.07868982905393365
0 0.6981354217529296 0.08514352035522464 0.6768071320524015 0 0.6142840928926894 0
0 0.7017354217529301 0.0011435203552246076 0.7057242758215031 0.026075665033117826 0.8001260109980298 0.01755366426840669 0.7975345917736951 0.0008801682507729591