0 0.1694617919921875 0.44646701240539555 0.27947100432237404 0.4543667874491302 0.26280356885602907 0.4932368075555341 0.17057719840794194 0.48435220712900384
0 0.2834617919921875 0.4609670124053955 0.3794754950446496 0.5237775147620657 0.3622524926382691 0.5515417995866876 0.27058168913021746 0.49434735210608866
0 0.33196179199218745 0.3729670124053955 0.37169734425151263 0.4082780599989324 0.3939205711940069 0.3788479125943362 0.3516964461070575 0.3410884675412486
0 0.3979617919921875 0.38946701240539555 0.44336724961510915 0.4304894848083537 0.42503311332865773 0.45325621239581404 0.37614200184759083 0.41272034496081667
0 0.6154617919921875 0.44146701240539554 0.6100414211648674 0.4649172199528732 0.6228197659751696 0.48268635980041025 0.6844892222665386 0.4415952048387548 0.6578213377279661 0.4093886350522487
0 0.6699617919921874 0.4074670124053955 0.691156147622759 0.43715291987687055 0.7611592911283518 0.3971723399685314 0.727824481233559 0.3705186149458449
0 0.7411583929838967 0.3649657549306444 0.7589369623303126 0.3827349100295623 0.8228287474197208 0.3260957500756214 0.8056057450133403 0.3105477450833361
0 0.2678037933921429 0.5154482171135745 0.30169420074591974 0.5359938098457832 0.2889158559356176 0.5654239419989985 0.2505807909857624 0.5476548021514615
0 0.3094617919921875 0.5444670124053955 0.3294732496835118 0.5536771949914465 0.3066944252820335 0.6097610674187293 0.28224890006044867 0.6036529198768705
0 0.3849617919921875 0.5429670124053956 0.41781052947555614 0.565893490075164 0.40503218466525404 0.5858837800293334 0.37391967304955176 0.562561764915215
0 0.39946179199218756 0.8369670124053955 0.48781370350009773 0.7735132299374439 0.4978141525723252 0.77740022737267 0.49503625683425073 0.852363814700806 0.4772576874878347 0.8962313920443714 0.4822579120239485 0.955646989631603 0.48448017978409047 0.9656421346086878 0.4767020595099021 0.97341612947914
0 0.37596179199218754 0.8524670124053955 0.4500342360092266 0.9749962373572407 0.4489230410912585 0.9927653772047778 0.4372558911989245 0.9944312245333714 0.3372513699577003 0.8844846297854386
0 0.30296179199218753 0.9349670124053955 0.34114043009479444 0.8999754726021653 0.4333668005428815 0.9993716424720455 0.3972540643910655 0.9999269299987036
0 0.2944617919921875 0.9434670124053954 0.38503128652079893 0.9999269299987037 0.3200283675513198 1 0.271692853529237 0.9660544823808422
0 0.2644617919921875 0.9709670124053954 0.31558374047419 1 0.26391473325504866 1 0.2455805664496486 0.9860447723350119
0 0.582262402746224 0.7978600501516242 0.5850402984842987 0.8350641924266726 0.7317135718896018 0.8095210424573025 0.7367137964257157 0.75066074764811
0 0.5874617919921875 0.8394670124053956 0.7183795991013667 0.822292625067678 0.7061568212311002 0.8839293575101612 0.5733730875540674 0.8955903498158396
0 0.565594967279879 0.9088886350522487 0.69948989587488 0.8933406300599632 0.6956008052188372 0.9372082074035286 0.5672617291378828 0.9555326347777239
0 0.6244865278331734 0.9988163549453872 0.6267087955933153 0.9932634949301868 0.7144905694832214 0.98660005986167 0.7172684652212962 0.9999269299987036
0 0.7384617919921875 0.9814670124053956 0.7411583929838967 0.9999269299987037 0.8383849879680976 0.9999269299987036 0.82838453889587 0.9738284925026754
0 0.8664617919921875 0.9714670124053956 1 0.95828048751039 1 1 0.8715505918823092 1
0 0.8393017919922712 0.8699670124053955 0.8326599905113671 0.9282950525791357 1 0.9133023351135086 0.9998897290011609 0.8522208825719929
0 0.8493017919922711 0.8039670124053956 0.9982229671431573 0.7895307525031329 1 0.8433934900751638 0.8393269769054845 0.8606073423960428
0 0.8568017919922711 0.7394670124053956 1 0.7285064773885569 0.9998897290011609 0.7807033523806135 0.8493274259777119 0.7956960698462407
0 0.867105995324128 0.6836140949449298 0.9898892799289333 0.6558497796175463 1 0.6452993623651843 0.9982229671431573 0.6736189499678451 0.8659948004061598 0.7024938098457831
0 0.8648836665260888 0.7096267624877036 1 0.6768648975488489 1 0.7201771949914465 0.8615501428100817 0.732393490075164
0 0.9053017919922712 0.3574670124053955 0.9348868100316818 0.38334735210608856 0.903774267897031 0.41499866486869835 0.8771064443963555 0.38667907726603745
0 0.8428017919922712 0.4144670124053955 0.8565499182739678 0.42993421253307645 0.8904403561466933 0.4121650574341585 0.8698838910622027 0.39328534253330516
0 0.8158017919922712 0.30546701240539553 0.8465494692017401 0.3444201850755071 0.8698838910622027 0.3205428900604209 0.8332155574514026 0.2866704576939404
0 0.8493017919922711 0.2814670124053955 0.8759952494783875 0.3177664600528206 0.897662909480846 0.2933338851367667 0.8598834419899749 0.26445902144598343
0 0.9113017919922711 0.3474670124053955 0.9393314676277601 0.37668393228895264 0.9648881572483643 0.327818782456845 0.9348868100316817 0.3094943398312689
0 0.9723017919922712 0.33196701240539556 0.9987785340831925 0.3539172199528733 0.9737774114026237 0.38612380499076027 0.9521098124380623 0.36446763720523534
0 0.9413017919922712 0.39146701240539555 0.9526653793780977 0.4055587921668908 0.9287753905775997 0.43221253244095803 0.9182193745653366 0.4327678047162354 0.909885687351113 0.4249938098457831
0 0.8883017919922712 0.16796701240539552 0.9226640321614151 0.17631149992247216 0.8937738188248033 0.23017422224312228 0.8593278750499397 0.21684735210608863
0 0.8478017919922712 0.16096701240539552 0.8854401316105797 0.16687164247204553 0.8571055462519004 0.21518150477749504 0.8293265278332569 0.19963351503659058
0 0.7353017919922712 0.1244670124053955 0.7793242824721192 0.1346650574341585 0.7409891870033154 0.19852293998327433 0.7148769304426756 0.1679822022739809
0 0.6926537035001813 0.11356419242667265 0.7243217515369704 0.1218934900751639 0.7059876152505189 0.16353991731209663 0.6832088213679893 0.15854234482355423
0 0.6468017919922712 0.10046701240539552 0.6876534789640675 0.10967719499144653 0.6704304765576871 0.16298462978543846 0.6320954421267804 0.1529894848083537
0 0.7178017919922712 0.20446701240539553 0.7376557243252054 0.221844924594631 0.7198771549787893 0.2440563646554332 0.6976539280362951 0.23239537234975483
0 0.6808017919922712 0.20746701240539556 0.6954315992382558 0.2229554996479473 0.7170992592407147 0.19352535224335102 0.6954315992382558 0.17686678744913029
0 0.8093017919922711 0.22496701240539554 0.8426604395835945 0.2446116674334722 0.8548832174538614 0.22073438004407653 0.8221039744991039 0.2035205124718167
0 0.8598017919922711 0.22396701240539552 0.8815510409545368 0.23572709750970372 0.8693283241221672 0.2607149599524158 0.8487717979997794 0.2457222424867885
0 0.9053017919922712 0.22946701240539555 0.9265531228174578 0.2462775147620657 0.9493319166999875 0.21129450734226896 0.9232195991014503 0.1957465023499836
0 0.8578017919922712 0.1454670124053955 0.9365535718896854 0.1635399173120966 0.9537765132581688 0.1329991948541841 0.8715505918823091 0.11689591758662152
0 0.8793017919922711 0.08596701240539552 0.8793287731943947 0.10967719499144651 0.9637769623303963 0.12744633483898357 0.9765553681785957 0.09857147496104543
0 0.8928017919922712 0.0729670124053955 0.9860001892728905 0.09412918999916117 0.9976674002031217 0.06469904259456492 0.9093301204110773 0.043042890060420884
0 0.9171082406852658 0.040821747579478755 0.9998897290011609 0.06136732506030649 0.9998897290011608 0.023607887632909438 0.9715551436424819 0.01749974009105074 0.9682216199264747 0.03415832013665237 0.9259974948395252 0.024163175159567576