0 0.5657894736842103 0.9657894736842105 0.6263157894736843 0.9842105263157893 0.6368421052631578 0.9552631578947368 0.5710526315789474 0.9421052631578948
0 0.5789473684210528 0.8921052631578948 0.5789473684210527 0.9157894736842107 0.6447368421052632 0.9315789473684211 0.6473684210526315 0.9105263157894739
0 0.5815789473684208 0.8657894736842104 0.5789473684210525 0.8526315789473684 0.6842105263157892 0.8789473684210526 0.6736842105263157 0.8868421052631578
0 0.6999999999999997 0.863157894736842 0.6999999999999996 0.8526315789473684 0.5710526315789473 0.8263157894736841
0 0.4078947368421051 0.6657894736842106 0.3973684210526316 0.6710526315789472 0.4026315789473683 0.7105263157894736 0.4342105263157894 0.7157894736842105 0.43421052631578944 0.6973684210526315
0 0.4736842105263159 0.636842105263158 0.47631578947368425 0.7026315789473684 0.5394736842105261 0.7131578947368419 0.5499999999999998 0.6499999999999999
0 0.5684210526315794 0.7605263157894736 0.5657894736842105 0.7763157894736843 0.6210526315789471 0.7868421052631578 0.621052631578947 0.7710526315789472
0 0.5736842105263158 0.7236842105263156 0.5999999999999999 0.7263157894736841 0.6184210526315789 0.6684210526315788 0.5842105263157893 0.663157894736842
0 0.6315789473684211 0.7315789473684211 0.6578947368421055 0.7342105263157893 0.6842105263157895 0.6789473684210524 0.6526315789473682 0.6710526315789472
0 0.689473684210526 0.7447368421052631 0.7131578947368419 0.7473684210526315 0.7499999999999996 0.6868421052631578 0.7210526315789474 0.681578947368421
0 0.744736842105263 0.75 0.7657894736842102 0.7578947368421051 0.8184210526315789 0.7 0.7815789473684207 0.6947368421052631
0 0.3973684210526315 0.5368421052631579 0.40263157894736834 0.581578947368421 0.43684210526315803 0.5894736842105264 0.43157894736842095 0.5394736842105263
0 0.4789473684210526 0.4894736842105263 0.49473684210526286 0.594736842105263 0.526315789473684 0.5999999999999998 0.5342105263157894 0.4973684210526316
0 0.5684210526315786 0.4973684210526316 0.5499999999999994 0.613157894736842 0.5684210526315792 0.6105263157894736 0.5947368421052635 0.49999999999999994
0 0.6026315789473683 0.613157894736842 0.6210526315789471 0.6210526315789475 0.6499999999999999 0.5078947368421051 0.6289473684210524 0.5078947368421051
0 0.6526315789473683 0.6184210526315789 0.6736842105263158 0.6210526315789473 0.6999999999999997 0.5157894736842105 0.6789473684210523 0.5157894736842105
0 0.705263157894737 0.6236842105263157 0.7552631578947367 0.6289473684210525 0.7868421052631577 0.5263157894736843 0.7368421052631581 0.5157894736842105
0 0.7947368421052629 0.6315789473684211 0.8368421052631578 0.6421052631578946 0.8657894736842104 0.5342105263157895 0.8210526315789471 0.5289473684210527
0 0.8710526315789474 0.6526315789473685 0.8842105263157896 0.6447368421052632 0.9236842105263159 0.5394736842105263 0.9026315789473683 0.5368421052631579
0 0.6289473684210525 0.46315789473684205 0.6657894736842107 0.4657894736842105 0.6921052631578946 0.3526315789473684 0.6447368421052633 0.3500000000000001
0 0.6973684210526314 0.46842105263157896 0.7184210526315788 0.4684210526315789 0.7421052631578945 0.3710526315789473 0.7263157894736841 0.368421052631579
0 0.7736842105263158 0.37631578947368416 0.7499999999999997 0.4710526315789474 0.7973684210526316 0.4736842105263158 0.8263157894736841 0.3710526315789474
0 0.836842105263158 0.47631578947368425 0.8815789473684207 0.4815789473684211 0.9157894736842107 0.37368421052631584 0.8684210526315791 0.3684210526315789
0 0.5473684210526316 0.34210526315789475 0.5552631578947369 0.40789473684210525 0.48157894736842083 0.431578947368421 0.4789473684210526 0.44473684210526315 0.594736842105263 0.45526315789473676 0.6078947368421055 0.34736842105263155
0 0.43421052631578944 0.2868421052631579 0.4499999999999998 0.3894736842105263 0.4973684210526315 0.37631578947368416 0.48684210526315774 0.31578947368421045
0 0.3342105263157895 0.4684210526315789 0.3394736842105263 0.49473684210526314 0.3526315789473682 0.4921052631578948 0.3473684210526315 0.46315789473684205
0 0.3789473684210526 0.4578947368421052 0.38421052631578934 0.5026315789473683 0.42631578947368426 0.5078947368421052 0.41578947368421054 0.44736842105263164
0 0.1473684210526315 0.18421052631578946 0.1657894736842104 0.18684210526315786 0.1894736842105263 0.09736842105263158 0.1605263157894737 0.08947368421052632
0 0.20263157894736825 0.2 0.22105263157894725 0.20526315789473681 0.25 0.11578947368421051 0.2263157894736841 0.10526315789473686
0 0.2552631578947368 0.20789473684210527 0.28157894736842104 0.22368421052631576 0.3052631578947368 0.1368421052631579 0.2789473684210526 0.12894736842105262
0 0.3052631578947367 0.2421052631578947 0.3368421052631577 0.25789473684210523 0.35526315789473684 0.15000000000000002 0.33157894736842103 0.1473684210526316
0 0.3605263157894737 0.2631578947368421 0.3894736842105263 0.26842105263157895 0.3894736842105263 0.16842105263157894 0.3789473684210526 0.15
0 0.4315789473684211 0.15789473684210523 0.43157894736842084 0.25789473684210523 0.5026315789473682 0.28421052631578947 0.4868421052631581 0.15263157894736845
0 0.40263157894736823 0.30263157894736836 0.3763157894736841 0.2973684210526315 0.4052631578947367 0.3447368421052632
0 0.5526315789473683 0.16315789473684209 0.5184210526315789 0.15789473684210528 0.5368421052631577 0.3 0.5473684210526314 0.2921052631578947
0 0.5710526315789471 0.2947368421052632 0.5763157894736841 0.29736842105263156 0.6210526315789474 0.16315789473684209 0.5921052631578948 0.1657894736842105
0 0.6184210526315789 0.3 0.6684210526315789 0.29473684210526313 0.7105263157894735 0.16315789473684209 0.6631578947368421 0.16578947368421051
0 0.7078947368421055 0.3 0.7578947368421052 0.3105263157894737 0.7999999999999997 0.1710526315789474 0.7473684210526313 0.16842105263157894
0 0.7947368421052632 0.3078947368421052 0.8131578947368416 0.3078947368421052 0.8499999999999998 0.16842105263157894 0.8368421052631575 0.16578947368421051
0 0.8421052631578945 0.3078947368421053 0.8578947368421052 0.3 0.8973684210526314 0.17105263157894737 0.8815789473684208 0.16842105263157897
0 0.4394736842105263 0.08157894736842106 0.4342105263157893 0.1026315789473683 0.455 0.105 0.455263157894737 0.0815789473684211
0 0.4868421052631578 0.03684210526315789 0.4842105263157896 0.1 0.5289473684210526 0.09736842105263158 0.544736842105263 0.04473684210526316
0 0.5789473684210527 0.044736842105263165 0.5710526315789471 0.1 0.6184210526315788 0.09736842105263158 0.6236842105263157 0.04736842105263159
0 0.6552631578947367 0.052631578947368425 0.6499999999999997 0.09210526315789473 0.6605263157894734 0.1 0.6789473684210524 0.05789473684210528
0 0.694736842105263 0.007894736842105274 0.663157894736842 0 0.6605263157894734 0.015789473684210513 0.695 0.02
0 0.7684210526315792 0.002631578947368387 0.7236842105263156 0.005263157894736832 0.7210526315789474 0.021052631578947354 0.7657894736842101 0.021052631578947337
0 0.771052631578947 0.07105263157894735 0.7657894736842104 0.10526315789473684 0.7842105263157891 0.10263157894736841 0.7894736842105261 0.07368421052631578
0 0.8210526315789471 0.07631578947368425 0.8157894736842107 0.10789473684210517 0.8499999999999998 0.10789473684210521 0.8499999999999995 0.0789473684210526
0 0.8 0.007894736842105232 0.8 0.02894736842105264 0.86 0.03 0.8631578947368419 0.0052631578947368255
0 0.7105263157894737 0.0631578947368421 0.7052631578947367 0.10263157894736842 0.7315789473684207 0.10789473684210525 0.7368421052631579 0.07105263157894737
0 0.8842105263157896 0.08157894736842103 0.8763157894736842 0.11315789473684211 0.9026315789473683 0.11842105263157889 0.9105263157894734 0.07894736842105271
0 0.8921052631578945 0.007894736842105274 0.8868421052631578 0.03157894736842106 0.925 0.04 0.9236842105263157 0.010526315789473663
0 0.32368421052631563 0.007894736842105274 0.3157894736842104 0.05263157894736839 0.3552631578947367 0.05789473684210522 0.3684210526315788 0.010526315789473628
0 0.45526315789473676 0.026315789473684213 0.445 0.06 0.46 0.06 0.46578947368421053 0.023684210526315752
0 0.9421052631578947 0.3684210526315789 0.9157894736842107 0.4842105263157894 0.9526315789473685 0.3710526315789473