0 0.03496179199218751 0.13046701240539552 0.06036230982060609 0.16119176006019212 0.07980761050607704 0.1495307525031329 0.04925069634935891 0.11843475014425264
0 0.0794617919921875 0.18096701240539553 0.09591944851343799 0.17174219256393505 0.12314289999204604 0.20561462493041552 0.11092012212177932 0.2206073423960428
0 0.13546179199218752 0.25096701240539554 0.16425589119892436 0.24781635494538734 0.19092371469959984 0.2839099374185004 0.17036724961510913 0.3022343800440766
0 0.2319617919921875 0.36746701240539553 0.24148152700077305 0.34388080728100934 0.2675938445993101 0.3749768172655799 0.2542599328489723 0.3910801097845234
0 0.2629617919921875 0.39896701240539556 0.27814986061157304 0.3844166594646257 0.3087067747682912 0.42051024193773884 0.292594967279879 0.43883468456331487
0 0.4389617919921875 0.6404670124053956 0.4659360641858575 0.6374269299987037 0.46538049724582203 0.6885132299374439 0.4448240321613315 0.7018400695717157
0 0.39796179199218756 0.6249670124053955 0.4581579439116691 0.6207683499531019 0.45704681003159814 0.5857853425333052 0.41593381882471975 0.585230055006647 0.3992664443962719 0.6196577748997858
0 0.4644617919921876 0.5849670124053956 0.49482627752246927 0.585230055006647 0.49482627752246927 0.6118837800293334 0.46815839298389667 0.6163260649912178
0 0.5114937129888142 0.5857853425333052 0.5537178380757637 0.5752349100295624 0.5537178380757637 0.5880064773885568 0.5403838652875287 0.5935593374037574 0.5403838652875287 0.6196577748997857 0.504826726594697 0.6141049148845852
0 0.5664617919921875 0.5739670124053956 0.600386559720894 0.5630186149458449 0.5953863351847803 0.5946699124570737 0.5648294210280621 0.5952251999837319
0 0.5731631082422861 0.6063309200141329 0.5931640063867412 0.606330920014133 0.5970530970427839 0.6440903498158396 0.5709408404821441 0.6429797747625233
0 0.4729617919921876 0.6409670124053956 0.503715592714626 0.6363163549453873 0.5076046223327715 0.6718546346404614 0.47704770817605313 0.6851815047774952
0 0.4919617919921876 0.8019670124053956 0.5226052959411129 0.7895180849603591 0.5576068676939093 0.885582537295981 0.524827624739152 0.892245957113117
0 0.5319617919921876 0.8989670124053956 0.55538453889587 0.8939118044417104 0.5781633327783998 0.9544379770822584 0.5559401058359056 0.9633225470060269
0 0.5614617919921875 0.9724670124053957 0.580385661576439 0.9654293575101613 0.5948307682447447 0.9998570774032999 0.5726075413022507 1
0 0.4669617919921876 0.013467012405395504 0.5092713841907749 0.02242746760987984 0.49927093511854764 0.05796575493064435 0.4564912430915626 0.05296818244210196
0 0.517605071404999 0.024648610090821973 0.5637182871479909 0.029646182579364383 0.5620515252899875 0.06018690503727692 0.5098269511308107 0.05518933254873451
0 0.5087158172507396 0.06462918999916116 0.5570513007538738 0.06962676248770355 0.5559401058359057 0.08795118986189877 0.500937635938654 0.10738620754079112
0 0.3824617919921876 0.13146701240539552 0.4270454628149155 0.1345380350375057 0.40204434013434664 0.1945089049000145 0.36926509717958916 0.16674462007539265
0 0.4214617919921875 0.1919670124053955 0.46538049724582214 0.19117719499144656 0.45371334735348795 0.23615534738832814 0.41371149002668056 0.20339349007516389
0 0.5989617919921877 0.3409670124053955 0.6437218797258114 0.3404347501442526 0.6414995509277724 0.36209089505270625 0.600386559720894 0.36209089505270625
0 0.6048312173169724 0.36875432249553264 0.6431662517478788 0.37597303746501715 0.6398327890697687 0.4065137599229297 0.5987198589007875 0.3915210424573025
0 0.5584617919921875 0.5104670124053955 0.5781633327783998 0.5064080398925286 0.5748298701002896 0.543612197418958 0.5381615364894895 0.5502756324874748
0 0.5954617919921875 0.5039670124053955 0.615942861307168 0.5008551951287089 0.6164984282472034 0.5225113324114721 0.599275425840823 0.529730055006647 0.5953863351847803 0.54028048751039 0.5831635573145136 0.5436121974189579
0 0.4534617919921875 0.06296701240539551 0.4926039487244301 0.06962676248770354 0.4870481572482808 0.11127320497601721 0.4426017033632922 0.1151602024112433
0 0.44149056948322135 0.12571063491498624 0.4809367377941987 0.12682120996830254 0.46982515484190046 0.1806839322889527 0.4214896713387662 0.1795733572356364
0 0.6712913927478555 0.3399709187957899 0.7114859670953554 0.3455704550238908 0.7035442353393564 0.3778875323770977 0.6683736644757764 0.37335180468102874
0 0.6952857113861652 0.563067030390286 0.7387148062029368 0.5405484670293822 0.7449547160391432 0.5626601376011948 0.7035442353393566 0.5836379035003246
0 0.9329009383437565 0.49516821381804804 0.9551086585425448 0.5495615500628965 1 0.5297177355530228 1 0.48322649941698076 0.9902791670843054 0.46451661293807645
0 0.9636176434978679 0.572807156451774 1 0.558066037546502 1 0.6249680483148548 0.9880100919651886 0.6289368081023912
0 0.8849123010671373 0.39561731733995487 0.9273125662356388 0.3767244103807208 0.9483014331851944 0.4339879978484029 0.8898729202529421 0.45383181235827663
0 0.9385166299399568 0.37213351611948153 0.9766647786914245 0.36821992289711525 0.99765364564098 0.41527811915559426 0.955675911741869 0.42945227015233395
0 0.966084570503121 0.1459743000179672 0.99765364564098 0.17210799064675 0.9942500641232147 0.19875540448682283 0.9539740898220767 0.19421966900465823
0 0.9522722679022843 0.20329113218289188 0.9925482422034223 0.2061259639394589 0.9908464826054493 0.22313494669276554 0.9500032551049867 0.22143405075326356
0 0.9507690479680297 0.23327277846798744 0.9891446606856568 0.23334033790196862 0.9857410791678912 0.2520502321669684 0.9772320318907488 0.26849223922564697 0.9545413430214009 0.2707601108597771
0 0.9543426698928843 0.2863665899229705 0.9993554675607724 0.2860681976735817 0.99765364564098 0.2996753807617888 0.9539740898220767 0.3047780763663903
0 0.8491760818185909 0.29861900795104346 0.8870365919345011 0.30194325239591885 0.8847675168153841 0.3155504354841259 0.8456261112347144 0.31781830711825604
0 0.8440709076402273 0.325165913678535 0.8819311884969432 0.3251888587847966 0.8796621133778265 0.33709515371959725 0.8427897205944539 0.34163088141566633