0 0.51375 0.70125 0.53125 0.75375 0.5775 0.73375 0.5575 0.68375
0 0.45125 0.7275 0.4675 0.77125 0.50875 0.75375 0.49125 0.7125
0 0.3825 0.76 0.39375 0.795 0.435 0.7775 0.42 0.73875
0 0.41375 0.835 0.4275 0.87625 0.4725 0.86375 0.45625 0.82125
0 0.48875 0.80875 0.50125 0.85375 0.545 0.84 0.525 0.79875
0 0.55875 0.78875 0.5725 0.83125 0.61125 0.815 0.59375 0.775
0 0.50625 0.91875 0.515 0.96375 0.56625 0.95625 0.5525 0.90875
0 0.62691797325401 0.9920334865361486 0.6296185921524264 0.9988523064918701 0.7037848013590527 0.9994858888395859 0.6892051269453506 0.969074841018276
0 0.615 0.94875 0.6225 0.9725 0.67625 0.95875 0.6675 0.935
0 0.59875 0.89625 0.60375 0.92125 0.65375 0.91125 0.64625 0.885
0 0.8844827586206894 0.7620689655172415 0.8913793103448276 0.789655172413793 0.9327586206896552 0.7758620689655171 0.9172413793103448 0.7517241379310344
0 0.9465517241379311 0.743103448275862 0.9586206896551723 0.7672413793103448 0.9948275862068965 0.7568965517241378 0.9965517241379311 0.7275862068965517
0 0.3275862068965516 0.6586206896551724 0.332758620689655 0.7034482758620689 0.3672413793103448 0.693103448275862 0.36206896551724127 0.65
0 0.3810344827586206 0.6396551724137931 0.3931034482758621 0.6862068965517242 0.43103448275862055 0.6775862068965517 0.41034482758620683 0.6310344827586206
0 0.4275862068965515 0.6241379310344827 0.4465517241379311 0.6586206896551724 0.46551724137931044 0.6465517241379309 0.4517241379310346 0.6086206896551724
0 0.5051724137931033 0.5810344827586207 0.48103448275862076 0.5948275862068965 0.4862068965517241 0.6344827586206896 0.5189655172413792 0.6068965517241378
0 0.5465517241379311 0.5620689655172414 0.5568965517241378 0.5896551724137931 0.603448275862069 0.5603448275862069 0.596551724137931 0.5465517241379311
0 0.6224137931034481 0.5086206896551724 0.6310344827586205 0.5379310344827586 0.679310344827586 0.5051724137931034 0.6637931034482757 0.4793103448275863
0 0.5293103448275863 0.5120689655172413 0.5413793103448277 0.5362068965517242 0.5827586206896552 0.5224137931034483 0.5672413793103448 0.496551724137931
0 0.5948275862068965 0.46896551724137936 0.6068965517241378 0.489655172413793 0.6534482758620689 0.4586206896551724 0.6448275862068965 0.4413793103448275
0 0.4482758620689654 0.45517241379310347 0.44137931034482764 0.4948275862068966 0.4810344827586206 0.4965517241379311
0 0.5017241379310348 0.45 0.5224137931034482 0.4862068965517242 0.5517241379310346 0.4724137931034483 0.5310344827586205 0.43965517241379315
0 0.5706896551724139 0.42758620689655175 0.5827586206896551 0.45 0.6344827586206896 0.41379310344827586 0.6241379310344827 0.4051724137931034
0 0.5448275862068965 0.3758620689655172 0.5517241379310345 0.4068965517241379 0.6206896551724136 0.3827586206896552 0.6051724137931034 0.35172413793103446
0 0.5258620689655171 0.32758620689655177 0.5344827586206896 0.35344827586206895 0.5948275862068964 0.32758620689655177 0.5844827586206894 0.30172413793103453
0 0.4030303030303031 0.446969696969697 0.4242424242424242 0.45303030303030306 0.4287878787878788 0.43636363636363634 0.40606060606060607 0.4181818181818182
0 0.46724137931034465 0.4051724137931034 0.4810344827586206 0.43448275862068964 0.5224137931034484 0.4172413793103449 0.5155172413793103 0.38793103448275856
0 0.4448275862068966 0.3586206896551724 0.45517241379310347 0.3844827586206897 0.49999999999999983 0.36896551724137927 0.49310344827586194 0.3396551724137931
0 0.5120689655172413 0.27586206896551724 0.5241379310344827 0.3017241379310345 0.5706896551724135 0.2862068965517241 0.5586206896551722 0.25862068965517243
0 0.4327586206896551 0.3051724137931034 0.43275862068965515 0.33448275862068966 0.4827586206896551 0.3155172413793103 0.4706896551724137 0.28448275862068967
0 0.061904761904761824 0.19285714285714284 0.05952380952380945 0.2095238095238095 0.09047619047619043 0.2119047619047619 0.09285714285714292 0.19285714285714284
0 0.4272727272727274 0.5484848484848486 0.3939393939393939 0.55 0.393939393939394 0.5636363636363637 0.4348484848484848 0.5545454545454546
0 0.1136363636363637 0.1575757575757576 0.06515151515151514 0.15454545454545457 0.06212121212121208 0.17121212121212118 0.10454545454545454 0.16969696969696968
0 0.025057687951056097 0.012513003251625356 0.05530588361202041 0.01848811837550035 0.04896687202706871 0.09261499088562773 0.012200709297721933 0.09324855583201569
0 0.003960046468971257 0.1166903892430582 0.024244813898567984 0.11669038924305822 0.01473631393170264 0.18258095225279802 0.0007905232659332518 0.18194736990508226
0 0.4934247914901321 0.21047084116643583 0.5041065458027506 0.23763569969775314 0.561791359709627 0.2160945611258745 0.5522828945638861 0.18568353070589239
0 0.4380878742632255 0.9327031835299807 0.47494719697534593 0.9690748410182759 0.4895268713890484 0.9633727739021123 0.4724115923413653 0.9076192326332517 0.4483233831396731 0.9139548646958033 0.4483233831396731 0.9247254513830705
0 0.5248013940414709 0.9846171986603777 0.5858795689113192 0.9728762306966037 0.5953880340570602 0.9988523064918701 0.5243913132323473 1
0 0.066702996791924 0.016506389030886665 0.10411611612108886 0.016554809097577762 0.0908042440243768 0.09194881150048104 0.06227877894490508 0.09384949763898096