0 0.5119617919921875 0.4044670124053955 0.6178195414390559 0.4093886350522487 0.6072635254267928 0.4726912148233255 0.5000364813703644 0.43215534738832817
0 0.4429617919921875 0.44596701240539555 0.4739241637718273 0.46658306728146676 0.5033699440484746 0.40272519998373185 0.49059159923817236 0.3438648975488489 0.46336814775956436 0.346086040029791 0.4505898029492621 0.3749608999077292
0 0.49946179199218754 0.4424670124053955 0.5672617291378826 0.47213592729666737 0.5505942936715377 0.5104506446250321 0.48725813656006217 0.48657335723563633
0 0.4844801797840904 0.5021213774793025 0.541704978479381 0.5237775147620657 0.520592946454855 0.5687556671589473 0.47059070109371715 0.5465442270981451
0 0.5824617919921875 0.4844670124053955 0.651709918273884 0.5082295250211613 0.5989297771746719 0.6231736922576365 0.5333712912651571 0.5970752547616082
0 0.5244617919921876 0.6074670124053955 0.593929552638558 0.6386073423960428 0.5328157243251218 0.7557726597391504 0.4417004877571056 0.7130156574489015
0 0.3719617919921875 0.6799670124053955 0.4266998141487642 0.6974676372052353 0.5050367059064782 0.5991820500143618 0.44892304109125847 0.5819681824421019
0 0.15596179199218752 0.6444670124053955 0.20168971002364416 0.6569031848696133 0.16279907813375352 0.7568546346404613 0.10446313029891759 0.7535229399832744
0 0.2149617919921875 0.6579670124053956 0.26558146459410376 0.6718959175866215 0.22335737002610295 0.7724026548841276 0.1727995272059811 0.7574099374185004
0 0.2744617919921875 0.6739670124053956 0.3322511454215865 0.6902203449608166 0.28724912459656254 0.7962799422735233 0.2305798928413073 0.7768449245946311
0 0.34614065463090826 0.6946626299227009 0.41281030493944243 0.7152082074035286 0.3661415527753634 0.8184913823343255 0.30169420074591974 0.8018327870373431
0 0.42496179199218753 0.7189670124053955 0.5283710667290434 0.7668497796175463 0.494480628856318 0.8362605221818626 0.38780918225887356 0.7962799422735233
0 0.3044617919921875 0.8399670124053955 0.3450294902318886 0.8479215144875409 0.32891765222452773 0.9256615547003484 0.28613796019754295 0.9173322570518573
0 0.3579617919921876 0.8549670124053955 0.4394781589590664 0.8679118044417106 0.40836567786231276 0.9101135344566823 0.3705862103714416 0.891233819555829 0.3539187749050967 0.9312143994641682 0.33836253435671976 0.9267721297536647
0 0.2524617919921875 0.8224670124053955 0.2922493491326763 0.8334840997999526 0.2755819136663313 0.9134452596166309 0.2266908327042131 0.9012289645329136
0 0.19246179199218752 0.7889670124053956 0.24002477497349936 0.8123832347924668 0.2172459810909696 0.8990078144262813 0.12946425297948647 0.877351677143518
0 0.7559617919921875 0.8454670124053955 0.7983831916791874 0.8567489298614412 0.7872716087268888 0.9045035198916135 0.7944941620610417 0.9267149599524157 0.771715368178512 0.9256043848990992
0 0.8094617919921875 0.8629670124053955 0.8687747169691187 0.8734075099070427 0.8526629094807064 0.9428182524713593 0.8065496937377143 0.9322678047162353
0 0.8898017919921315 0.8809670124053954 0.9565564908590248 0.8961742222431224 0.9387778604747118 0.9650296620293995 0.873219374565197 0.9489263695104561
0 0.7823017919921316 0.9549670124053955 0.8521073425406712 0.9722483846245745 0.8509961476227028 1 0.7948825438453804 1
0 0.8659968212310443 0.9739142319531682 0.9326665020585269 0.9933492496320604 0.9315553681784559 1 0.8632189254929696 1
0 0.9658017919921315 0.8979670124053954 1 0.9067246699982461 0.9987806159459741 0.9805776822730659 0.9504450714049429 0.9689166594646257
0 0.9098017919921315 0.8544670124053956 0.9376667265946407 0.8606359272966674 0.9998917498260451 0.7690137599229296 0.9876689719557785 0.7623503401057937
0 0.8203017919921315 0.6379670124053956 0.8398845646704044 0.623586040029791 0.9843355092776684 0.7246480648539553 0.9710015364894337 0.7440830672814669
0 0.7963017919921315 0.6679670124053955 0.9432225180707902 0.774011332411472 0.962112282335174 0.7573527676172513 0.810438784393757 0.6462955901903118
0 0.7873017919921316 0.6784670124053954 0.9376667265946407 0.7823406300599633 0.9248883817843384 0.7989991948541842 0.7682146593068078 0.709598177587079
0 0.7618017919921314 0.7214670124053956 0.9143323657720757 0.8084390675559916 0.9048874836398835 0.8239870572968961 0.7482137611623526 0.7573527676172515
0 0.7458017919921315 0.7694670124053955 0.894887034567656 0.8312057798920711 0.8854421524354638 0.8473090724110145 0.7615476729126902 0.8217659224416444 0.7476581942223172 0.8045520548693845
0 0.8498017919921316 0.6144670124053956 0.9915580626118212 0.7146529198768704 1 0.7063236374797601 0.9982249879680414 0.6863333475255905 0.8704414788271224 0.5958217475794787
0 0.8808017919921315 0.5889670124053956 0.9993361828860097 0.6757829150218477 0.9987806159459741 0.6402446200753927 0.899331692163734 0.5713891726634249
0 0.9118017919921314 0.5629670124053956 0.931555368178456 0.5469565939345258 1 0.5936006050985366 1 0.6302494750983079
0 0.9603017919921315 0.5249670124053956 1 0.5570089049000145 1 0.584217917449359 0.9404446223327154 0.5397950525791356
0 0.9704459695493981 0.5192494750983079 0.9993361828860096 0.537573902472503 0.9982249879680416 0.5075884675412486 0.9898913007538177 0.49870389761748013
0 0.9518017919921314 0.8644670124053956 0.9815576135395938 0.8711863598004104 0.9993361828860096 0.8306504923654129 0.9998917498260453 0.7873382025485057
0 0.8698859118870871 0.003674767479988894 0.9715571644673662 0.009782915021847591 0.9560008628810922 0.04643178502161879 0.869885911887087 0.038102487373127554
0 0.9803017919921315 0.020967012405395523 1 0.036436640044534015 0.9982249879680416 0.06808792230438197 0.9676680738113232 0.04643178502161879
0 0.9593017919921314 0.0699670124053955 0.995447092229967 0.08863351503659062 0.9804464186216256 0.11584249708317343 0.9471116087268328 0.10251565744890154