0 0.15546179199218751 0.45946701240539556 0.2055787701607384 0.43548705729689613 0.21946827937006014 0.46769364233478306 0.16613257133081225 0.4921262325022178
0 0.1384617919921875 0.4219670124053955 0.18335557373719275 0.40328048751039 0.2005785456246246 0.42882363747976016 0.15113188246299664 0.4543667874491302
0 0.12496179199218752 0.3959670124053955 0.13390889531609043 0.4154967673427265 0.21057899469685218 0.3821796225029041 0.19335602280942027 0.3510836125183334 0.1366867910541651 0.3794031848696134
0 0.2164617919921875 0.3099670124053955 0.23057989284130728 0.3516389000449916 0.28613796019754295 0.3272063251289377 0.2650258976540682 0.2855598826406241
0 0.2829617919921875 0.2919670124053955 0.3005830668658488 0.3410884675412486 0.32225069634935893 0.33053803503750573 0.3066944252820335 0.2827834526330238
0 0.30496179199218754 0.34296701240539545 0.3200283675513198 0.381624334976246 0.34002926569577496 0.3749608999077292 0.3205839650103039 0.3327591775184478
0 0.3414617919921875 0.3534670124053955 0.3478073859699633 0.371073902472503 0.3878091822588736 0.3527494750983079 0.37836433064563013 0.3344250400984222
0 0.4084617919921875 0.3569670124053955 0.4600346850814542 0.33164861009082197 0.46892393923571357 0.34886247766308176 0.41392146933846197 0.3827349100295622
0 0.39196179199218745 0.3249670124053955 0.4061433490642736 0.356636472533534 0.45892349016348605 0.3288721800832217 0.4478119072111874 0.30443960516716784
0 0.4184617919921875 0.5814670124053956 0.4422561157350382 0.6408570774032999 0.47947995524797654 0.6247537848843564 0.4439228165551446 0.5608959175866215
0 0.44596179199218755 0.6444670124053955 0.47892438830794115 0.630306644899557 0.513370393120702 0.6991620846858343 0.47614649256986646 0.7208182524713591
0 0.4809617919921875 0.7244670124053956 0.5172594837767448 0.7091000598616699 0.5544833843275804 0.7840636471898059 0.5161482888587767 0.8007222424867885
0 0.5249617919921875 0.8084670124053956 0.5567056520877225 0.7935035198916135 0.5900405230204124 0.859027234517942 0.5578168470056906 0.8756858298149246
0 0.6155972126410169 0.9117222424867885 0.6544878750498561 0.9761353820598007 0.6233753329152052 0.9961256720139703 0.5822624027462239 0.9339336520448289
0 0.6779617919921875 0.8004670124053956 0.7561590665922379 0.7635180849603591 0.7756043977966577 0.7968352145488005 0.69948989587488 0.834594674853269
0 0.7014617919921875 0.8404670124053957 0.7761599647366931 0.802388089815382 0.7906050714049989 0.8295971023647266 0.7172684652212961 0.8767964048682408
0 0.7254617919921875 0.8824670124053955 0.793938534083109 0.8390369445637724 0.8139394322275642 0.8779069494187953 0.7378249303057867 0.9162216819985409
0 0.7454617919921875 0.9244670124053956 0.8206064186216817 0.8784622521968342 0.835607092230023 0.90233953958623 0.757270261510206 0.9584234120135128
0 0.8034617919921875 0.8324670124053956 0.8400517498261013 0.8101620846858342 0.8756088885189333 0.873464679708292 0.8394961828860658 0.8978972698757266
0 0.7619617919921875 0.7374670124053955 0.7956052959411128 0.7190952048387548 0.8361626591700585 0.7962799422735233 0.8039389831553366 0.820157229662919
0 0.6599617919921874 0.7569670124053955 0.7328247057696728 0.7235374898006391 0.7544923657721315 0.7551887873118679 0.675599907074382 0.7935035198916135
0 0.5274617919921876 0.4789670124053956 0.5744842824720355 0.439288307655939 0.5850402984842986 0.4553916001748825 0.6183751083790914 0.4459517389116106 0.6222641990351343 0.464276170098651 0.5355936200631963 0.4925957500756214
0 0.5409617919921875 0.49596701240539554 0.6267087955933153 0.46871845506053533 0.6355981107854718 0.49592746760987977 0.547816397933463 0.5209153224269013
0 0.5528166224695769 0.5253576226401665 0.6361536777255072 0.49814861009082195 0.648376455595774 0.52702346996876 0.5611503096838006 0.5558983450980791
0 0.5619617919921875 0.5594670124053955 0.6478208886557385 0.5314657549306443 0.6600436665260054 0.5564536173733563 0.5733730875540674 0.5897707774645596
0 0.5779617919921876 0.5939670124053955 0.6561545758699626 0.5631170524418732 0.6694885486581973 0.5881049148845852 0.5861514323643696 0.6219773625024466
0 0.5924617919921875 0.6269670124053955 0.6717108164183392 0.5931024873731274 0.6872671180046133 0.6175350622891814 0.602263300890679 0.6558497796175462
0 0.6083746593068639 0.6580709297241788 0.6878226849446488 0.6219773625024466 0.6989342678969472 0.6475205124718169 0.6167083465210877 0.6825035198916134
0 0.6249617919921875 0.6869670124053955 0.7011565966949864 0.6530733572356362 0.7139349415052887 0.6780612196783483 0.633931348927468 0.7135995298761842
0 0.6400427683815502 0.7185971023647266 0.7189351660414025 0.6836140949449299 0.7356026015077473 0.7169312245333712 0.6528211131918523 0.7519142319531682
0 0.7149617919921875 0.6499670124053956 0.7533811708541633 0.6330830672814668 0.7894939375249281 0.7119336520448288 0.7583813953902773 0.7330345170523148
0 0.4754617919921876 0.30646701240539553 0.513370393120702 0.28833631264822435 0.5267043048710396 0.3277616050299054 0.4928139280362114 0.35163890004499154
0 0.5224617919921876 0.2859670124053955 0.5650394003398435 0.26612487640026744 0.5750398494120711 0.30610546012145184 0.5344824251452283 0.32942746760987984
0 0.49446179199218754 0.3569670124053955 0.5294822006091144 0.3355356075260481 0.5439273072774202 0.38051375992292974 0.5128148261806665 0.40328048751039
0 0.5394617919921876 0.3329670124053955 0.5761509832921421 0.3111030326099942 0.5889293281024441 0.3427543224955326 0.5505942936715377 0.37051861494584487
0 0.5114617919921876 0.4094670124053955 0.5450385021953883 0.3860666199381302 0.5605947427437653 0.4227154899379015 0.5255931709909689 0.45492207497578846
0 0.5519617919921875 0.3799670124053955 0.5872626272823377 0.349417749938359 0.6017076729127464 0.3871771949914465 0.5650394003398435 0.41827320497601717
0 0.5959617919921876 0.3414670124053955 0.6350425438454365 0.31721118015185296 0.6467096937377704 0.34830719013642364 0.6078190923668283 0.37940318486961344
0 0.5859617919921876 0.2934670124053955 0.6205974371771305 0.27334359518259715 0.6344869769054009 0.3099924575566779 0.6028188678307145 0.33053803503750573
0 0.5574617919921875 0.1829670124053955 0.5828179696862594 0.17514375506790678 0.6072635254267928 0.24622034496081668 0.5750398494120711 0.24622034496081668
0 0.5314617919921875 0.10896701240539551 0.5600391758037297 0.10295659393452582 0.5811512078282558 0.16848031999938995 0.5500387267315022 0.17347790011362277
0 0.5050367059064781 0.038629189999161186 0.5344824251452281 0.0291893325487345 0.5533721894096124 0.09304719984646943 0.5283710667290434 0.10415291987687052
0 0.48446179199218753 0 0.5011476152504354 0.03141046740398621 0.5317045294071536 0.021970609953559546 0.5211485133948904 0
0 0.28447122885848786 0.18572277247227426 0.3161393074142256 0.1762829150218476 0.32225069634935893 0.2012707774645596 0.2922493491326763 0.20904477233501184
0 0.29696179199218753 0.2184670124053955 0.33113998102256686 0.20904477233501187 0.33891810129675526 0.2351432098310401 0.30558329140196244 0.24402777975480866
0 0.32046179199218755 0.8379670124053956 0.36947504597242214 0.8151310875251331 0.3989207957301206 0.8623303595258853 0.35058531222698647 0.8895393720752299
0 0.8656084394467056 0.1929700799680738 0.9072769975936196 0.21018393228895266 0.8978321154614275 0.2596043848990994 0.8500521988983288 0.25238566230392445
0 0.8124617919921876 0.23946701240539553 0.8433852125042114 0.2462775147620657 0.8572747522324817 0.18464078231958253 0.8322736295519126 0.17853263477772383
0 0.9128017919922012 0.2079670124053955 0.9637749415053025 0.21684735210608863 0.9582191500291531 0.26682310749427435 0.8998832174537915 0.2601596571743767
0 0.9683017919922015 0.21896701240539554 1 0.2229554996479473 1 0.2762629496933202 0.9654417033633059 0.2690442270981451
0 0.6163017919922013 0.39796701240539556 0.652094288927193 0.3666030326099942 0.6804289048048208 0.444343057571421 0.6420938398549657 0.4626674849456161
0 0.6468017919922013 0.47396701240539557 0.6798733378647853 0.4582251999837319 0.7087634901634998 0.5359652096937776 0.674317485350739 0.5498473521060886
0 0.6748731133286715 0.5598424970831735 0.7109858189615389 0.5454050823955852 0.7487652864524099 0.6253662422122637 0.7109858189615389 0.6453565321664333
0 0 0.9669670124053955 0.021966034008922372 0.9568298295403995 0 0.9229573971739191
0 0.037461791992187514 0.8124670124053955 0.0703015480310051 0.7946863598004102 0.07141271243002469 0.8602101049295005 0.03585557373719275 0.8779792447770376
0 0.039744633874286936 0.8874190869760832 0.07085714548998918 0.8629865273114103 0.09863616390863267 0.9157386745787442 0.06419015909587172 0.9368395395862301
0 0.07252387682904425 0.7880229399832743 0.1103033443199153 0.7619245024872461 0.12085939085112696 0.7841359272966674 0.10085849270667183 0.793575784747094 0.10085849270667183 0.8057920798308114 0.12141495779116245 0.8052368075555342 0.13197100432237402 0.8280035198916136 0.08363549030029137 0.854657229662919
0 0.0909617919921875 0.8619670124053955 0.13530446700048418 0.8457726597391505 0.15586096260392338 0.8874190869760834 0.11530356885602908 0.9107411020902018
0 0.12596179199218752 0.9294670124053955 0.1630835159380763 0.9029671072197496 0.18641787676064156 0.9473899873413538 0.14308258727467263 0.9707119719527105
0 0.06946179199218751 0.9404670124053957 0.09919173084866818 0.9229573971739191 0.1303042424643704 0.9807071169297954 0.09696943256957763 0.9934786842887899
0 0.1009617919921875 0.9994670124053955 0.13141540686338998 0.9850636471898059 0.14419375167369222 1
0 0.14846179199218754 0.9749670124053955 0.18697347421962565 0.9523017898766417 0.21919711971539882 1 0.15697212700294294 0.9989457896021168
0 0.43496179199218754 0.9989670124053955 0.4692083465210877 0.9728473521060885 0.48809811078547183 1
0 0.49096179199218754 0.6284670124053955 0.5103213377279661 0.660919647464331 0.529211040954453 0.6492586399072715 0.5158771292041154 0.6181626299227009
0 0.5254617919921876 0.6144670124053956 0.5336556985505314 0.6409293575101613 0.5642126737451466 0.6342659224416444 0.5536565966949863 0.6098333475255906
0 0.5444617919921876 0.6474670124053955 0.5681017033632922 0.6381529198768705 0.5864358396497438 0.6814652096937778 0.5569901204109938 0.6920156574489016
0 0.5104617919921876 0.6674670124053955 0.529211040954453 0.6581432098310401 0.5414338188247199 0.6603643599376727 0.5547677916129546 0.689794507342269 0.5253220113363075 0.6970132299374439
0 0.5694617919921875 0.7054670124053954 0.5736574948394416 0.7247775147620658 0.6142149191062845 0.710895372349755 0.6014365132580852 0.6875733572356363