0 0.04264705882352938 0.07794117647058829 0.016176470588235303 0.19411764705882348 0.029411764705882356 0.19117647058823528 0.0558823529411765 0.08529411764705877
0 0.10961538461538467 0.04038461538461538 0.15384615384615394 0.05 0.16346153846153855 0.013461538461538459 0.11923076923076933 0.011538461538461532
0 0.18846153846153846 0.06153846153846155 0.22884615384615395 0.07307692307692307 0.2384615384615385 0.023076923076923085 0.19615384615384626 0.01730769230769231
0 0.275 0.030769230769230774 0.26153846153846155 0.0826923076923077 0.3057692307692308 0.08846153846153845 0.31346153846153846 0.04230769230769232
0 0.3365384615384616 0.10192307692307692 0.38076923076923075 0.1096153846153846 0.39038461538461533 0.05961538461538463 0.3461538461538462 0.04807692307692309
0 0.37794117647058817 0.2794117647058824 0.3926470588235293 0.28235294117647064 0.4176470588235294 0.1661764705882353 0.4044117647058823 0.1661764705882353
0 0.4173076923076923 0.125 0.47307692307692306 0.14615384615384613 0.45769230769230773 0.09807692307692306 0.42692307692307696 0.07884615384615383
0 0.030769230769230802 0.007692307692307692 0.026923076923076935 0.025 0.06923076923076926 0.02884615384615385 0.07307692307692308 0.00961538461538463
0 0.06764705882352942 0.20147058823529412 0.0779411764705882 0.20882352941176474 0.10588235294117641 0.08970588235294122 0.09264705882352942 0.08970588235294129
0 0.10588235294117647 0.21176470588235285 0.11764705882352938 0.21470588235294122 0.1441176470588235 0.10147058823529413 0.1338235294117647 0.10147058823529413
0 0.1705882352941176 0.11029411764705883 0.14705882352941174 0.22352941176470587 0.15588235294117644 0.22647058823529412 0.1823529411764706 0.10882352941176464
0 0.18235294117647058 0.23088235294117643 0.19411764705882356 0.2308823529411765 0.22205882352941167 0.12647058823529422 0.21029411764705874 0.12352941176470587
0 0.22058823529411753 0.2411764705882353 0.23529411764705885 0.24264705882352947 0.2588235294117648 0.1338235294117647 0.2485294117647058 0.1294117647058823
0 0.27352941176470585 0.2514705882352942 0.30000000000000004 0.13970588235294115 0.28970588235294115 0.13823529411764698 0.263235294117647 0.25
0 0.2999999999999999 0.2558823529411764 0.3117647058823529 0.2602941176470588 0.3411764705882353 0.1514705882352941 0.32794117647058824 0.1455882352941176
0 0.3411764705882353 0.2720588235294118 0.35147058823529415 0.27205882352941185 0.3764705882352941 0.16029411764705892 0.36617647058823527 0.15882352941176478
0 0.42058823529411754 0.286764705882353 0.4323529411764706 0.2897058823529411 0.45588235294117646 0.17647058823529413 0.44558823529411756 0.1705882352941176
0 0.4588235294117647 0.29117647058823526 0.4735294117647059 0.29411764705882343 0.4911764705882354 0.20147058823529407 0.4794117647058825 0.19411764705882356
0 0.4985294117647058 0.30294117647058827 0.511764705882353 0.3058823529411765 0.5323529411764706 0.20588235294117646 0.5191176470588236 0.20588235294117638
0 0.5602941176470587 0.2191176470588236 0.5367647058823529 0.3147058823529412 0.5529411764705882 0.3220588235294119 0.575 0.22352941176470595
0 0.575 0.33235294117647063 0.6 0.3294117647058823 0.614705882352941 0.2632352941176471 0.5955882352941176 0.24558823529411758
0 0.6397058823529411 0.2985294117647058 0.6294117647058823 0.3485294117647059 0.6720588235294117 0.35588235294117654 0.6720588235294117 0.32352941176470595
0 0.02205882352941174 0.23235294117647057 0.008823529411764675 0.2617647058823529 0.03970588235294119 0.27058823529411774 0.0441176470588235 0.23235294117647057
0 0.06323529411764701 0.2808823529411766 0.0882352941176471 0.28382352941176464 0.09558823529411763 0.24558823529411763 0.075 0.2426470588235295
0 0.4225554217529367 0.3220235203552352 0.43863896026578303 0.32522175567268996 0.43974960336626134 0.4078481942071939 0.40309947918702577 0.503813434135318 0.3860701877171613 0.503813434135318
0 0.3965554217529367 0.3155235203552352 0.41346515608436457 0.31781130578969313 0.38162773733042016 0.49751458856168895 0.36200696562863505 0.49417989393767536
0 0.37805542175293666 0.3115235203552352 0.3931039963206513 0.31262399583273465 0.3549730960175593 0.490845184048618 0.3368331004396306 0.4863989194615852
0 0.3511354217529297 0.3025735203552351 0.37629682808923465 0.3071366722331497 0.33298308933747334 0.486028375787187 0.31188148050424586 0.47861792972045114
0 0.32813542175292965 0.2970735203552351 0.34742102259058905 0.30083778849691106 0.30706889709412655 0.4768358138891902 0.28300567500560037 0.4723895645672013
0 0.3001354217529297 0.2915735203552351 0.323727994533027 0.2960210031330459 0.2807844498122298 0.4675727868358582 0.25783187082418174 0.463497020128092
0 0.2751354217529297 0.2855735203552351 0.2952223830653455 0.28824002865695575 0.25487025756888293 0.46164440861140804 0.23154742354228497 0.4560865740613562
0 0.2536354217529297 0.2800735203552351 0.2707889669458551 0.28268219410690376 0.23006664741842844 0.4553455477727351 0.20896506908899407 0.448676158524708
0 0.23063542175292967 0.2740735203552351 0.24931716408166366 0.27712436337311286 0.20341200610556762 0.44534144863565056 0.181940233745169 0.4412656819278844
0 0.20713542175292965 0.2686435203552246 0.22414335990024503 0.27260996320908293 0.17749778335842792 0.4383015157132252 0.1571366235947146 0.43348472271683813
0 0.16463542175292972 0.25614352035522464 0.20008019881930475 0.2644584908537261 0.18490184700046786 0.3211483757871764 0.1504729785183959 0.3122558466131109
0 0.12647058823529414 0.2544117647058824 0.11617647058823528 0.2941176470588236 0.14117647058823532 0.30000000000000004 0.1455882352941176 0.263235294117647
0 0.5746354217529297 0.3596435203552246 0.680164851234316 0.38388683854808847 0.6823860764276867 0.41464017751300714 0.5698443456732313 0.3864804916184372
0 0.5661354217529297 0.3986435203552246 0.6812754638310013 0.42390323509642697 0.6764628194132959 0.45354500409832654 0.5591084442411356 0.42797897127410545
0 0.5561354217529297 0.43664352035522463 0.6742415942199256 0.4628080769467902 0.6712799809646267 0.49282038962308794 0.5505937985062033 0.46095545016506234
0 0.5471354217529297 0.47114352035522455 0.668318367709328 0.5031166564039642 0.6616546921292162 0.5312763270334903 0.541708928236514 0.49607675401162654
0 0.5366354217529297 0.5076435203552246 0.6538804344562122 0.5363853182037566 0.6464763708141722 0.5663976156150105 0.5272709949833982 0.53008644210004
0 0.4961354217529297 0.5666435203552246 0.610936889735415 0.6081099632090828 0.6039030506281321 0.6340465244426584 0.4872890635178998 0.5888428217536223
0 0.5246354217529298 0.5421435203552246 0.6398127257378534 0.5737297314462713 0.6298172428714789 0.6052241272298987 0.5172755121170236 0.5629845907555218
0 0.7371354217529297 0.7221435203552247 0.7786388427666197 0.7198510200277916 0.7764176175732491 0.7858039778097056 0.7342144914181731 0.7835808531487112
0 0.7851354217529297 0.7181435203552247 0.8293567061680068 0.7113290039980366 0.8437945784135366 0.7283730207925028 0.8434244453901585 0.7832103094743129 0.784562130284803 0.7839513510279779
0 0.8406354217529298 0.7101435203552247 0.8523093461636406 0.7102174340350175 0.8878488272423979 0.7457875659963232 0.9270903096383821 0.7465286075499882 0.9278307587078964 0.779505086440945 0.8560112864732818 0.7809871695482746 0.8552708984113536 0.7268909376851731
0 0.8176354217529297 0.5696435203552247 0.849347671900756 0.5839476985217601 0.7912257448573289 0.6817655499665682 0.7419887490911771 0.6854707729999361
0 0.7026354217529297 0.6921435203552246 0.7327336847905237 0.6925107059223614 0.8130677417524846 0.5676447385460027 0.7938171640816637 0.5591227225162477 0.7364357166115437 0.6217409704091043
0 0.8501354217529297 0.5901435203552247 0.8959932179387802 0.6076611350943412 0.8567517355427958 0.6732435644669009 0.8004808396617753 0.6776898290539336
0 0.8156354217529298 0.5286435203552247 0.8486072228312419 0.548242059387613 0.9170948267720075 0.4293044091755288 0.892291277629139 0.3996626401736292
0 0.7741354217529297 0.43264352035522463 0.8371309638410108 0.4316058793370421 0.7901151627644367 0.5346110369225476 0.7693838089697593 0.5242364093761087
0 0.8581354217529298 0.5491435203552246 0.8959932179387801 0.5689129537149281 0.953004501881729 0.47220667223313917 0.9241286963830834 0.43774809496980877
0 0.027635421752929688 0.5456435203552246 0.11049104705289743 0.5692204670911591 0.08790866209581356 0.6551816307797644 0.042373667646888755 0.6425838633072871 0.03867166632966171 0.574778301641211
0 0.11463542175292969 0.5736435203552247 0.18416145893853966 0.5929339036637402 0.1630598806091051 0.6770424253055738 0.09346169457544708 0.658516325403778
0 0.19063542175292966 0.5951435203552247 0.26338490330381525 0.6129421019379094 0.2389514871843249 0.7003853182037567 0.16787252502681035 0.6807476483389416
0 0.2696354217529297 0.6121435203552247 0.3540846371631149 0.6366555003478809 0.3359447025927721 0.6966800951703886 0.2485767760197355 0.6974211367240535
0 0.06313542175292967 0.3171435203552246 0.10604859666615632 0.3284021690154841 0.078283403764196 0.42362635975742147 0.038301472298697625 0.41325174747602633
0 0.012635421752929688 0.3046435203552246 0.05570098830331918 0.31506336762186393 0.02978676555617948 0.41251070592236155 0 0.40287711992958736 0.0012811540884980132 0.3413704419997499
0 0.11113542175292969 0.3316435203552246 0.15972804281904932 0.34396409507009873 0.13011181875468256 0.4384472518908931 0.0838364362438295 0.4288136811631629
0 0.3925554217529367 0.6516435203552245 0.46492340754767997 0.6702767965619231 0.45788953793660403 0.7236319945038818 0.3938444453901653 0.7199267562054699 0.35423264694804524 0.6962133348979327
0 0.0001354217529296875 0.8056435203552246 0.06795717744182167 0.8121360783759225 0.06462537015555872 0.8399252358611381 0 0.8295506235797432
0 0.9381354217529296 0.3316435203552246 1 0.3519380028008248 1 0.41196258999081065 0.9784560043179504 0.43419391292597437 0.9769752281940939 0.38973126705564703 0.9366230721938384 0.3493443344654322
0 0.9111354217529296 0.36814352035522463 0.9306998151794478 0.3493443344654322 0.9743838089697593 0.3923249048609519 0.9647585201343486 0.4282655499665682
0 0.9591354217529298 0.47614352035522456 0.9980767760197355 0.5173264328378057 0.9573544564923089 0.5984707729999361 0.9029345917736947 0.5751278953667971
0 0.9961354217529297 0.5316435203552247 0.9610564883133287 0.5999528713723096 0.9943747747025086 0.6184789712741054 1 0.6040286075499881 1 0.5280715658960332
0 0.8706354217529296 0.6896435203552247 0.9640181015686276 0.6979845907555219 0.9795666474184285 0.7050245084129034 0.9951151627644366 0.6994666891278953 1 0.6927972998798682 1 0.660561862542576 0.9825282606737273 0.6512987896941123
0 0.9046354217529298 0.6096435203552246 0.9766050341631296 0.646482011962769 0.8603612410838616 0.6853868385480886
0 0.7196354217529297 0.9991435203552246 0.7211197586878773 0.9775987395112938 0.7762799809646266 0.9757461585246975 0.7781309816232402 1
0 0.6491354217529297 0.9981435203552246 0.6518917666851833 0.9850091855780296 0.6985373432270005 0.990937533272392 0.6970565365993511 1