0 0.0016354217529296732 0.8546435203552246 0.022336436243829496 0.8916939129259746 0.001605051945359115 0.9087379297204408
0 0.0004944393486738718 0.9165189194615746 0.02566824353009243 0.9020685404724134 0.05232288484295333 0.9372681440243649 0 0.9709856797340305
0 0.05513542175292969 0.9421435203552246 0.08675175332502529 0.9865475981561233 0.06379917433697732 1 0 1 0 0.9713561928783411
0 0.03563542175292969 0.8856435203552248 0.0526930788739174 0.8713151862424509 0.11414678269981443 0.9713561928783409 0.09193459177369463 0.9813602920154255
0 0.10081946204338398 0.9879513510279777 0.11710839595511315 0.981652474924261 0.1322867477739501 0.9998080769467902 0.10637252502681037 1
0 0.1701354217529297 0.4586435203552246 0.21188038617018976 0.44880548288899363 0.23113096384101076 0.4947502576617822 0.18929800121310594 0.5095711040001223
0 0.15783074598633276 0.4210163254037779 0.1911490323755124 0.41360587933704207 0.20521671059007815 0.4406539952685929 0.1693070354803568 0.45251070592236153
0 0.14746506908899412 0.3791473097062335 0.17671109912239666 0.37210739968137396 0.18892780718214186 0.4073069879682816 0.15560952079296222 0.4113827394110038
0 0.10489171839916094 0.3157880202597122 0.15709032742061152 0.29800295809532024 0.16893684144939264 0.3228279379170937 0.11673820192414906 0.34024248312091415
0 0.1359887490911771 0.3369077884969006 0.16412419703168737 0.3276447385460027 0.17560051702950424 0.3602506813950834 0.1474650690889941 0.36988426738785757
0 0.17634090509143255 0.29318616509893314 0.21373141733259637 0.28948094206556524 0.2185440617503016 0.3546928468450316 0.19003838927503425 0.3632148705073085
0 0.2000338721414088 0.3661790367219677 0.23150115787197495 0.36469694598211616 0.23409263810389544 0.38248201196276904 0.19596167679321766 0.38766933336851056 0.19374045159984704 0.37803573974321447
0 0.20410612849718582 0.40352344996448236 0.22927993267860441 0.4642891016056989 0.2700022522060309 0.4531734325055951 0.24964115344990354 0.4187148705073085
0 0.2352032201967878 0.47281108710536623 0.26296844360254107 0.5235726243444542 0.29554631142599946 0.49837711992958733 0.2696321191826528 0.45687864027391917
0 0.27163542175292965 0.5346435203552247 0.2907336670082943 0.5758162904860032 0.3399706322706531 0.5446924231117304 0.31553721615116287 0.4946718968962195
0 0.28258915429674025 0.7222297314462713 0.3028706872367126 0.7129666891278954 0.33507836102920696 0.7666924231117304 0.31323636413405126 0.778549103235411
0 0.32046542175288784 0.6261435203552247 0.3306359106424658 0.65887044199975 0.3954214827622116 0.6870301278943198 0.4113401921391839 0.6707271679185624 0.37283909780512764 0.607367870839519
0 0.4279654217528879 0.6706435203552246 0.45243270569757454 0.7092614660945274 0.47538534569320845 0.6966636986220501 0.44836051034938346 0.6518305319748903
0 0.37061787261175716 0.5737286653653284 0.4061573536905144 0.6456099632090829 0.4294801877171125 0.6300480447869902 0.3909790323754705 0.5618719699766037
0 0.2958368481294297 0.5766928468450315 0.3424824246712469 0.5481626401736291 0.3713582606736854 0.6041114988184586 0.31582778335838596 0.6211555003478808
0 0.22586846806480756 0.6152271679185624 0.26696098162319837 0.5663182345636365 0.3132363641340513 0.6474625899908106
0 0.3399654217528878 0.5111435203552247 0.365805228194052 0.5667670703109 0.389128001213064 0.552687234996137 0.36136277780731085 0.49451525169031313
0 0.32446542175288784 0.48714352035522457 0.33470816699824285 0.5043054828889936 0.3680264533874225 0.48059206158145634 0.3546991327309921 0.45539655716658956
0 0.4094891609767774 0.42167903672196777 0.42836954461663423 0.4609543917166414 0.4990783127431846 0.42093800280082483 0.4702024462369531 0.37091749185035783
0 0.43146542175288777 0.4641435203552246 0.44984128647323984 0.4980066067852769 0.5236652215140009 0.46021333489793276 0.5025636126807735 0.42279059905246497
0 0.28303321415528937 0.0383663428626653 0.2948797586878633 0.08023536619273161 0.3404146921292023 0.06541445879421609 0.3311596278285488 0.019099201407204697
0 0.29562011624599865 0.08542265706838535 0.34337633588829397 0.06874916868327352 0.3518909816232263 0.11210025985562563 0.30783682430574383 0.12469801206305908
0 0.3119090501577279 0.13359054123712455 0.3552228194132821 0.12247487213702075 0.3655884963106209 0.15878604565199134 0.320053532365489 0.1724953678224439
0 0.3259767893798795 0.17916475707047108 0.3700309466973619 0.16397338232277664 0.38002642956373656 0.20398977887111516 0.3322702404252341 0.21695804422285905
0 0.3755839791769954 0.008354053083933319 0.3878006872367406 0.0468883588924203 0.4337058757166295 0.027991730581270177 0.4237103928502549 0 0.3852092680124059 0.0013141354265517923
0 0.39261333165444584 0.053557763405491336 0.4329654571509083 0.03540216901548412 0.4511054222250441 0.07986482251833345 0.4026088145208205 0.09283310313512118
0 0.4063954217529158 0.0996435203552246 0.45295645338745044 0.08542265706838535 0.4607307110604545 0.11210025985562563 0.41223410335623084 0.13025584661311093
0 0.41778713583586435 0.13507262434445416 0.4655433554781597 0.12025174747602632 0.47479838927502027 0.15174615852469753 0.42593161804362545 0.17175435679886683
0 0.43185484455422307 0.17805321763753967 0.4836832900485025 0.15619242311173032 0.4944191609768053 0.20880654133741453 0.44962458509360176 0.22851054123709658
0 0.45591806664274925 0.2333273494985275 0.4977510292706541 0.21554226062030882 0.5121889625237699 0.25037135102794983 0.46739432563298033 0.27556687070786046
0 0.49404896694584116 0.06473973964289648 0.5721618597220174 0.04547259437117491 0.5858593439056191 0.08178376406988455 0.5055252869436582 0.104756136191235
0 0.5088571552375069 0.11179606911366037 0.5873401200294756 0.09697516934766676 0.5877103750680255 0.1232822437255527 0.5232950274830368 0.16403969709259988
0 0.47924083966176134 0.33180958202607824 0.5181121890343675 0.2843827394110038 0.5466178615096348 0.3369968881667758 0.5033040617502877 0.37590171475209516
0 0.5078954217529159 0.3811435203552246 0.5484688316644554 0.34432900399803656 0.5795658623564716 0.40101891946157464 0.5306990911250766 0.4288080769467902
0 0.5818954217529158 0.40764352035522466 0.6102926990175235 0.4543741097710114 0.5588345695693799 0.48253378040053746 0.5321799282565192 0.4343659114968421
0 0.45258619834890046 0.5014876314441855 0.5225545784135227 0.46406488796619577 0.5403243799604872 0.4959298045266556 0.46665393757105206 0.5396514012107962
0 0.4728954217529157 0.5461435203552246 0.5447310054469263 0.504822333700721 0.5625007459863048 0.5396514012107962 0.48994094669734806 0.5763331031351212
0 0.4943054217529019 0.5806435203552246 0.5691643910626237 0.5448387226165375 0.5839725183467034 0.5833730207925027 0.5099319124300972 0.6185726243444541
0 0.5117829130887108 0.6237599457501957 0.5876745806715163 0.5848551191648762 0.6076655464042655 0.6211662926798468 0.5284420715351971 0.6597006213858996
0 0.6250650319050943 0.5970823429629553 0.6728212820511825 0.5711457969944237 0.6998461173950075 0.6185726243444541 0.6498687030631345 0.649696522248815
0 0.5887851627644087 0.5418745411368345 0.6406136082586882 0.5118622437255806 0.6687490867029915 0.5659584908537261 0.6146993550077555 0.5952297314462712
0 0.562500745986305 0.48703726772006817 0.6117377417524568 0.45887757419297626 0.6395029651582099 0.5100096322088966 0.5910063879577793 0.5344640950700987
0 0.6847154217528876 0.7186435203552246 0.7364603861701479 0.6898484336025169 0.7657064467073432 0.7398689216554181 0.7164694204373987 0.7758095820260782
0 0.7207154217528875 0.7781435203552246 0.7638554155449369 0.7554308553425545 0.8042076020489852 0.8228659114968422 0.7568215459338612 0.8484319595861071
0 0.7577154217528878 0.8571435203552247 0.8030969589485071 0.8284237613119377 0.8286410181684755 0.8738287722352531 0.787918637633463 0.8986537482407657
0 0.6632154217528875 0.8185235203552529 0.7053633554781317 0.8197325251071078 0.7175800635378767 0.8467806563037024 0.6846319406758683 0.8656772998798964
0 0.6857425837763464 0.8682709376852012 0.7186906456307692 0.8493743093740512 0.7353498040772554 0.8823507729999643 0.7053633554781317 0.9019884581298231
0 0.7079547747024663 0.9042115827908177 0.737200774232076 0.8856854828890216 0.7542301877171121 0.9145862103372565 0.7275755464042513 0.9342238802020714
0 0.6024468830552939 0.8334418625426041 0.6468712649075334 0.8149157397432427 0.6594581669982428 0.8219556650331461 0.6579773298668004 0.8441869879683097 0.6265100746400271 0.8582668385481166
0 0.5292154217528876 0.8630235203552528 0.5591331137997396 0.8467806563037024 0.5898599809645846 0.8927254005464033 0.5617245330240744 0.9108809873038887
0 0.5672775960075007 0.9186619465149348 0.5935620127856046 0.9012474165761583 0.6239186554156925 0.9427459114968703 0.5931918187546404 0.9623835660966413
0 0.6328035256853818 0.8619720615814846 0.6598283610292068 0.8482627394110319 0.6757471009099718 0.8723466891279236 0.6579773298668001 0.8860559960333322
0 0.5961534320099393 0.7626565740613458 0.6442798151794058 0.7441304894245937 0.6738960697475654 0.7600629209909968 0.6720450690889518 0.7685849522857958 0.6131827844873896 0.7937804261705749
0 0.6975890978051276 0.531685729916849 0.729796710590036 0.5920808531487112 0.7768125116666103 0.49166933336851043
0 0.7417154217528876 0.6026435203552246 0.7571917399648253 0.6265393998819541 0.7819954111228655 0.6117185077484822 0.7849569633705785 0.5061196970926278
0 0.6777154217528876 0.4986435203552246 0.6946274235422429 0.5292487220524065 0.7738508984113114 0.48033978106495867 0.7601534142277098 0.45255062357974296
0 0.6627899742845057 0.4681125572668796 0.6761172949409361 0.4977543567988668 0.7620044453901165 0.44847487213702075 0.74534528694363 0.41994467309814043
0 0.6302154217528876 0.4021435203552246 0.6457606523108481 0.43365399526859294 0.7275755464042513 0.3877092357608481 0.7112865819887291 0.36140216901548405
0 0.6472154217528876 0.43314352035522463 0.6627899742845057 0.4625547227168276 0.7434942557812235 0.42142675620546993 0.7275755464042513 0.3865976810628728
0 0.6117154217528876 0.3711435203552246 0.6283611058024335 0.40104804478699024 0.7083249687334304 0.35806746675894857 0.6986996798980201 0.3291667393107138
0 0.5401054217529012 0.24674352035522473 0.5609238334320391 0.27355029257955693 0.640887696363036 0.2142667393107139 0.622007343226972 0.18240183038277608
0 0.5631450586254095 0.2739208057238674 0.6371856645420159 0.21686040001358467 0.6597680494990997 0.2520599959330142 0.5779531859094894 0.30282153317210214
0 0.5809147991647882 0.311343564466901 0.6582872428714504 0.2553946981895497 0.6745761767831796 0.292446920890707 0.5886890568377923 0.3406148050594463
0 0.5982154217528877 0.3386435203552246 0.6120721718907044 0.3684421019379095 0.6946274235422429 0.326573086240365 0.6790789081962347 0.2943376565355948
0 0.7701054217529011 0.3506435203552246 0.7982240030006948 0.40490734949855545 0.8315422588860816 0.3808233845166201 0.8037770354803283 0.3296913341332216
0 0.7416054217529012 0.2896435203552246 0.760833490759531 0.3393249048609519 0.7963729718382885 0.3230219296201506 0.7689779424634992 0.28226449915066915
0 0.7901054217529011 0.27214352035522466 0.81784477470248 0.3174640950700987 0.8559756750055719 0.3037547805321681 0.8300614827622249 0.2503995902227313
0 0.8746054217529013 0.2961435203552246 0.8966979945329985 0.3430301278943199 0.9300163114259712 0.3400659616796606 0.9011404449197394 0.2807824007782957
0 0.9078041204998513 0.2718898716042302 0.9403819883233098 0.3382133348979328 0.9699981818838834 0.3356196970926279 0.9255738610392299 0.25706898710328047
0 0.8231054217529012 0.32264352035522464 0.8478312233016035 0.3652614660945275 0.883740898411325 0.34377116944798475 0.8578267061679783 0.3056073996813739
0 0.7071054217529013 0.23714352035522462 0.7401021064610608 0.21943237568688645 0.7704587490911485 0.27167599603330406 0.7375106872367261 0.2876084581297949
0 0.7591054217529012 0.21514352035522463 0.8008154222250297 0.19534843360251686 0.8267296144683762 0.2438868385480884 0.7845264883133001 0.26537711992958735
0 0.7246054217529013 0.15964352035522464 0.7537996211484551 0.20461149881845858 0.7967431658692524 0.18238016825077297 0.768237554401571 0.13013652882305055
0 0.6791054217529012 0.17914352035522463 0.7115964644895862 0.15977830164121104 0.7356596865781125 0.2097987896941123 0.707154044606638 0.22647229334426797
0 0.8046054217529013 0.1551435203552246 0.836725097334751 0.14051115255322852 0.8585671552374923 0.18979059905246495 0.8274700635378903 0.2060935819257882
0 0.7164091089072916 0.07760070648649268 0.7504677833583995 0.059074598952174956 0.7575016529694752 0.08575219410689336 0.7445445568478019 0.08871636795407455 0.7415829130887102 0.10131413542655178 0.7667567477739214 0.10538987160423019 0.7719395862225908 0.11984023532834759 0.7223323659216819 0.1524461934424722
0 0.6775377900384784 0.1013141354265518 0.7097454638309728 0.08575219410689336 0.7104858823966939 0.1542987896941123 0.6801292092628131 0.17171333489793278
0 0.6131054217529013 0.042143520355224624 0.6253391505132349 0.0696058793370421 0.6471811474083906 0.053673432505595094 0.6382962771387013 0.029218962011871172
0 0.6051054217529012 0.006143520355224608 0.6112714722986691 0.029218962011871172 0.6360750519453306 0.021808508312613398 0.6271901816756413 0
0 0.3340079907495501 0.22398201196276907 0.37917279116751074 0.21064321056914892 0.391389468723463 0.24473126705564702 0.3454842802435741 0.26066369862205013
0 0.34955653659935104 0.2651099632090829 0.39101927469249886 0.2514006563036742 0.3991637263964671 0.2777077306815601 0.35881160090000447 0.3003095820260782
0 0.43322243135136773 0.3003095820260782 0.45839623553278636 0.28178346685923855 0.4695023309958462 0.31327784737782216 0.44358810824870654 0.34958905142288044
0 0.4787573952964997 0.02339397074131484 0.4891230721938383 0.06341035965713143 0.5694571596595922 0.03636224372558065 0.5579808396617753 0.0030152516903131678