0 0.5661354217529297 0.16031018733978275 0.6342856229361011 0.16429166513340784 0.6520553634754798 0.14835921830196086 0.653165976072165 0.11019543327030626 0.6402088494466986 0.10871333489793278
0 0.6626354217529297 0.10981018733978272 0.7072156162560223 0.11982900399803662 0.6920372949409781 0.16947897127410538 0.6513149449097585 0.16651480505944613
0 0.7175812931533607 0.12279320074278352 0.745346516559114 0.12316369862205016 0.7260959998958789 0.16688531820375657 0.702773165869281 0.16318009517038867
0 0.6283623659217106 0.18318832397464568 0.6916671009100139 0.18355882185391226 0.6883352631199581 0.21579424392616062 0.6283623659217105 0.2139416476745205
0 0.5551354217529297 0.17531018733978276 0.6239199155349694 0.1787420593876129 0.6239199155349694 0.2120890514228804 0.5883804344562121 0.20912485467813344 0.5506197586878774 0.19800918557802963
0 0.5202630855539965 0.371392458029505 0.5665384680648495 0.371392458029505 0.5650576614372 0.3902891016056989 0.5158206351672553 0.3899185579313007
0 0.5756354217529297 0.37181018733978277 0.62614114072834 0.37176297117381535 0.6268815592940612 0.3943648225183335 0.5746829197688177 0.39140065630367415
0 0.5136354217529298 0.4278101873397827 0.6017077551126426 0.43364017751300715 0.5987461113535509 0.4562420593876129 0.5132292159429206 0.45698307041119
0 0.4156354217529297 0.3653101873397827 0.4873150236995738 0.365834623479453 0.4843533799404821 0.3925122262666933 0.4169764191001946 0.38880698796828156
0 0.40763542175292966 0.3613101873397827 0.4073511455166806 0.38473126705564703 0.3240777030430875 0.3788028888311969 0.32518831563977274 0.3580536642684067
0 0.22672542175287375 0.3503101873397827 0.3170438334320117 0.35620104511920075 0.31519283277339816 0.3788028888311969 0.227824890948465 0.36879878969411223
0 0.24672542175287376 0.39481018733978274 0.29890386835787597 0.3954763924813525 0.28927861002625843 0.4551304894245938 0.23930119569438543 0.4532778473778221
0 0.30672542175287376 0.4028101873397827 0.360727827222323 0.4017752685850693 0.3470302820311354 0.45735361408558817 0.2926104325644178 0.4562420593876129
0 0.36772542175287376 0.4053101873397827 0.4162582435300365 0.4051099632090829 0.39922892155637896 0.4584651840486073 0.3570257648975101 0.4577241272298987
0 0.33703479916476087 0.48143753327239197 0.3866420194656698 0.4825491032354111 0.4103350170194389 0.6039993998820098 0.3448090568377649 0.5865848546781894
0 0.270398241638298 0.47950394564996157 0.322226671880681 0.47950394564996157 0.3374050236995179 0.5865848546781893 0.28409575632569256 0.575098687698819
0 0.2752254217528738 0.5727701873398386 0.2574411455166246 0.4757987226165937 0.2363395671871902 0.47691029257961276 0.18377102990920666 0.5109983261685451
0 0.13527443745687953 0.5554609873039164 0.16970332119084797 0.5161856323092426 0.26558592400260994 0.5795449522858518
0 0.14786133954758882 0.5717639778097615 0.26595611803357405 0.5873259114968981 0.27595160089994863 0.6080751360596883 0.20635341486629055 0.6650104894247615
0 0.3302754217528738 0.6321701873398388 0.3559154638309454 0.6371685083126694 0.3251885966661004 0.8064971520894434 0.2859470837663232 0.8020508722373668 0.2552202471052712 0.7750027868359038 0.26965818035838685 0.7253527890297471
0 0.30577542175287387 0.6221901873399506 0.3255588212008575 0.6286992853797032 0.23930150722450605 0.7557356148503555 0.22597418656807564 0.7205359960333602
0 0.27727542175287384 0.6116901873399506 0.30112540508136715 0.6205477977593026 0.22264234877801975 0.7113257468117729 0.21190650835350985 0.6742735164780936
0 0.36591094669732 0.6397621690155402 0.4066332662247467 0.6545830687815338 0.38071907398139987 0.813537054481781 0.33851591732253083 0.8039034990190946
0 0.4118161351772089 0.6593998465128772 0.4392111645519981 0.6634755979555993 0.4269944564922528 0.8205770179342942 0.3896039442510892 0.8127960587232478
0 0.3477754217528738 0.6211701873398388 0.4429131658692251 0.656435665033174 0.44513439106259567 0.6227181445885521 0.3492518187546267 0.6023394408025943
0 0.45698090509137673 0.7097908553426105 0.5358341859294812 0.770556522248871 0.5154729651581819 0.7935288562076118 0.4547596798980061 0.7446199457502516
0 0.46327542175287384 0.6741701873398388 0.5528634773993456 0.7316516651334638 0.5428679945329711 0.7672218123598136 0.4603127123776396 0.7020098961315643
0 0.4555000679599343 0.7549945885617345 0.496592642525911 0.7879710369226038 0.4843759344661659 0.8369321935428746 0.44772581028693026 0.8328564421001525
0 0.3270396278285069 0.8554583239747582 0.41255652323913716 0.8825064093762213 0.4118161351772089 0.8913989538153306 0.33851591732253083 0.908442955344753
0 0.2367754217528738 0.8385801873398953 0.3129719191101482 0.8543467540117391 0.319635564186467 0.9091840121634616 0.2481863774941954 0.9217817643708949
0 0.19820896316232237 0.9988454005463752 0.20783425199773284 0.9484543917166414 0.24559495826986072 0.9443786402739193 0.24448434567317542 1
0 0.19377542175287382 0.9568101873397827 0.06981173175920724 0.981801383751909 0.06722028203107962 0.9962517474760263 0.07129250788306368 1 0.18938730162094533 1
0 0 0.9943101873397828 0.059446024358075604 0.9840245084129035 0.05796521773042622 1 0 1
0 0.3424154217528179 0.9273101873397828 0.37782063895062046 0.9192614660945273 0.3744888316643575 0.9666883239746455 0.33413670616789504 0.9615009873038604
0 0.38541542175281795 0.9173101873397828 0.42779805328249343 0.9059226570683854 0.4166919883232265 0.9748397810649587 0.3844843145307321 0.9677998939376649
0 0.26342790753755174 0.9411222606203369 0.3200689669457434 0.9259308553425545 0.31303509733466767 0.9989237613119377 0.26046626377845994 1
0 1 0.33631018733978274 0.9844808879477976 0.33537606911368834 0.978187436902443 0.3939185579313007 1 0.3968827394110038
0 0.9511354217529296 0.4308101873397827 0.9952167893798936 0.43319391292597437 0.9848510819787617 0.5833217147519276 0.9382055054369445 0.5796165222486473
0 0.9346354217529297 0.6718101873397828 0.9818894687234629 0.674685729916849 0.9811490501577418 0.6046570359572566 0.9341333100887534 0.6028044091755287
0 1 0.6791319945038817 0.9837404998858694 0.6780204245408626 0.981519274692499 0.6183663428626653 1 0.6157726974248383
0 1 0.7158136811631628 0.9274696345086417 0.7109968881667759 0.9282100225705701 0.7873244887601726 0.9992890152318775 0.7884360587231918
0 1 0.8100618625425758 0.9419075677617574 0.8078387226165377 0.9526434386900604 0.8800905412371245 1 0.8849073494985555
0 0.8841354217529297 0.9993101873397827 0.8889685096707928 0.9703413014092905 0.9374651173750164 0.9210618625425759 1 0.9188387226165377 0.9789278554681641 1
0 0.39820216142719056 0.47369284684503155 0.4107890635178999 0.4707286653653284 0.43263102990926255 0.5092629711738154 0.4718725733128327 0.5203786402739192 0.4507709949833982 0.6141207555410488 0.4148612893698839 0.607821879437332
0 0.43813542175292974 0.4143101873397827 0.4715023487780757 0.41737347505589173 0.4722427673437968 0.4555372677200682 0.4285588040572785 0.4529436070171975
0 0.42929920737110316 0.46035405308393335 0.49334434567323127 0.46109510227012 0.4926039271075101 0.4792506813950834 0.47705541176150207 0.5122271679185624 0.44410734990707945 0.5040756650331178
0 0.5726354217529297 0.6838601873397824 0.5899673365469215 0.6983058466131107 0.6092178837139496 0.6449506563036738 0.6188431725493599 0.5726988376830868 0.6199537851460453 0.5356466073494076 0.6084774956520212 0.5260130328054164 0.5847844980982521 0.6171614988184583 0.5944097869336625 0.6256834995831693 0.592558755771256 0.6419864748239706 0.5840440795325309 0.6419864748239706
0 0.5840440795325309 0.5092629711738155 0.6066264644896148 0.5092629711738154 0.5651637263964671 0.6849709049611303 0.5436919540360684 0.6671858466129994
0 0.5510960176781085 0.5040756650331178 0.5799718536805468 0.5088924580295049 0.5411005348117337 0.6715516972932078 0.5170373432270005 0.6556192351967169
0 0.5256354217529297 0.5008101873397828 0.5451727911675107 0.5011114988184586 0.5140757299717016 0.6515434990190385 0.4933443456732312 0.642650969844973
0 0.5011354217529297 0.4903101873397827 0.5314752459763232 0.4892547805321681 0.5262924380314469 0.4988883588924202 0.5140757299717017 0.507039846512821 0.4870508946278767 0.6363520937412563 0.46076650835356575 0.6267185077484823
0 0.1446354217529297 0.8183101873397828 0.1672505802011539 0.8187783016412111 0.1731738677193374 0.8454558967959295 0.1476298084993688 0.8480495651313221
0 0.1911354217529297 0.8278101873397828 0.22167044491976803 0.8280413668571528 0.2257427012755451 0.8487905990524649 0.1987178659317201 0.8558305319748903
0 0.19963542175292973 0.8643101873397828 0.22611289530650922 0.8584241774127171 0.2316659277861427 0.8865838633072872 0.20390070438038932 0.8917711694479847
0 0.20763542175292968 0.8983101873397829 0.23499773507240562 0.8947353661927316 0.23907005243576848 0.9228950368222578 0.2068623786432741 0.9299349544796393
0 0.14563542175292965 0.8538101873397828 0.16984199942548867 0.8543484336025168 0.18020773733041318 0.8691693333685105 0.15244245291707412 0.8765797641702026
0 0.1521354217529297 0.8873101873397828 0.1809481253923414 0.8810260287572352 0.18650115787197494 0.8999226570683854 0.16021671059007814 0.9069625899908107
0 0.1601354217529297 0.9173101873397829 0.18650115787197497 0.9162256323091867 0.19057341422775195 0.9340107059223616 0.16613999810826158 0.9380864421000399
0 0.10098423195755167 0.8466457969944237 0.12800909780516956 0.8421995324073909 0.12986006795999017 0.8681360783759225 0.10061403792658762 0.8718413014092904
0 0.10320545715092223 0.8791734325055951 0.12763884276661971 0.8791734325055951 0.13356213028480313 0.8973290039980365 0.1080181015686275 0.9002932007427836
0 0.10813542175292966 0.9123101873397829 0.13208129315336084 0.9095562430611595 0.13689393757106597 0.9303054828889935 0.1106095207929622 0.9317875659963232
0 0.09580139350888238 0.8202604000135846 0.11912419703168745 0.8143320370541783 0.12467722951132083 0.8373044091755288 0.09691200610556755 0.841380168250773
0 0.06513542175292969 0.8463101873397828 0.08839732986684246 0.8454558967959295 0.0913589736259341 0.8628704419997498 0.06692555750644384 0.8680577634054913
0 0.07729126490757544 0.8936237962297124 0.09543119947791821 0.8936237962297124 0.09320997428454775 0.8736155979555431 0.06877658866885024 0.8750976810628728 0.07025739529649964 0.896958490853726
0 0.07463542175292968 0.9263101873397828 0.09320997428454766 0.9266002598556256 0.09320997428454764 0.9006636986220502 0.07099778335842796 0.9021457969944237
0 0.02513542175292969 0.8618101873397828 0.05433865541573454 0.8587946981895496 0.05618968657814097 0.8810260287572353 0.03064565786196541 0.8817670703109001
0 0.0028804344562121643 0.8665756650331179 0.015467336546921428 0.8624999288554395 0.015467336546921433 0.8858428217536223 0 0.886583863307287
0 0.006582466277232122 0.8965879624443719 0.022130981623240186 0.8947353661927316 0.022501206157997264 0.9177077306815602 0.007322884842953312 0.9177077306815602
0 0.03693910890732002 0.8876954332703062 0.046564397742730544 0.8876954332703062 0.04989623553278641 0.9125204245408627 0.031386076427686635 0.9162256323091867
0 0.009544079532530923 0.9321580944056775 0.02472243135136781 0.9299349544796393 0.029164851234315985 0.950684224837561 0.010284498098252095 0.9536483757871764
0 0.03713542175292968 0.9273101873397829 0.05137704216043578 0.9254886898926066 0.05581946204338397 0.9495726243444541 0.03804972150400534 0.950684224837561
0 0.07663542175292967 0.9333101873397829 0.09728223064032461 0.9310465244426583 0.1017246505232729 0.9495726243444542 0.07544023374516907 0.9558715157132147
0 0.3701354217529297 0.9778101873397828 0.39964790753766344 0.9830797641702026 0.3929842319575516 1 0.36299778335842786 1
0 0.33163542175292965 0.9933101873397827 0.35744475087879446 0.9982711694479848 0.3622573952964997 0.9738167065867827 0.33264114072834006 0.9686294004460853