0 0.11545 0.5264500000000001 0.15335 0.5264500000000001 0.15335 0.5863499999999999 0.11545 0.5863499999999999
0 0.16595 0.529975 0.21225000000000002 0.529975 0.21225000000000002 0.5919249999999999 0.16595 0.5919249999999999
0 0.22597499999999995 0.533475 0.265625 0.533475 0.265625 0.596925 0.22597499999999995 0.596925
0 0.28095 0.53695 0.32005 0.53695 0.32005 0.59965 0.28095 0.59965
0 0.33494999999999997 0.538975 0.37835 0.538975 0.37835 0.603025 0.33494999999999997 0.603025
0 0.39045 0.54445 0.4311499999999999 0.54445 0.4311499999999999 0.60635 0.39045 0.60635
0 0.44845 0.548975 0.48505 0.548975 0.48505 0.609125 0.44845 0.609125
0 0.5014500000000001 0.5545 0.5839500000000001 0.5545 0.5839500000000001 0.6158 0.5014500000000001 0.6158
0 0.59595 0.55945 0.61725 0.55945 0.61725 0.6174499999999999 0.59595 0.6174499999999999
0 0.06645000000000001 0.7964749999999999 0.10615000000000001 0.7964749999999999 0.10615000000000001 0.8611249999999999 0.06645000000000001 0.8611249999999999
0 0.113475 0.80645 0.152825 0.80645 0.152825 0.8682500000000001 0.113475 0.8682500000000001
0 0.16195 0.8094499999999999 0.20225 0.8094499999999999 0.20225 0.87215 0.16195 0.87215
0 0.20845 0.811975 0.24615 0.811975 0.24615 0.874925 0.20845 0.874925
0 0.25445 0.815475 0.29835 0.815475 0.29835 0.8838250000000001 0.25445 0.8838250000000001
0 0.304475 0.820475 0.341725 0.820475 0.341725 0.882725 0.304475 0.882725
0 0.058449999999999995 0.90095 0.14725000000000002 0.90095 0.14725000000000002 0.97655 0.058449999999999995 0.97655
0 0.15594999999999998 0.910475 0.24445 0.910475 0.24445 0.9843249999999999 0.15594999999999998 0.9843249999999999
0 0.254975 0.910475 0.338925 0.910475 0.338925 0.9893249999999999 0.254975 0.9893249999999999
0 0.35245 0.8194750000000001 0.39005 0.8194750000000001 0.39005 0.887725 0.35245 0.887725
0 0.399475 0.82545 0.435625 0.82545 0.435625 0.88825 0.399475 0.88825
0 0.44545 0.8294750000000001 0.48505 0.8294750000000001 0.48505 0.8938250000000001 0.44545 0.8938250000000001
0 0.490475 0.829975 0.536725 0.829975 0.536725 0.8977250000000001 0.490475 0.8977250000000001
0 0.53945 0.8274750000000001 0.5789500000000001 0.8274750000000001 0.5789500000000001 0.8999250000000001 0.53945 0.8999250000000001
0 0.35447500000000004 0.92195 0.438925 0.92195 0.438925 0.9936499999999999 0.35447500000000004 0.9936499999999999
0 0.4509500000000001 0.9269749999999999 0.53335 0.9269749999999999 0.53335 1.000025 0.4509500000000001 1.000025
0 0.54695 0.930975 0.61225 0.930975 0.61225 1.000025 0.54695 1.000025
0 0.7740250000000001 0.5705 0.813075 0.5705 0.813075 0.6374 0.7740250000000001 0.6374
0 0.6640011663615382 0.5660043739053472 0.6865538016108123 0.5697611643124814 0.6827950520109937 0.6192254165652248 0.6596159011407656 0.6192254165652248
0 0.7334484397869895 0.5722102252188435 0.7611028285876804 0.5722656740534017 0.7579704569584539 0.6273651119168462 0.7241415040845425 0.625486716713279
0 0.7001847965721454 0.5693912724040263 0.7203827544847238 0.5697611643124815 0.7134917020808591 0.6154686433552599 0.6997095284479491 0.6179731530961801
0 0.8411324373130097 0.572774015781807 0.8901539656500534 0.5760224644605357 0.8475545511597778 0.6348786583367761 0.8231225755231846 0.6336264120649006
0 0.6398592063350554 0.8276073502412896 0.7291532161010881 0.8396231164274957 0.715997558089132 0.8734341269086877 0.6301722134876268 0.8652944659514047
0 0.6291471856387498 0.8783485009080009 0.7141181488766319 0.8784431807848665 0.7072270276475866 0.9122541912660589 0.6163900398547169 0.9059928739208352
0 0.6274558139498594 0.9324723949524928 0.6414485311122639 0.9227694691808775 0.7047212404644947 0.9259001106563202 0.704094724843541 1 0.6257869482668542 0.9997834317667587
0 0.18713538427539922 0.625770328700372 0.2336216874128278 0.6273328801224154 0.21608074697380394 0.7769779003496905 0.17410779648559646 0.774473373411601
0 0.2412592783198911 0.625770328700372 0.29250913154428615 0.6267067483878932 0.27747402990723985 0.7851175957013119 0.22297183379025892 0.7819869542258694
0 0.1645837617568609 0.7706645033819806 0.12232655654196518 0.7731566635508641 0.13924103297892082 0.62351162612642 0.18497278468583267 0.6247638895954646
0 0.0809800700558259 0.6216654713158681 0.12796471535428366 0.6222916030503906 0.11355609492560081 0.7706843684072053 0.0697037524311887 0.7688059904008075