0 0.534402 0.195184 0.627670 0.195184 0.627670 0.358007 0.534402 0.358007
0 0.528466 0.663714 0.580538 0.663714 0.580538 0.724346 0.528466 0.724346
0 0.487914 0.415554 0.551361 0.415554 0.551361 0.470450 0.487914 0.470450
0 0.464064 0.237929 0.571159 0.237929 0.571159 0.404378 0.464064 0.404378
0 0.491920 0.710600 0.556491 0.710600 0.556491 0.772660 0.491920 0.772660
0 0.410467 0.265320 0.494240 0.265320 0.494240 0.377009 0.410467 0.377009
0 0.547914 0.626334 0.582231 0.626334 0.582231 0.666199 0.547914 0.666199
0 0.245890 0.906475 0.279475 0.906475 0.279475 0.944009 0.245890 0.944009
0 0.387925 0.894318 0.438961 0.894318 0.438961 0.957642 0.387925 0.957642
0 0.142749 0.842225 0.174666 0.842225 0.174666 0.872910 0.142749 0.872910
0 0.044022 0.587800 0.162199 0.587800 0.162199 0.665848 0.044022 0.665848
0 0.030251 0.675500 0.124957 0.675500 0.124957 0.769629 0.030251 0.769629
0 0.262184 0.811641 0.331862 0.811641 0.331862 0.889843 0.262184 0.889843
0 0.350151 0.870284 0.417503 0.870284 0.417503 0.948286 0.350151 0.948286
0 0.176186 0.704825 0.305120 0.704825 0.305120 0.801448 0.176186 0.801448
0 0.274441 0.920432 0.306393 0.920432 0.306393 0.956779 0.274441 0.956779
0 0.715201 0.224120 0.775819 0.224120 0.775819 0.283772 0.715201 0.283772
0 0.431611 0.714528 0.494141 0.714528 0.494141 0.918093 0.431611 0.918093
0 0.178375 0.766316 0.271987 0.766316 0.271987 0.863566 0.178375 0.863566
0 0.514744 0.729540 0.583992 0.729540 0.583992 0.802735 0.514744 0.802735
0 0.103961 0.722836 0.195183 0.722836 0.195183 0.814565 0.103961 0.814565
0 0.026723 0.947936 0.083427 0.947936 0.083427 0.998823 0.026723 0.998823
0 0.197059 0.876766 0.231868 0.876766 0.231868 0.910478 0.197059 0.910478
0 0.177037 0.860557 0.207970 0.860557 0.207970 0.893829 0.177037 0.893829
0 0.119848 0.825022 0.152666 0.825022 0.152666 0.856365 0.119848 0.856365
0 0.563917 0.631958 0.614225 0.631958 0.614225 0.746864 0.563917 0.746864
0 0.095509 0.809605 0.125455 0.809605 0.125455 0.841330 0.095509 0.841330
0 0.551570 0.737939 0.608585 0.737939 0.608585 0.839941 0.551570 0.839941
0 0.121746 0.667047 0.172608 0.667047 0.172608 0.718759 0.121746 0.718759
0 0.220580 0.891528 0.254202 0.891528 0.254202 0.926643 0.220580 0.926643
0 0.189861 0.924202 0.230908 0.924202 0.230908 0.972345 0.189861 0.972345
0 0.470323 0.939857 0.552055 0.939857 0.552055 0.999545 0.470323 0.999545
0 0.317841 0.952851 0.354766 0.952851 0.354766 0.991179 0.317841 0.991179
0 0.193924 0.587345 0.268172 0.587345 0.268172 0.678668 0.193924 0.678668
0 0.474166 0.452374 0.521130 0.452374 0.521130 0.487491 0.474166 0.487491
0 0.346303 0.711756 0.461836 0.711756 0.461836 0.917641 0.346303 0.917641
0 0.056100 0.837687 0.102503 0.837687 0.102503 0.888766 0.056100 0.888766
0 0.072128 0.796232 0.102725 0.796232 0.102725 0.827084 0.072128 0.827084
0 0.596044 0.598172 0.628861 0.598172 0.628861 0.640673 0.596044 0.640673
0 0.045857 0.911883 0.105433 0.911883 0.105433 0.965777 0.045857 0.965777
0 0.411062 0.904745 0.452471 0.904745 0.452471 0.962357 0.411062 0.962357
0 0.518760 0.616632 0.553394 0.616632 0.553394 0.657362 0.518760 0.657362
0 0.030853 0.561095 0.062210 0.561095 0.062210 0.603786 0.030853 0.603786
0 0.435200 0.915051 0.500549 0.915051 0.500549 0.997447 0.435200 0.997447
0 0.023372 0.765870 0.057246 0.765870 0.057246 0.800312 0.023372 0.800312
0 0.153705 0.463347 0.213213 0.463347 0.213213 0.513051 0.153705 0.513051
0 0.364181 0.282295 0.460257 0.282295 0.460257 0.397942 0.364181 0.397942
0 0.445390 0.358013 0.508169 0.358013 0.508169 0.440315 0.445390 0.440315
0 0.213137 0.936698 0.258206 0.936698 0.258206 0.989814 0.213137 0.989814
0 0.303148 0.763406 0.352366 0.763406 0.352366 0.839829 0.303148 0.839829
0 0.013693 0.975460 0.057202 0.975460 0.057202 0.999496 0.013693 0.999496
0 0.745589 0.273781 0.786318 0.273781 0.786318 0.304330 0.745589 0.304330
0 0.048602 0.780317 0.081361 0.780317 0.081361 0.813535 0.048602 0.813535
0 0.496498 0.814828 0.567081 0.814828 0.567081 0.972026 0.496498 0.972026
0 0.007742 0.807954 0.047779 0.807954 0.047779 0.856196 0.007742 0.856196
0 0.000225 0.801464 0.044627 0.801464 0.044627 0.853111 0.000225 0.853111
0 0.640508 0.108512 0.694060 0.108512 0.694060 0.171706 0.640508 0.171706
0 0.233686 0.955155 0.276957 0.955155 0.276957 0.998764 0.233686 0.998764
0 0.026998 0.815881 0.067505 0.815881 0.067505 0.868401 0.026998 0.868401
0 0.049649 0.834750 0.095334 0.834750 0.095334 0.881996 0.049649 0.881996
0 0.704976 0.288456 0.780931 0.288456 0.780931 0.406400 0.704976 0.406400
0 0.317045 0.321233 0.436718 0.321233 0.436718 0.421368 0.317045 0.421368
0 0.295549 0.935833 0.329997 0.935833 0.329997 0.971132 0.295549 0.971132
0 0.484991 0.127614 0.531531 0.127614 0.531531 0.172733 0.484991 0.172733
0 0.230333 0.944855 0.272298 0.944855 0.272298 0.998056 0.230333 0.998056
0 0.041035 0.435847 0.087012 0.435847 0.087012 0.498711 0.041035 0.498711
0 0.559336 0.920507 0.600563 0.920507 0.600563 0.978971 0.559336 0.978971
0 0.000442 0.746716 0.034309 0.746716 0.034309 0.782780 0.000442 0.782780
0 0.192331 0.698741 0.237206 0.698741 0.237206 0.720813 0.192331 0.720813
0 0.253621 0.964966 0.289463 0.964966 0.289463 0.999376 0.253621 0.999376
0 0.154336 0.900283 0.194990 0.900283 0.194990 0.947945 0.154336 0.947945
0 0.461010 0.467636 0.503813 0.467636 0.503813 0.501505 0.461010 0.501505
0 0.000000 0.791216 0.023914 0.791216 0.023914 0.841957 0.000000 0.841957
0 0.285861 0.911496 0.321531 0.911496 0.321531 0.949046 0.285861 0.949046
0 0.485238 0.770406 0.532070 0.770406 0.532070 0.926078 0.485238 0.926078
0 0.226517 0.701734 0.256037 0.701734 0.256037 0.735622 0.226517 0.735622
0 0.544426 0.819946 0.569731 0.819946 0.569731 0.852123 0.544426 0.852123
0 0.166790 0.906977 0.209303 0.906977 0.209303 0.959410 0.166790 0.959410
0 0.219574 0.945100 0.266899 0.945100 0.266899 0.994265 0.219574 0.994265
0 0.552147 0.851886 0.603345 0.851886 0.603345 0.939642 0.552147 0.939642
0 0.540334 0.816765 0.567680 0.816765 0.567680 0.848995 0.540334 0.848995
0 0.026143 0.526423 0.045600 0.526423 0.045600 0.554454 0.026143 0.554454
0 0.113457 0.874740 0.153905 0.874740 0.153905 0.921906 0.113457 0.921906
0 0.640273 0.002137 0.685639 0.002137 0.685639 0.062114 0.640273 0.062114
0 0.030115 0.822098 0.072581 0.822098 0.072581 0.871074 0.030115 0.871074
0 0.275240 0.972613 0.304266 0.972613 0.304266 0.999397 0.275240 0.999397
0 0.609240 0.535366 0.636348 0.535366 0.636348 0.601093 0.609240 0.601093
0 0.019285 0.813227 0.063208 0.813227 0.063208 0.863986 0.019285 0.863986
0 0.324101 0.929829 0.367974 0.929829 0.367974 0.979076 0.324101 0.979076
0 0.620707 0.112183 0.639848 0.112183 0.639848 0.162178 0.620707 0.162178
0 0.000579 0.640493 0.053419 0.640493 0.053419 0.723206 0.000579 0.723206
0 0.016437 0.522879 0.040431 0.522879 0.040431 0.548387 0.016437 0.548387
0 0.222251 0.700767 0.253627 0.700767 0.253627 0.729522 0.222251 0.729522
0 0.609128 0.578889 0.632608 0.578889 0.632608 0.603834 0.609128 0.603834
0 0.202637 0.852294 0.299997 0.852294 0.299997 0.918004 0.202637 0.918004
0 0.160642 0.902075 0.200548 0.902075 0.200548 0.950535 0.160642 0.950535
0 0.000085 0.711248 0.078710 0.711248 0.078710 0.777393 0.000085 0.777393
0 0.182162 0.918528 0.224861 0.918528 0.224861 0.968472 0.182162 0.968472
0 0.289549 0.907989 0.327702 0.907989 0.327702 0.952991 0.289549 0.952991
0 0.341767 0.968796 0.375701 0.968796 0.375701 0.999343 0.341767 0.999343
0 0.308559 0.921370 0.361903 0.921370 0.361903 0.973243 0.308559 0.973243
0 0.377605 0.965549 0.426158 0.965549 0.426158 0.999320 0.377605 0.999320
0 0.573792 0.849576 0.609275 0.849576 0.609275 0.885035 0.573792 0.885035
0 0.231356 0.895529 0.294040 0.895529 0.294040 0.919838 0.231356 0.919838
0 0.000000 0.709418 0.103910 0.709418 0.103910 0.785748 0.000000 0.785748
0 0.295686 0.915925 0.348530 0.915925 0.348530 0.971445 0.295686 0.971445
0 0.372569 0.986850 0.400048 0.986850 0.400048 0.999442 0.372569 0.999442
0 0.597847 0.167037 0.736092 0.167037 0.736092 0.307128 0.597847 0.307128
0 0.554423 0.851551 0.600383 0.851551 0.600383 0.919253 0.554423 0.919253
0 0.056811 0.909663 0.106256 0.909663 0.106256 0.951658 0.056811 0.951658
0 0.173695 0.976682 0.213656 0.976682 0.213656 0.999678 0.173695 0.999678
0 0.572281 0.057964 0.637290 0.057964 0.637290 0.195272 0.572281 0.195272
0 0.326121 0.933519 0.379841 0.933519 0.379841 0.990011 0.326121 0.990011
0 0.074014 0.476418 0.129463 0.476418 0.129463 0.524794 0.074014 0.524794
0 0.143255 0.891604 0.176854 0.891604 0.176854 0.936019 0.143255 0.936019
0 0.577304 0.749690 0.638654 0.749690 0.638654 0.883322 0.577304 0.883322
0 0.536131 0.010859 0.566748 0.010859 0.566748 0.046616 0.536131 0.046616
0 0.599968 0.634356 0.623207 0.634356 0.623207 0.747424 0.599968 0.747424
0 0.628174 0.602244 0.654137 0.602244 0.654137 0.705074 0.628174 0.705074
0 0.056077 0.578897 0.089250 0.578897 0.089250 0.604392 0.056077 0.604392
0 0.628929 0.725953 0.654773 0.725953 0.654773 0.868592 0.628929 0.868592
0 0.177533 0.914153 0.219233 0.914153 0.219233 0.965106 0.177533 0.965106
0 0.080799 0.853201 0.116069 0.853201 0.116069 0.902564 0.080799 0.902564
0 0.116282 0.665928 0.174822 0.665928 0.174822 0.730580 0.116282 0.730580
0 0.557676 0.600042 0.597687 0.600042 0.597687 0.630902 0.557676 0.630902
0 0.392713 0.897725 0.447138 0.897725 0.447138 0.963147 0.392713 0.963147
0 0.016662 0.809825 0.054891 0.809825 0.054891 0.862089 0.016662 0.862089
0 0.000000 0.514252 0.013504 0.514252 0.013504 0.538752 0.000000 0.538752
0 0.529199 0.146694 0.580644 0.146694 0.580644 0.194663 0.529199 0.194663
0 0.000000 0.795221 0.031223 0.795221 0.031223 0.845138 0.000000 0.845138
0 0.000000 0.787100 0.016028 0.787100 0.016028 0.826770 0.000000 0.826770
0 0.055747 0.508828 0.078794 0.508828 0.078794 0.573497 0.055747 0.573497
0 0.007576 0.565126 0.031006 0.565126 0.031006 0.586337 0.007576 0.586337
0 0.009877 0.560309 0.032559 0.560309 0.032559 0.582419 0.009877 0.582419
0 0.331323 0.851563 0.377230 0.851563 0.377230 0.904141 0.331323 0.904141
0 0.868600 0.970837 0.921569 0.970837 0.921569 0.999544 0.868600 0.999544
0 0.407700 0.973663 0.438026 0.973663 0.438026 0.999322 0.407700 0.999322
0 0.286052 0.978620 0.312959 0.978620 0.312959 0.999332 0.286052 0.999332
