0 0.846875 0.896875 0.846875 0.918750 0.851562 0.918750 0.854688 0.921875 0.854688 0.926562 0.864062 0.926562 0.864062 0.921875 0.867188 0.918750 0.868750 0.918750 0.870313 0.917188 0.876563 0.917188 0.876563 0.896875
0 0.878125 0.959375 0.878125 0.987500 0.884375 0.987500 0.885938 0.985938 0.892188 0.985938 0.893750 0.984375 0.895312 0.984375 0.896875 0.982812 0.898438 0.982812 0.901563 0.979688 0.907813 0.979688 0.907813 0.970313 0.903125 0.970313 0.901563 0.968750 0.901563 0.967187 0.900000 0.965625 0.900000 0.959375
0 0.203125 0.871875 0.203125 0.895312 0.218750 0.895312 0.218750 0.890625 0.220312 0.889062 0.223438 0.889062 0.225000 0.887500 0.228125 0.887500 0.229687 0.885938 0.231250 0.885938 0.232813 0.884375 0.232813 0.882812 0.231250 0.881250 0.231250 0.871875
0 0.453125 0.021875 0.453125 0.046875 0.459375 0.046875 0.464062 0.051562 0.464062 0.057813 0.473438 0.057813 0.473438 0.053125 0.481250 0.045312 0.481250 0.040625 0.479687 0.039062 0.479687 0.037500 0.476562 0.034375 0.476562 0.032813 0.475000 0.031250 0.475000 0.029687 0.473438 0.028125 0.473438 0.021875
0 0.853125 0.915625 0.853125 0.937500 0.859375 0.937500 0.860938 0.939063 0.860938 0.940625 0.864062 0.943750 0.870313 0.943750 0.871875 0.942187 0.875000 0.942187 0.876563 0.940625 0.878125 0.940625 0.879687 0.939063 0.881250 0.939063 0.885938 0.934375 0.885938 0.929688 0.884375 0.928125 0.884375 0.926562 0.882812 0.925000 0.882812 0.923438 0.881250 0.921875 0.881250 0.915625
0 0.015625 0.771875 0.015625 0.795312 0.034375 0.795312 0.034375 0.790625 0.035937 0.789062 0.037500 0.789062 0.039062 0.787500 0.040625 0.787500 0.043750 0.784375 0.045312 0.784375 0.046875 0.782813 0.048438 0.782813 0.050000 0.781250 0.051562 0.781250 0.053125 0.779687 0.057813 0.779687 0.057813 0.771875
0 0.428125 0.634375 0.428125 0.654687 0.435937 0.654687 0.437500 0.653125 0.440625 0.653125 0.445312 0.648438 0.446875 0.648438 0.450000 0.645312 0.448437 0.643750 0.448437 0.634375
0 0.046875 0.584375 0.046875 0.604688 0.054688 0.604688 0.056250 0.606250 0.059375 0.606250 0.062500 0.603125 0.064062 0.603125 0.065625 0.601562 0.065625 0.598437 0.067187 0.596875 0.067187 0.590625 0.064062 0.587500 0.062500 0.587500 0.060937 0.585938 0.057813 0.585938 0.056250 0.584375
0 0.485938 0.009375 0.485938 0.014063 0.482812 0.017188 0.478125 0.017188 0.478125 0.035937 0.482812 0.035937 0.484375 0.037500 0.485938 0.037500 0.489063 0.040625 0.489063 0.045312 0.490625 0.045312 0.490625 0.039062 0.492188 0.037500 0.493750 0.037500 0.495312 0.035937 0.496875 0.035937 0.498437 0.034375 0.500000 0.034375 0.501563 0.032813 0.504687 0.032813 0.507812 0.029687 0.514062 0.029687 0.514062 0.025000 0.509375 0.025000 0.506250 0.021875 0.506250 0.018750 0.504687 0.017188 0.504687 0.015625 0.503125 0.014063 0.503125 0.009375
0 0.587500 0.609375 0.587500 0.614062 0.582812 0.618750 0.581250 0.618750 0.579688 0.620313 0.571875 0.620313 0.571875 0.637500 0.579688 0.637500 0.581250 0.635938 0.582812 0.635938 0.584375 0.634375 0.585938 0.634375 0.587500 0.632812 0.589063 0.632812 0.590625 0.631250 0.593750 0.631250 0.595313 0.629687 0.596875 0.629687 0.598437 0.628125 0.601562 0.628125 0.603125 0.626563 0.607812 0.626563 0.603125 0.626563 0.601562 0.625000 0.601562 0.623437 0.600000 0.621875 0.600000 0.620313 0.596875 0.617188 0.596875 0.615625 0.595313 0.614062 0.595313 0.609375
0 0.703125 0.365625 0.703125 0.401562 0.710938 0.401562 0.710938 0.396875 0.714063 0.393750 0.717187 0.393750 0.720313 0.390625 0.726562 0.390625 0.726562 0.378125 0.721875 0.378125 0.720313 0.376563 0.720313 0.375000 0.718750 0.373437 0.718750 0.365625
0 0.865625 0.940625 0.865625 0.960938 0.871875 0.960938 0.876563 0.965625 0.876563 0.970313 0.879687 0.970313 0.879687 0.965625 0.882812 0.962500 0.884375 0.962500 0.885938 0.960938 0.887500 0.960938 0.889062 0.959375 0.892188 0.959375 0.892188 0.956250 0.893750 0.954688 0.893750 0.953125 0.892188 0.951562 0.892188 0.948438 0.890625 0.946875 0.890625 0.940625
0 0.565625 0.596875 0.565625 0.620313 0.579688 0.620313 0.579688 0.615625 0.582812 0.612500 0.584375 0.612500 0.585938 0.610938 0.587500 0.610938 0.589063 0.609375 0.595313 0.609375 0.595313 0.596875
0 0.053125 0.603125 0.053125 0.620313 0.059375 0.620313 0.062500 0.623437 0.062500 0.625000 0.065625 0.628125 0.065625 0.639062 0.073438 0.639062 0.073438 0.626563 0.075000 0.625000 0.075000 0.623437 0.076563 0.621875 0.075000 0.620313 0.075000 0.618750 0.073438 0.617188 0.073438 0.615625 0.070312 0.612500 0.068750 0.612500 0.064062 0.607812 0.064062 0.603125
0 0.753125 0.503125 0.753125 0.525000 0.767188 0.525000 0.768750 0.526563 0.771875 0.526563 0.773438 0.528125 0.773438 0.532813 0.781250 0.532813 0.781250 0.526563 0.782813 0.525000 0.782813 0.520312 0.779687 0.517188 0.779687 0.515625 0.776563 0.512500 0.775000 0.512500 0.773438 0.510938 0.771875 0.510938 0.770312 0.509375 0.770312 0.503125
0 0.559375 0.553125 0.559375 0.557813 0.556250 0.560937 0.554688 0.560937 0.553125 0.562500 0.546875 0.562500 0.546875 0.582812 0.567187 0.582812 0.567187 0.578125 0.570312 0.575000 0.571875 0.575000 0.573438 0.573438 0.575000 0.573438 0.576562 0.571875 0.582812 0.571875 0.582812 0.560937 0.578125 0.560937 0.575000 0.557813 0.575000 0.553125
0 0.529687 0.571875 0.529687 0.576562 0.526563 0.579688 0.521875 0.579688 0.521875 0.601562 0.528125 0.601562 0.528125 0.596875 0.531250 0.593750 0.534375 0.593750 0.535937 0.592187 0.539062 0.592187 0.542188 0.589063 0.543750 0.589063 0.545312 0.587500 0.548438 0.587500 0.551562 0.584375 0.557813 0.584375 0.557813 0.582812 0.553125 0.582812 0.551562 0.581250 0.551562 0.579688 0.550000 0.578125 0.550000 0.571875
0 0.062500 0.753125 0.062500 0.757812 0.059375 0.760938 0.053125 0.760938 0.053125 0.782813 0.065625 0.782813 0.065625 0.776563 0.067187 0.775000 0.068750 0.775000 0.070312 0.773438 0.071875 0.773438 0.073438 0.771875 0.076563 0.771875 0.078125 0.770312 0.081250 0.770312 0.082812 0.768750 0.084375 0.768750 0.085938 0.767188 0.087500 0.767188 0.089063 0.765625 0.095312 0.765625 0.095312 0.753125
0 0.100000 0.821875 0.100000 0.826562 0.096875 0.829688 0.092188 0.829688 0.090625 0.831250 0.084375 0.831250 0.084375 0.851562 0.090625 0.851562 0.092188 0.850000 0.093750 0.850000 0.095312 0.848437 0.096875 0.848437 0.098437 0.846875 0.100000 0.846875 0.101562 0.845313 0.103125 0.845313 0.104688 0.843750 0.106250 0.843750 0.107813 0.842187 0.110937 0.842187 0.112500 0.840625 0.114062 0.840625 0.115625 0.839063 0.117188 0.839063 0.117188 0.837500 0.118750 0.835938 0.118750 0.831250 0.117188 0.829688 0.117188 0.821875
0 0.071875 0.646875 0.071875 0.667188 0.084375 0.667188 0.085938 0.665625 0.087500 0.665625 0.089063 0.664062 0.090625 0.664062 0.090625 0.662500 0.093750 0.659375 0.093750 0.657813 0.092188 0.656250 0.092188 0.646875
0 0.034375 0.553125 0.034375 0.575000 0.040625 0.575000 0.042188 0.576562 0.042188 0.578125 0.045312 0.581250 0.046875 0.581250 0.048438 0.579688 0.050000 0.579688 0.051562 0.578125 0.053125 0.578125 0.054688 0.576562 0.054688 0.575000 0.056250 0.573438 0.056250 0.565625 0.054688 0.564063 0.054688 0.562500 0.050000 0.557813 0.050000 0.553125
0 0.076563 0.890625 0.076563 0.896875 0.075000 0.898438 0.073438 0.898438 0.071875 0.900000 0.068750 0.900000 0.065625 0.903125 0.059375 0.903125 0.059375 0.914062 0.081250 0.914062 0.081250 0.909375 0.084375 0.906250 0.093750 0.906250 0.095312 0.904687 0.098437 0.904687 0.100000 0.903125 0.107813 0.903125 0.107813 0.898438 0.103125 0.898438 0.101562 0.896875 0.101562 0.890625
0 0.140625 0.065625 0.140625 0.087500 0.146875 0.087500 0.148438 0.085938 0.151562 0.085938 0.153125 0.084375 0.154688 0.084375 0.159375 0.079687 0.164062 0.079687 0.164062 0.075000 0.159375 0.075000 0.156250 0.071875 0.156250 0.065625
0 0.840625 0.871875 0.840625 0.901563 0.856250 0.901563 0.856250 0.896875 0.857812 0.895312 0.859375 0.895312 0.860938 0.893750 0.862500 0.893750 0.864062 0.892188 0.870313 0.892188 0.870313 0.881250 0.865625 0.881250 0.862500 0.878125 0.862500 0.871875
0 0.028125 0.790625 0.028125 0.820312 0.039062 0.820312 0.039062 0.815625 0.042188 0.812500 0.046875 0.812500 0.048438 0.810937 0.054688 0.810937 0.056250 0.809375 0.057813 0.809375 0.060937 0.806250 0.060937 0.804688 0.062500 0.803125 0.062500 0.800000 0.060937 0.798438 0.060937 0.790625
0 0.465625 0.003125 0.465625 0.020313 0.482812 0.020313 0.482812 0.015625 0.485938 0.012500 0.487500 0.012500 0.489063 0.010937 0.490625 0.010937 0.492188 0.009375 0.493750 0.009375 0.495312 0.007812 0.495312 0.003125
0 0.203125 0.853125 0.203125 0.857812 0.201563 0.859375 0.196875 0.859375 0.196875 0.875000 0.201563 0.875000 0.203125 0.873437 0.210938 0.873437 0.212500 0.871875 0.217188 0.871875 0.218750 0.870313 0.221875 0.870313 0.226562 0.865625 0.226562 0.864062 0.225000 0.862500 0.225000 0.859375 0.223438 0.857812 0.223438 0.853125
0 0.559375 0.578125 0.559375 0.607812 0.565625 0.607812 0.565625 0.601562 0.568750 0.598437 0.570312 0.598437 0.571875 0.596875 0.573438 0.596875 0.578125 0.592187 0.579688 0.592187 0.581250 0.590625 0.582812 0.590625 0.584375 0.589063 0.584375 0.578125
0 0.646875 0.546875 0.646875 0.570312 0.664062 0.570312 0.664062 0.565625 0.668750 0.560937 0.670312 0.560937 0.671875 0.559375 0.676562 0.559375 0.676562 0.556250 0.671875 0.556250 0.668750 0.553125 0.668750 0.546875
0 0.492188 0.659375 0.492188 0.664062 0.489063 0.667188 0.484375 0.667188 0.484375 0.682813 0.490625 0.682813 0.495312 0.687500 0.498437 0.687500 0.500000 0.685937 0.501563 0.685937 0.504687 0.682813 0.506250 0.682813 0.512500 0.676562 0.512500 0.670312 0.507812 0.665625 0.507812 0.659375
0 0.440625 0.003125 0.440625 0.025000 0.446875 0.025000 0.448437 0.026562 0.450000 0.026562 0.451562 0.028125 0.451562 0.032813 0.453125 0.032813 0.453125 0.028125 0.456250 0.025000 0.457813 0.025000 0.459375 0.023438 0.460938 0.023438 0.462500 0.021875 0.464062 0.021875 0.465625 0.020313 0.470313 0.020313 0.470313 0.010937 0.465625 0.010937 0.464062 0.009375 0.464062 0.003125
0 0.396875 0.659375 0.396875 0.693750 0.404687 0.693750 0.406250 0.695312 0.409375 0.695312 0.414062 0.690625 0.420312 0.690625 0.420312 0.679688 0.415625 0.679688 0.412500 0.676562 0.412500 0.675000 0.410938 0.673438 0.410938 0.670312 0.409375 0.668750 0.409375 0.667188 0.407813 0.665625 0.407813 0.659375
0 0.140625 0.078125 0.140625 0.101562 0.160938 0.101562 0.160938 0.093750 0.162500 0.092188 0.162500 0.090625 0.160938 0.089063 0.160938 0.087500 0.159375 0.085938 0.159375 0.078125
0 0.696875 0.346875 0.696875 0.370312 0.707812 0.370312 0.707812 0.365625 0.710938 0.362500 0.712500 0.362500 0.714063 0.360938 0.720313 0.360938 0.720313 0.354687 0.715625 0.354687 0.714063 0.353125 0.714063 0.346875
0 0.096875 0.865625 0.096875 0.890625 0.103125 0.890625 0.107813 0.895312 0.107813 0.901563 0.109375 0.901563 0.109375 0.896875 0.112500 0.893750 0.114062 0.893750 0.117188 0.890625 0.118750 0.890625 0.125000 0.884375 0.128125 0.884375 0.129688 0.882812 0.139063 0.882812 0.139063 0.881250 0.134375 0.881250 0.131250 0.878125 0.131250 0.875000 0.134375 0.871875 0.139063 0.871875 0.139063 0.865625
0 0.190625 0.821875 0.190625 0.845313 0.201563 0.845313 0.201563 0.840625 0.206250 0.835938 0.207813 0.835938 0.209375 0.834375 0.212500 0.834375 0.214062 0.832812 0.220312 0.832812 0.220312 0.821875
0 0.153125 0.115625 0.153125 0.137500 0.165625 0.137500 0.170313 0.132812 0.171875 0.132812 0.173437 0.131250 0.175000 0.131250 0.176563 0.129688 0.178125 0.129688 0.179688 0.128125 0.179688 0.126562 0.178125 0.125000 0.178125 0.123438 0.176563 0.121875 0.176563 0.115625
0 0.715625 0.409375 0.715625 0.432812 0.732812 0.432812 0.732812 0.420312 0.731250 0.418750 0.731250 0.409375
0 0.053125 0.878125 0.053125 0.914062 0.065625 0.914062 0.065625 0.903125 0.070312 0.898438 0.071875 0.898438 0.073438 0.896875 0.075000 0.896875 0.076563 0.895312 0.078125 0.895312 0.079687 0.893750 0.081250 0.893750 0.082812 0.892188 0.085938 0.892188 0.087500 0.890625 0.090625 0.890625 0.093750 0.887500 0.093750 0.885938 0.095312 0.884375 0.095312 0.878125 0.073438 0.878125 0.073438 0.884375 0.071875 0.885938 0.067187 0.885938 0.065625 0.887500 0.064062 0.885938 0.062500 0.885938 0.060937 0.884375 0.060937 0.878125
0 0.846875 0.940625 0.846875 0.959375 0.851562 0.959375 0.854688 0.962500 0.854688 0.964063 0.856250 0.965625 0.856250 0.967187 0.859375 0.970313 0.859375 0.971875 0.860938 0.973437 0.860938 0.975000 0.862500 0.976562 0.862500 0.978125 0.864062 0.979688 0.864062 0.984375 0.867188 0.987500 0.867188 0.989062 0.868750 0.990625 0.868750 0.995313 0.875000 0.995313 0.875000 0.989062 0.878125 0.985938 0.882812 0.985938 0.882812 0.984375 0.878125 0.984375 0.875000 0.981250 0.875000 0.979688 0.873437 0.978125 0.873437 0.973437 0.871875 0.971875 0.871875 0.964063 0.867188 0.959375 0.867188 0.957812 0.865625 0.956250 0.865625 0.954688 0.864062 0.953125 0.864062 0.948438 0.860938 0.945312 0.860938 0.940625
0 0.067187 0.865625 0.067187 0.871875 0.068750 0.873437 0.070312 0.873437 0.073438 0.876563 0.073438 0.879687 0.068750 0.884375 0.067187 0.884375 0.065625 0.885938 0.062500 0.882812 0.062500 0.875000 0.060937 0.873437 0.059375 0.873437 0.057813 0.871875 0.053125 0.871875 0.053125 0.907813 0.064062 0.907813 0.064062 0.903125 0.068750 0.898438 0.070312 0.898438 0.071875 0.896875 0.073438 0.896875 0.075000 0.895312 0.076563 0.895312 0.079687 0.892188 0.081250 0.892188 0.082812 0.890625 0.085938 0.890625 0.089063 0.887500 0.090625 0.887500 0.093750 0.884375 0.093750 0.876563 0.092188 0.875000 0.092188 0.873437 0.090625 0.871875 0.090625 0.865625
0 0.653125 0.565625 0.653125 0.589063 0.665625 0.589063 0.665625 0.584375 0.668750 0.581250 0.670312 0.581250 0.671875 0.579688 0.673438 0.579688 0.675000 0.578125 0.676562 0.578125 0.678125 0.576562 0.682813 0.576562 0.682813 0.565625
0 0.170313 0.128125 0.170313 0.132812 0.167187 0.135937 0.159375 0.135937 0.159375 0.151562 0.170313 0.151562 0.171875 0.150000 0.173437 0.150000 0.175000 0.148438 0.176563 0.148438 0.178125 0.146875 0.179688 0.146875 0.184375 0.142187 0.189062 0.142187 0.189062 0.128125
0 0.690625 0.396875 0.690625 0.423438 0.696875 0.423438 0.698438 0.425000 0.698438 0.426563 0.700000 0.428125 0.700000 0.432812 0.710938 0.432812 0.710938 0.417187 0.709375 0.415625 0.709375 0.414062 0.707812 0.412500 0.707812 0.410938 0.706250 0.409375 0.706250 0.406250 0.704688 0.404687 0.704688 0.403125 0.703125 0.401562 0.703125 0.396875
0 0.959375 0.934375 0.959375 0.950000 0.964063 0.950000 0.967187 0.953125 0.967187 0.956250 0.968750 0.957812 0.968750 0.960938 0.970313 0.962500 0.970313 0.965625 0.975000 0.970313 0.975000 0.971875 0.976562 0.973437 0.976562 0.975000 0.978125 0.976562 0.979688 0.975000 0.979688 0.971875 0.981250 0.970313 0.981250 0.967187 0.982812 0.965625 0.982812 0.964063 0.984375 0.962500 0.989062 0.962500 0.989062 0.945312 0.984375 0.945312 0.979688 0.940625 0.979688 0.934375
0 0.068750 0.859375 0.068750 0.864062 0.065625 0.867188 0.064062 0.867188 0.062500 0.868750 0.053125 0.868750 0.053125 0.895312 0.084375 0.895312 0.084375 0.889062 0.089063 0.884375 0.090625 0.884375 0.092188 0.882812 0.092188 0.875000 0.090625 0.873437 0.090625 0.870313 0.089063 0.868750 0.089063 0.865625 0.087500 0.864062 0.087500 0.859375
0 0.478125 0.640625 0.478125 0.670312 0.489063 0.670312 0.489063 0.664062 0.492188 0.660937 0.493750 0.660937 0.495312 0.659375 0.496875 0.659375 0.498437 0.657813 0.498437 0.653125 0.500000 0.651563 0.500000 0.640625
0 0.501563 0.028125 0.501563 0.034375 0.500000 0.035937 0.498437 0.035937 0.496875 0.037500 0.490625 0.037500 0.490625 0.064062 0.503125 0.064062 0.503125 0.059375 0.506250 0.056250 0.507812 0.056250 0.510938 0.053125 0.512500 0.053125 0.514062 0.051562 0.515625 0.051562 0.517188 0.050000 0.518750 0.050000 0.521875 0.046875 0.526563 0.046875 0.526563 0.043750 0.521875 0.043750 0.520312 0.042188 0.520312 0.040625 0.517188 0.037500 0.517188 0.035937 0.514062 0.032813 0.514062 0.028125
0 0.104688 0.840625 0.104688 0.845313 0.101562 0.848437 0.098437 0.848437 0.096875 0.850000 0.084375 0.850000 0.084375 0.862500 0.089063 0.862500 0.092188 0.865625 0.092188 0.870313 0.103125 0.870313 0.103125 0.864062 0.106250 0.860938 0.107813 0.860938 0.109375 0.859375 0.112500 0.859375 0.114062 0.857812 0.115625 0.857812 0.117188 0.856250 0.118750 0.856250 0.120313 0.854688 0.123438 0.854688 0.125000 0.853125 0.132812 0.853125 0.132812 0.850000 0.128125 0.850000 0.125000 0.846875 0.125000 0.840625
0 0.096875 0.859375 0.096875 0.889062 0.103125 0.889062 0.103125 0.882812 0.112500 0.873437 0.115625 0.873437 0.117188 0.871875 0.123438 0.871875 0.125000 0.870313 0.126562 0.870313 0.128125 0.868750 0.129688 0.868750 0.129688 0.867188 0.131250 0.865625 0.131250 0.859375
0 0.690625 0.659375 0.690625 0.682813 0.706250 0.682813 0.706250 0.676562 0.707812 0.675000 0.714063 0.675000 0.714063 0.659375
0 0.665625 0.584375 0.665625 0.614062 0.676562 0.614062 0.676562 0.609375 0.679688 0.606250 0.681250 0.606250 0.682813 0.604688 0.689063 0.604688 0.689063 0.584375
0 0.034375 0.815625 0.034375 0.839063 0.046875 0.839063 0.046875 0.834375 0.048438 0.832812 0.048438 0.831250 0.050000 0.829688 0.050000 0.828125 0.056250 0.821875 0.056250 0.815625
0 0.607812 0.657813 0.606250 0.659375 0.606250 0.664062 0.614062 0.664062 0.614062 0.657813
0 0.578125 0.634375 0.578125 0.664062 0.590625 0.664062 0.590625 0.657813 0.598437 0.650000 0.603125 0.650000 0.604688 0.648438 0.606250 0.648438 0.606250 0.642188 0.604688 0.640625 0.604688 0.634375
0 0.146875 0.096875 0.146875 0.120313 0.154688 0.120313 0.156250 0.118750 0.159375 0.118750 0.160938 0.117188 0.164062 0.117188 0.165625 0.115625 0.167187 0.115625 0.168750 0.114062 0.170313 0.114062 0.171875 0.112500 0.176563 0.112500 0.176563 0.103125 0.171875 0.103125 0.170313 0.101562 0.170313 0.096875
0 0.542188 0.609375 0.542188 0.614062 0.539062 0.617188 0.534375 0.617188 0.534375 0.631250 0.539062 0.631250 0.540625 0.632812 0.546875 0.632812 0.548438 0.631250 0.551562 0.631250 0.553125 0.629687 0.557813 0.629687 0.559375 0.628125 0.560937 0.628125 0.562500 0.626563 0.564063 0.626563 0.565625 0.625000 0.570312 0.625000 0.570312 0.618750 0.565625 0.618750 0.562500 0.615625 0.562500 0.609375
0 0.784375 0.584375 0.784375 0.614062 0.792188 0.614062 0.792188 0.609375 0.793750 0.607812 0.801562 0.607812 0.801562 0.584375
0 0.478125 0.921875 0.478125 0.940625 0.490625 0.940625 0.492188 0.939063 0.493750 0.939063 0.496875 0.935937 0.501563 0.935937 0.501563 0.928125 0.496875 0.928125 0.495312 0.926562 0.495312 0.921875
0 0.021875 0.784375 0.021875 0.820312 0.037500 0.820312 0.037500 0.815625 0.040625 0.812500 0.042188 0.812500 0.043750 0.810937 0.045312 0.810937 0.046875 0.809375 0.053125 0.809375 0.054688 0.807813 0.056250 0.807813 0.056250 0.806250 0.057813 0.804688 0.064062 0.804688 0.064062 0.798438 0.057813 0.798438 0.056250 0.796875 0.057813 0.795312 0.057813 0.793750 0.059375 0.792188 0.064062 0.792188 0.064062 0.784375
0 0.015625 0.003125 0.015625 0.028125 0.021875 0.028125 0.023438 0.029687 0.023438 0.031250 0.025000 0.032813 0.025000 0.039062 0.029687 0.039062 0.029687 0.034375 0.031250 0.032813 0.031250 0.031250 0.032813 0.029687 0.032813 0.020313 0.035937 0.017188 0.037500 0.017188 0.040625 0.014063 0.045312 0.014063 0.040625 0.014063 0.039062 0.012500 0.039062 0.009375 0.037500 0.007812 0.037500 0.003125
0 0.446875 0.671875 0.446875 0.714063 0.467187 0.714063 0.467187 0.704688 0.468750 0.703125 0.468750 0.701562 0.467187 0.700000 0.467187 0.684375 0.465625 0.682813 0.465625 0.679688 0.464062 0.678125 0.464062 0.671875
0 0.065625 0.628125 0.065625 0.651563 0.081250 0.651563 0.081250 0.646875 0.084375 0.643750 0.089063 0.643750 0.089063 0.635938 0.084375 0.635938 0.081250 0.632812 0.081250 0.628125
0 0.021875 0.896875 0.021875 0.912500 0.026562 0.912500 0.029687 0.915625 0.029687 0.920312 0.035937 0.920312 0.035937 0.915625 0.039062 0.912500 0.040625 0.912500 0.043750 0.909375 0.045312 0.909375 0.046875 0.907813 0.051562 0.907813 0.051562 0.904687 0.046875 0.904687 0.045312 0.903125 0.045312 0.896875
0 0.890625 0.984375 0.890625 0.998437 0.920312 0.998437 0.920312 0.996875 0.915625 0.996875 0.912500 0.993750 0.912500 0.990625 0.910937 0.989062 0.910937 0.984375
0 0.771875 0.559375 0.771875 0.587500 0.778125 0.587500 0.779687 0.589063 0.781250 0.589063 0.782813 0.590625 0.782813 0.595313 0.784375 0.595313 0.784375 0.590625 0.787500 0.587500 0.789062 0.587500 0.789062 0.584375 0.790625 0.582812 0.790625 0.573438 0.789062 0.571875 0.789062 0.568750 0.785937 0.565625 0.785937 0.559375
0 0.440625 0.659375 0.440625 0.682813 0.451562 0.682813 0.451562 0.675000 0.453125 0.673438 0.453125 0.671875 0.454688 0.670312 0.454688 0.659375
0 0.634375 0.978125 0.634375 0.998437 0.654687 0.998437 0.654687 0.990625 0.653125 0.989062 0.653125 0.987500 0.651563 0.985938 0.651563 0.984375 0.650000 0.982812 0.650000 0.978125
0 0.678125 0.328125 0.678125 0.350000 0.682813 0.350000 0.685937 0.353125 0.685937 0.357812 0.690625 0.357812 0.690625 0.350000 0.696875 0.343750 0.701562 0.343750 0.701562 0.335938 0.696875 0.335938 0.695312 0.334375 0.695312 0.328125
0 0.196875 0.864062 0.196875 0.870313 0.212500 0.870313 0.212500 0.865625 0.210938 0.864062
0 0.196875 0.840625 0.196875 0.857812 0.203125 0.857812 0.204687 0.856250 0.210938 0.856250 0.212500 0.854688 0.214062 0.854688 0.215625 0.853125 0.217188 0.853125 0.218750 0.851562 0.218750 0.850000 0.220312 0.848437 0.220312 0.840625
0 0.584375 0.646875 0.584375 0.668750 0.592187 0.668750 0.593750 0.667188 0.598437 0.667188 0.600000 0.665625 0.603125 0.665625 0.604688 0.664062 0.607812 0.664062 0.612500 0.659375 0.612500 0.653125 0.610938 0.651563 0.610938 0.646875
0 0.003125 0.028125 0.003125 0.057813 0.007812 0.057813 0.007812 0.053125 0.010937 0.050000 0.014063 0.050000 0.021875 0.042188 0.026562 0.042188 0.026562 0.035937 0.021875 0.035937 0.020313 0.034375 0.020313 0.028125
0 0.459375 0.903125 0.459375 0.932813 0.464062 0.932813 0.464062 0.928125 0.468750 0.923438 0.470313 0.923438 0.471875 0.921875 0.473438 0.921875 0.475000 0.920312 0.482812 0.920312 0.482812 0.915625 0.478125 0.915625 0.471875 0.909375 0.471875 0.903125
0 0.471875 0.903125 0.471875 0.920312 0.482812 0.920312 0.484375 0.918750 0.485938 0.918750 0.489063 0.915625 0.495312 0.915625 0.495312 0.914062 0.490625 0.914062 0.487500 0.910937 0.487500 0.903125
0 0.471875 0.621875 0.471875 0.651563 0.476562 0.651563 0.476562 0.645312 0.482812 0.639062 0.484375 0.639062 0.487500 0.635938 0.489063 0.635938 0.490625 0.634375 0.492188 0.634375 0.492188 0.621875
0 0.790625 0.628125 0.790625 0.651563 0.796875 0.651563 0.798438 0.653125 0.798438 0.657813 0.804688 0.657813 0.804688 0.653125 0.807813 0.650000 0.814063 0.650000 0.814063 0.637500 0.809375 0.637500 0.806250 0.634375 0.806250 0.628125
0 0.521875 0.578125 0.521875 0.601562 0.531250 0.601562 0.531250 0.596875 0.534375 0.593750 0.537500 0.593750 0.539062 0.592187 0.540625 0.592187 0.542188 0.590625 0.545312 0.590625 0.546875 0.589063 0.550000 0.589063 0.553125 0.585938 0.557813 0.585938 0.557813 0.578125
0 0.178125 0.109375 0.178125 0.132812 0.195312 0.132812 0.195312 0.126562 0.196875 0.125000 0.198437 0.125000 0.200000 0.123438 0.201563 0.123438 0.203125 0.121875 0.204687 0.121875 0.206250 0.120313 0.206250 0.118750 0.209375 0.115625 0.214062 0.115625 0.214062 0.109375
0 0.678125 0.321875 0.678125 0.351562 0.693750 0.351562 0.693750 0.345313 0.695312 0.343750 0.701562 0.343750 0.701562 0.335938 0.695312 0.335938 0.693750 0.334375 0.693750 0.331250 0.692187 0.329688 0.692187 0.321875
0 0.178125 0.090625 0.178125 0.114062 0.203125 0.114062 0.203125 0.107813 0.204687 0.106250 0.204687 0.104688 0.206250 0.103125 0.206250 0.101562 0.204687 0.100000 0.204687 0.090625
0 0.415625 0.615625 0.415625 0.645312 0.428125 0.645312 0.428125 0.640625 0.431250 0.637500 0.432812 0.637500 0.435937 0.634375 0.437500 0.634375 0.439063 0.632812 0.439063 0.631250 0.440625 0.629687 0.445312 0.629687 0.445312 0.626563 0.440625 0.626563 0.434375 0.620313 0.434375 0.615625
0 0.471875 0.921875 0.471875 0.943750 0.478125 0.943750 0.479687 0.942187 0.482812 0.942187 0.484375 0.940625 0.492188 0.940625 0.495312 0.937500 0.501563 0.937500 0.501563 0.929688 0.496875 0.929688 0.495312 0.928125 0.495312 0.921875
0 0.528125 0.596875 0.528125 0.620313 0.542188 0.620313 0.542188 0.614062 0.546875 0.609375 0.551562 0.609375 0.556250 0.604688 0.556250 0.596875
0 0.090625 0.040625 0.090625 0.070312 0.107813 0.070312 0.107813 0.053125 0.101562 0.053125 0.100000 0.051562 0.100000 0.050000 0.096875 0.046875 0.096875 0.040625
0 0.684375 0.353125 0.684375 0.382812 0.696875 0.382812 0.696875 0.370312 0.695312 0.368750 0.695312 0.365625 0.693750 0.364063 0.693750 0.353125
0 0.003125 0.009375 0.003125 0.032813 0.007812 0.032813 0.009375 0.034375 0.012500 0.034375 0.014063 0.035937 0.020313 0.035937 0.020313 0.025000 0.015625 0.025000 0.012500 0.021875 0.012500 0.020313 0.009375 0.017188 0.009375 0.015625 0.007812 0.014063 0.007812 0.009375
0 0.846875 0.928125 0.846875 0.960938 0.851562 0.960938 0.854688 0.964063 0.854688 0.965625 0.856250 0.967187 0.856250 0.968750 0.859375 0.971875 0.859375 0.973437 0.860938 0.975000 0.860938 0.976562 0.862500 0.978125 0.862500 0.981250 0.864062 0.982812 0.864062 0.984375 0.865625 0.985938 0.865625 0.987500 0.867188 0.989062 0.867188 0.995313 0.875000 0.995313 0.875000 0.989062 0.876563 0.987500 0.876563 0.984375 0.875000 0.982812 0.875000 0.981250 0.873437 0.979688 0.873437 0.976562 0.871875 0.975000 0.871875 0.965625 0.867188 0.960938 0.867188 0.959375 0.865625 0.957812 0.865625 0.956250 0.864062 0.954688 0.864062 0.951562 0.862500 0.950000 0.862500 0.948438 0.860938 0.946875 0.860938 0.945312 0.856250 0.940625 0.856250 0.939063 0.854688 0.937500 0.854688 0.935937 0.853125 0.934375 0.853125 0.928125
0 0.028125 0.909375 0.028125 0.926562 0.040625 0.926562 0.042188 0.925000 0.043750 0.925000 0.045312 0.923438 0.046875 0.923438 0.048438 0.921875 0.050000 0.921875 0.051562 0.920312 0.051562 0.909375
0 0.596875 0.971875 0.596875 0.993750 0.606250 0.993750 0.607812 0.995313 0.609375 0.995313 0.610938 0.996875 0.610938 0.998437 0.621875 0.998437 0.621875 0.990625 0.620313 0.989062 0.618750 0.989062 0.617188 0.987500 0.617188 0.985938 0.615625 0.984375 0.615625 0.981250 0.617188 0.979688 0.618750 0.979688 0.620313 0.978125 0.621875 0.978125 0.623437 0.979688 0.625000 0.979688 0.626563 0.981250 0.632812 0.981250 0.632812 0.971875
0 0.696875 0.678125 0.696875 0.701562 0.720313 0.701562 0.720313 0.678125
0 0.359375 0.796875 0.359375 0.820312 0.368750 0.820312 0.368750 0.815625 0.375000 0.809375 0.375000 0.796875
0 0.603125 0.965625 0.603125 0.982812 0.612500 0.982812 0.614062 0.984375 0.614062 0.985938 0.615625 0.987500 0.615625 0.989062 0.618750 0.992188 0.620313 0.992188 0.621875 0.993750 0.623437 0.992188 0.626563 0.992188 0.628125 0.990625 0.628125 0.987500 0.629687 0.985938 0.629687 0.984375 0.634375 0.979688 0.639062 0.979688 0.639062 0.975000 0.634375 0.975000 0.631250 0.971875 0.631250 0.965625
0 0.765625 0.540625 0.765625 0.570312 0.779687 0.570312 0.779687 0.564063 0.781250 0.562500 0.782813 0.562500 0.784375 0.560937 0.785937 0.560937 0.787500 0.559375 0.787500 0.551562 0.785937 0.550000 0.785937 0.548438 0.784375 0.546875 0.784375 0.540625
0 0.440625 0.665625 0.440625 0.695312 0.454688 0.695312 0.454688 0.689063 0.453125 0.687500 0.453125 0.678125 0.454688 0.676562 0.454688 0.671875 0.456250 0.670312 0.456250 0.665625
0 0.081250 0.765625 0.081250 0.770312 0.078125 0.773438 0.076563 0.773438 0.073438 0.776563 0.059375 0.776563 0.059375 0.792188 0.065625 0.792188 0.067187 0.790625 0.068750 0.790625 0.076563 0.782813 0.085938 0.782813 0.087500 0.784375 0.101562 0.784375 0.101562 0.775000 0.095312 0.775000 0.090625 0.770312 0.090625 0.765625
0 0.959375 0.909375 0.959375 0.939063 0.965625 0.939063 0.965625 0.934375 0.968750 0.931250 0.970313 0.931250 0.973437 0.928125 0.975000 0.928125 0.975000 0.925000 0.976562 0.923438 0.976562 0.921875 0.975000 0.920312 0.975000 0.918750 0.973437 0.917188 0.973437 0.909375
0 0.678125 0.359375 0.678125 0.381250 0.690625 0.381250 0.692187 0.379688 0.701562 0.379688 0.701562 0.371875 0.696875 0.371875 0.692187 0.367188 0.692187 0.359375
0 0.165625 0.071875 0.165625 0.095312 0.185938 0.095312 0.185938 0.090625 0.189062 0.087500 0.190625 0.087500 0.192188 0.085938 0.193750 0.085938 0.195312 0.084375 0.201563 0.084375 0.201563 0.071875
0 0.453125 0.678125 0.453125 0.700000 0.457813 0.700000 0.464062 0.706250 0.465625 0.706250 0.467187 0.704688 0.470313 0.704688 0.471875 0.703125 0.476562 0.703125 0.476562 0.689063 0.471875 0.689063 0.468750 0.685937 0.468750 0.678125
0 0.434375 0.746875 0.434375 0.782813 0.457813 0.782813 0.457813 0.773438 0.453125 0.773438 0.446875 0.767188 0.446875 0.765625 0.445312 0.764062 0.445312 0.754687 0.443750 0.753125 0.443750 0.746875
0 0.943750 0.003125 0.943750 0.009375 0.945312 0.010937 0.945312 0.020313 0.948438 0.020313 0.948438 0.012500 0.950000 0.010937 0.950000 0.003125
0 0.521875 0.584375 0.521875 0.607812 0.540625 0.607812 0.540625 0.600000 0.542188 0.598437 0.542188 0.596875 0.545312 0.593750 0.546875 0.593750 0.548438 0.592187 0.550000 0.592187 0.551562 0.590625 0.557813 0.590625 0.557813 0.584375
0 0.946875 0.003125 0.946875 0.026562 0.970313 0.026562 0.970313 0.003125
0 0.703125 0.365625 0.703125 0.407813 0.726562 0.407813 0.726562 0.401562 0.725000 0.400000 0.725000 0.398438 0.721875 0.395313 0.721875 0.379688 0.720313 0.378125 0.720313 0.375000 0.718750 0.373437 0.718750 0.365625
0 0.171875 0.084375 0.171875 0.107813 0.195312 0.107813 0.195312 0.103125 0.200000 0.098437 0.200000 0.093750 0.198437 0.092188 0.198437 0.084375
0 0.640625 0.581250 0.640625 0.615625 0.648438 0.615625 0.650000 0.617188 0.651563 0.617188 0.653125 0.615625 0.653125 0.614062 0.654687 0.612500 0.654687 0.601562 0.653125 0.600000 0.653125 0.598437 0.651563 0.596875 0.651563 0.595313 0.650000 0.593750 0.650000 0.590625 0.648438 0.589063 0.648438 0.585938 0.646875 0.584375 0.646875 0.582812 0.645312 0.581250
0 0.446875 0.790625 0.446875 0.814063 0.460938 0.814063 0.460938 0.807813 0.462500 0.806250 0.462500 0.804688 0.464062 0.803125 0.464062 0.800000 0.462500 0.798438 0.462500 0.790625
0 0.503125 0.684375 0.503125 0.718750 0.507812 0.718750 0.510938 0.721875 0.510938 0.726562 0.526563 0.726562 0.526563 0.693750 0.521875 0.693750 0.518750 0.690625 0.518750 0.684375
0 0.465625 0.615625 0.465625 0.635938 0.471875 0.635938 0.471875 0.634375 0.473438 0.632812 0.475000 0.632812 0.476562 0.631250 0.484375 0.631250 0.485938 0.632812 0.495312 0.632812 0.495312 0.623437 0.490625 0.623437 0.487500 0.620313 0.487500 0.615625
0 0.734375 0.484375 0.734375 0.507812 0.748437 0.507812 0.748437 0.503125 0.753125 0.498437 0.753125 0.496875 0.754687 0.495312 0.754687 0.484375
0 0.503125 0.684375 0.503125 0.707812 0.526563 0.707812 0.526563 0.696875 0.521875 0.696875 0.518750 0.693750 0.518750 0.692187 0.517188 0.690625 0.517188 0.684375
0 0.446875 0.934375 0.446875 0.956250 0.453125 0.956250 0.456250 0.953125 0.457813 0.953125 0.459375 0.951562 0.462500 0.951562 0.464062 0.950000 0.470313 0.950000 0.470313 0.934375
0 0.015625 0.903125 0.015625 0.929688 0.026562 0.929688 0.028125 0.928125 0.029687 0.928125 0.029687 0.926562 0.028125 0.925000 0.028125 0.920312 0.026562 0.918750 0.026562 0.915625 0.021875 0.910937 0.021875 0.909375 0.020313 0.907813 0.020313 0.903125
0 0.353125 0.784375 0.353125 0.801562 0.360938 0.801562 0.360938 0.796875 0.367188 0.790625 0.367188 0.784375
0 0.665625 0.590625 0.665625 0.603125 0.671875 0.603125 0.675000 0.606250 0.676562 0.606250 0.678125 0.607812 0.679688 0.606250 0.684375 0.606250 0.689063 0.601562 0.689063 0.590625
