0 0.493817 0.825258 0.532893 0.825258 0.532893 0.867579 0.493817 0.867579
0 0.706615 0.457379 0.748002 0.457379 0.748002 0.496565 0.706615 0.496565
0 0.480038 0.798441 0.514015 0.798441 0.514015 0.844896 0.480038 0.844896
0 0.511632 0.849729 0.546173 0.849729 0.546173 0.903773 0.511632 0.903773
0 0.680114 0.445653 0.713881 0.445653 0.713881 0.477404 0.680114 0.477404
0 0.721743 0.469758 0.759698 0.469758 0.759698 0.511510 0.721743 0.511510
0 0.493973 0.766833 0.517980 0.766833 0.517980 0.814638 0.493973 0.814638
0 0.657316 0.176853 0.684654 0.176853 0.684654 0.210512 0.657316 0.210512
0 0.172464 0.847200 0.194568 0.847200 0.194568 0.867865 0.172464 0.867865
0 0.674246 0.427201 0.698941 0.427201 0.698941 0.454970 0.674246 0.454970
0 0.978616 0.057227 0.999406 0.057227 0.999406 0.095477 0.978616 0.095477
0 0.465022 0.062796 0.492798 0.062796 0.492798 0.085784 0.465022 0.085784
0 0.442375 0.055191 0.473767 0.055191 0.473767 0.078087 0.442375 0.078087
0 0.169320 0.824123 0.192593 0.824123 0.192593 0.846626 0.169320 0.846626
0 0.965483 0.023352 0.986145 0.023352 0.986145 0.051385 0.965483 0.051385
0 0.512833 0.530738 0.542295 0.530738 0.542295 0.576308 0.512833 0.576308
0 0.499901 0.983328 0.524223 0.983328 0.524223 0.999516 0.499901 0.999516
0 0.637421 0.150388 0.659767 0.150388 0.659767 0.177742 0.637421 0.177742
0 0.703442 0.445183 0.729393 0.445183 0.729393 0.469624 0.703442 0.469624
