0 0.7602 595.57 522.05 611.46 538.83
0 0.7493 572.08 532.04 595.81 548.66
0 0.7483 605.01 547.17 620.12 562.87
0 0.7455 581.00 551.53 604.51 569.33
0 0.7411 538.51 548.56 555.48 563.52
0 0.7284 554.26 541.19 572.26 556.23
0 0.7178 561.13 554.87 580.11 571.70
0 0.7088 547.69 260.35 566.97 276.53
0 0.7075 502.52 581.24 515.70 596.25
0 0.7061 503.53 255.92 523.52 273.06
0 0.7008 579.05 546.66 602.65 564.82
0 0.6933 564.53 497.97 588.37 521.43
0 0.6789 503.68 235.41 522.12 253.77
0 0.6757 535.26 252.15 558.45 272.40
0 0.6585 560.16 486.74 580.52 504.54
0 0.6529 492.86 552.58 504.36 567.41
0 0.6496 601.79 535.20 613.75 550.22
0 0.6495 534.43 464.18 554.76 481.96
0 0.6394 481.51 523.80 493.86 538.75
0 0.6392 483.86 225.88 498.05 241.86
0 0.6382 474.95 507.59 486.64 521.48
0 0.6331 530.37 433.09 543.43 445.64
0 0.6330 490.49 250.74 506.48 266.75
0 0.6314 558.23 478.34 579.53 504.07
0 0.6262 481.53 247.21 498.98 263.27
0 0.6190 582.52 486.47 597.01 500.94
0 0.6104 529.67 270.54 547.34 288.45
0 0.6081 527.48 606.22 543.97 622.76
0 0.5989 504.05 585.93 517.54 604.49
0 0.5979 494.68 228.64 508.32 246.29
0 0.5877 522.08 591.48 536.85 603.40
0 0.5835 526.41 451.48 546.14 468.18
0 0.5813 526.27 249.09 547.20 264.76
0 0.5706 545.54 565.95 562.57 580.66
0 0.5660 557.12 473.51 577.85 499.48
0 0.5659 549.38 573.92 566.66 588.44
0 0.5652 565.65 565.65 581.85 579.54
0 0.5601 550.90 455.41 565.14 469.08
0 0.5530 505.26 440.06 519.13 453.65
0 0.5456 543.72 284.44 563.43 299.18
0 0.5247 500.64 610.36 514.74 628.81
0 0.5244 488.97 544.69 501.14 563.28
0 0.5173 461.09 308.95 482.07 329.65
0 0.4935 523.24 445.13 537.89 458.49
0 0.4878 510.26 564.57 534.42 597.58
0 0.4873 547.95 572.05 566.10 586.40
0 0.4873 485.24 535.95 496.31 550.19
0 0.4784 470.22 497.28 481.65 510.37
0 0.4659 516.71 616.40 534.79 639.43
0 0.4646 496.55 567.00 508.18 581.72
0 0.4577 471.77 498.78 483.89 513.39
0 0.4546 558.48 551.31 577.13 566.63
0 0.4495 543.41 563.58 560.64 580.87
0 0.4480 503.67 624.18 517.91 639.62
0 0.4407 535.74 583.98 550.48 598.32
0 0.4329 573.17 448.80 590.77 488.73
0 0.4210 500.06 424.70 513.48 437.00
0 0.4202 496.70 612.76 511.82 631.74
0 0.4195 526.24 431.83 544.17 446.88
0 0.4009 525.76 250.30 549.23 267.96
