0 0.131393 0.180826 0.185551 0.180826 0.185551 0.259599 0.131393 0.259599
0 0.117394 0.248198 0.221106 0.248198 0.221106 0.368843 0.117394 0.368843
0 0.227969 0.196556 0.325784 0.196556 0.325784 0.312824 0.227969 0.312824
0 0.086120 0.292650 0.132044 0.292650 0.132044 0.353818 0.086120 0.353818
0 0.062290 0.280276 0.106023 0.280276 0.106023 0.344585 0.062290 0.344585
0 0.156685 0.283496 0.277101 0.283496 0.277101 0.395512 0.156685 0.395512
0 0.024658 0.177316 0.078922 0.177316 0.078922 0.254212 0.024658 0.254212
0 0.053292 0.123552 0.108530 0.123552 0.108530 0.191497 0.053292 0.191497
0 0.284044 0.251065 0.368127 0.251065 0.368127 0.366003 0.284044 0.366003
0 0.100482 0.359643 0.149874 0.359643 0.149874 0.411877 0.100482 0.411877
0 0.000000 0.080401 0.041213 0.080401 0.041213 0.145081 0.000000 0.145081
0 0.003219 0.251258 0.045594 0.251258 0.045594 0.319950 0.003219 0.319950
0 0.041209 0.200424 0.089106 0.200424 0.089106 0.266234 0.041209 0.266234
0 0.256902 0.317498 0.330745 0.317498 0.330745 0.391319 0.256902 0.391319
0 0.207311 0.181124 0.285678 0.181124 0.285678 0.275806 0.207311 0.275806
0 0.135946 0.372243 0.184806 0.372243 0.184806 0.421106 0.135946 0.421106
0 0.108362 0.249991 0.150173 0.249991 0.150173 0.301362 0.108362 0.301362
0 0.176204 0.177910 0.258007 0.177910 0.258007 0.264107 0.176204 0.264107
0 0.155273 0.423752 0.219720 0.423752 0.219720 0.454935 0.155273 0.454935
0 0.305160 0.366439 0.375439 0.366439 0.375439 0.449295 0.305160 0.449295
0 0.000000 0.319964 0.033825 0.319964 0.033825 0.380611 0.000000 0.380611
0 0.220480 0.412605 0.270954 0.412605 0.270954 0.457322 0.220480 0.457322
0 0.173364 0.384879 0.218934 0.384879 0.218934 0.430653 0.173364 0.430653
0 0.112798 0.169614 0.169258 0.169614 0.169258 0.249175 0.112798 0.249175
0 0.059267 0.223377 0.104327 0.223377 0.104327 0.276720 0.059267 0.276720
0 0.042099 0.271672 0.085289 0.271672 0.085289 0.335973 0.042099 0.335973
0 0.270481 0.423628 0.323397 0.423628 0.323397 0.464985 0.270481 0.464985
0 0.218624 0.354181 0.289638 0.354181 0.289638 0.429516 0.218624 0.429516
0 0.098230 0.161172 0.153058 0.161172 0.153058 0.239622 0.098230 0.239622
0 0.010415 0.331356 0.062741 0.331356 0.062741 0.385270 0.010415 0.385270
0 0.082963 0.238553 0.125216 0.238553 0.125216 0.289179 0.082963 0.289179
0 0.024432 0.137687 0.060051 0.137687 0.060051 0.170662 0.024432 0.170662
0 0.267003 0.391695 0.314635 0.391695 0.314635 0.434183 0.267003 0.434183
0 0.035962 0.403858 0.093023 0.403858 0.093023 0.438960 0.035962 0.438960
0 0.341097 0.313728 0.413819 0.313728 0.413819 0.424100 0.341097 0.424100
0 0.023397 0.262783 0.066081 0.262783 0.066081 0.326898 0.023397 0.326898
0 0.407054 0.345247 0.439586 0.345247 0.439586 0.376175 0.407054 0.376175
0 0.281649 0.096620 0.308676 0.096620 0.308676 0.117218 0.281649 0.117218
0 0.083536 0.148543 0.125971 0.148543 0.125971 0.215492 0.083536 0.215492
0 0.017697 0.431713 0.081461 0.431713 0.081461 0.465408 0.017697 0.465408
0 0.007787 0.170585 0.056781 0.170585 0.056781 0.247310 0.007787 0.247310
0 0.082907 0.432729 0.148865 0.432729 0.148865 0.462091 0.082907 0.462091
0 0.040085 0.339185 0.102856 0.339185 0.102856 0.392738 0.040085 0.392738
0 0.000053 0.159088 0.043067 0.159088 0.043067 0.241759 0.000053 0.241759
0 0.090560 0.408173 0.157373 0.408173 0.157373 0.443633 0.090560 0.443633
0 0.383905 0.312208 0.412083 0.312208 0.412083 0.345711 0.383905 0.345711
0 0.002377 0.455203 0.071776 0.455203 0.071776 0.483111 0.002377 0.483111
0 0.000000 0.246182 0.030327 0.246182 0.030327 0.310357 0.000000 0.310357
0 0.030888 0.118753 0.072943 0.118753 0.072943 0.153450 0.030888 0.153450
0 0.126181 0.137735 0.154228 0.137735 0.154228 0.169039 0.126181 0.169039
0 0.090046 0.154338 0.133109 0.154338 0.133109 0.228646 0.090046 0.228646
0 0.033695 0.108512 0.077799 0.108512 0.077799 0.140836 0.033695 0.140836
0 0.113326 0.127074 0.141669 0.127074 0.141669 0.158180 0.113326 0.158180
0 0.069473 0.364349 0.107631 0.364349 0.107631 0.399873 0.069473 0.399873
0 0.000000 0.028888 0.028800 0.028888 0.028800 0.065791 0.000000 0.065791
0 0.385346 0.227950 0.416706 0.227950 0.416706 0.246216 0.385346 0.246216
0 0.417837 0.226382 0.442952 0.226382 0.442952 0.243409 0.417837 0.243409
0 0.164967 0.164947 0.196036 0.164947 0.196036 0.191568 0.164967 0.191568
0 0.220015 0.441911 0.276101 0.441911 0.276101 0.474394 0.220015 0.474394
0 0.252837 0.015227 0.308467 0.015227 0.308467 0.042986 0.252837 0.042986
0 0.341445 0.228264 0.367704 0.228264 0.367704 0.250185 0.341445 0.250185
0 0.025265 0.068212 0.050812 0.068212 0.050812 0.096822 0.025265 0.096822
0 0.000153 0.138743 0.020085 0.138743 0.020085 0.192222 0.000153 0.192222
0 0.246129 0.050826 0.269996 0.050826 0.269996 0.071343 0.246129 0.071343
0 0.051868 0.211204 0.100470 0.211204 0.100470 0.273712 0.051868 0.273712
0 0.057452 0.093212 0.091560 0.093212 0.091560 0.127073 0.057452 0.127073
0 0.095913 0.116773 0.119445 0.116773 0.119445 0.140752 0.095913 0.140752
0 0.044791 0.079390 0.069989 0.079390 0.069989 0.109224 0.044791 0.109224
0 0.442175 0.355850 0.478808 0.355850 0.478808 0.371638 0.442175 0.371638
0 0.078249 0.461235 0.141759 0.461235 0.141759 0.482060 0.078249 0.482060
0 0.251701 0.068360 0.276484 0.068360 0.276484 0.092458 0.251701 0.092458
0 0.282399 0.119220 0.309647 0.119220 0.309647 0.144192 0.282399 0.144192
0 0.413898 0.400404 0.431945 0.400404 0.431945 0.421855 0.413898 0.421855
0 0.417750 0.240460 0.441264 0.240460 0.441264 0.249927 0.417750 0.249927
0 0.000004 0.143057 0.028768 0.143057 0.028768 0.212536 0.000004 0.212536
0 0.146563 0.152099 0.172363 0.152099 0.172363 0.176731 0.146563 0.176731
0 0.122726 0.129659 0.154642 0.129659 0.154642 0.164477 0.122726 0.164477
0 0.278590 0.059843 0.304557 0.059843 0.304557 0.077747 0.278590 0.077747
0 0.274320 0.063479 0.299552 0.063479 0.299552 0.081077 0.274320 0.081077
0 0.402883 0.268492 0.427989 0.268492 0.427989 0.290682 0.402883 0.290682
0 0.412918 0.253462 0.435414 0.253462 0.435414 0.271323 0.412918 0.271323
0 0.404834 0.290707 0.430324 0.290707 0.430324 0.309863 0.404834 0.309863
0 0.402569 0.344585 0.425033 0.344585 0.425033 0.376780 0.402569 0.376780
0 0.863250 0.000000 1.000000 0.000000 1.000000 0.105214 0.863250 0.105214
0 0.269792 0.166284 0.305987 0.166284 0.305987 0.190221 0.269792 0.190221
0 0.258516 0.097927 0.282288 0.097927 0.282288 0.119353 0.258516 0.119353
0 0.295366 0.148010 0.316895 0.148010 0.316895 0.163221 0.295366 0.163221
0 0.083250 0.110074 0.106839 0.110074 0.106839 0.133218 0.083250 0.133218
0 0.294870 0.183718 0.334168 0.183718 0.334168 0.223987 0.294870 0.223987
0 0.331977 0.215336 0.358681 0.215336 0.358681 0.233568 0.331977 0.233568
0 0.333305 0.220142 0.360398 0.220142 0.360398 0.239198 0.333305 0.239198
0 0.000065 0.838929 0.038482 0.838929 0.038482 0.869586 0.000065 0.869586
0 0.054921 0.000407 0.085212 0.000407 0.085212 0.032367 0.054921 0.032367
0 0.296213 0.163888 0.315082 0.163888 0.315082 0.180647 0.296213 0.180647
0 0.032288 0.879427 0.048239 0.879427 0.048239 0.902140 0.032288 0.902140
0 0.441463 0.339032 0.460895 0.339032 0.460895 0.349816 0.441463 0.349816
0 0.085069 0.111858 0.112535 0.111858 0.112535 0.134788 0.085069 0.134788
