0 0.015625 0.753125 0.015625 0.765625 0.025000 0.765625 0.026562 0.764062 0.029687 0.764062 0.031250 0.762500 0.037500 0.762500 0.040625 0.765625 0.039062 0.767188 0.037500 0.767188 0.035937 0.768750 0.034375 0.768750 0.032813 0.770312 0.032813 0.776563 0.045312 0.776563 0.045312 0.753125
0 0.015625 0.959375 0.015625 0.982812 0.032813 0.982812 0.032813 0.978125 0.037500 0.973437 0.037500 0.968750 0.035937 0.967187 0.035937 0.959375
0 0.159375 0.796875 0.159375 0.812500 0.165625 0.812500 0.168750 0.815625 0.168750 0.820312 0.175000 0.820312 0.175000 0.815625 0.176563 0.814063 0.178125 0.814063 0.181250 0.810937 0.181250 0.804688 0.179688 0.803125 0.179688 0.796875
0 0.003125 0.790625 0.003125 0.806250 0.009375 0.806250 0.010937 0.804688 0.014063 0.804688 0.015625 0.803125 0.023438 0.803125 0.025000 0.801562 0.039062 0.801562 0.039062 0.790625
0 0.021875 0.765625 0.021875 0.781250 0.028125 0.781250 0.029687 0.782813 0.032813 0.782813 0.034375 0.781250 0.045312 0.781250 0.045312 0.765625
0 0.034375 0.953125 0.034375 0.976562 0.048438 0.976562 0.048438 0.971875 0.053125 0.967187 0.057813 0.967187 0.057813 0.953125
0 0.000000 0.753125 0.000000 0.779687 0.009375 0.779687 0.014063 0.775000 0.014063 0.773438 0.015625 0.771875 0.020313 0.771875 0.020313 0.770312 0.015625 0.770312 0.012500 0.767188 0.012500 0.764062 0.010937 0.762500 0.010937 0.760938 0.009375 0.759375 0.009375 0.753125
0 0.071875 0.934375 0.071875 0.957812 0.085938 0.957812 0.085938 0.953125 0.087500 0.951562 0.087500 0.950000 0.090625 0.946875 0.095312 0.946875 0.095312 0.942187 0.090625 0.942187 0.089063 0.940625 0.089063 0.934375
0 0.015625 0.790625 0.015625 0.807813 0.035937 0.807813 0.035937 0.803125 0.037500 0.801562 0.039062 0.801562 0.040625 0.800000 0.045312 0.800000 0.045312 0.790625
0 0.000000 0.934375 0.000000 0.956250 0.003125 0.956250 0.004687 0.957812 0.004687 0.964063 0.020313 0.964063 0.020313 0.934375
0 0.015625 0.734375 0.015625 0.757812 0.039062 0.757812 0.039062 0.753125 0.037500 0.751563 0.037500 0.750000 0.035937 0.748437 0.035937 0.743750 0.037500 0.742188 0.037500 0.734375
0 0.003125 0.703125 0.003125 0.720313 0.009375 0.720313 0.010937 0.718750 0.017188 0.718750 0.020313 0.721875 0.020313 0.726562 0.021875 0.726562 0.021875 0.718750 0.023438 0.717187 0.023438 0.714063 0.028125 0.709375 0.032813 0.709375 0.032813 0.703125
0 0.003125 0.803125 0.003125 0.825000 0.014063 0.825000 0.017188 0.821875 0.018750 0.821875 0.020313 0.820312 0.021875 0.820312 0.023438 0.818750 0.026562 0.818750 0.028125 0.817187 0.032813 0.817187 0.032813 0.803125
0 0.009375 0.821875 0.009375 0.845313 0.028125 0.845313 0.028125 0.839063 0.029687 0.837500 0.029687 0.835938 0.031250 0.834375 0.031250 0.831250 0.029687 0.829688 0.029687 0.821875
0 0.000000 0.684375 0.000000 0.703125 0.004687 0.703125 0.006250 0.701562 0.007812 0.701562 0.009375 0.700000 0.010937 0.700000 0.012500 0.698438 0.015625 0.698438 0.017188 0.696875 0.018750 0.696875 0.018750 0.684375
0 0.165625 0.821875 0.165625 0.837500 0.170313 0.837500 0.171875 0.839063 0.173437 0.839063 0.175000 0.840625 0.175000 0.845313 0.179688 0.845313 0.179688 0.839063 0.181250 0.837500 0.181250 0.835938 0.184375 0.832812 0.195312 0.832812 0.195312 0.821875
0 0.184375 0.846875 0.184375 0.864062 0.214062 0.864062 0.214062 0.859375 0.209375 0.859375 0.207813 0.857812 0.207813 0.846875
0 0.053125 0.940625 0.053125 0.964063 0.068750 0.964063 0.068750 0.959375 0.071875 0.956250 0.076563 0.956250 0.076563 0.940625
0 0.003125 0.965625 0.003125 0.982812 0.015625 0.982812 0.018750 0.979688 0.018750 0.978125 0.020313 0.976562 0.018750 0.975000 0.018750 0.965625
0 0.290625 0.021875 0.290625 0.039062 0.307812 0.039062 0.307812 0.021875
0 0.000000 0.840625 0.000000 0.867188 0.003125 0.867188 0.006250 0.864062 0.007812 0.864062 0.009375 0.862500 0.014063 0.862500 0.014063 0.840625
0 0.290625 0.003125 0.290625 0.026562 0.303125 0.026562 0.303125 0.021875 0.306250 0.018750 0.307812 0.018750 0.309375 0.017188 0.314063 0.017188 0.314063 0.003125
0 0.015625 0.928125 0.015625 0.946875 0.020313 0.946875 0.023438 0.950000 0.025000 0.950000 0.026562 0.951562 0.028125 0.951562 0.032813 0.946875 0.039062 0.946875 0.039062 0.928125
0 0.015625 0.828125 0.015625 0.843750 0.020313 0.843750 0.021875 0.842187 0.025000 0.842187 0.026562 0.840625 0.028125 0.840625 0.028125 0.839063 0.029687 0.837500 0.029687 0.835938 0.031250 0.834375 0.031250 0.828125
0 0.009375 0.721875 0.009375 0.737500 0.014063 0.737500 0.017188 0.740625 0.017188 0.751563 0.039062 0.751563 0.039062 0.721875
0 0.159375 0.853125 0.159375 0.875000 0.167187 0.875000 0.168750 0.873437 0.171875 0.873437 0.173437 0.871875 0.176563 0.871875 0.178125 0.870313 0.182812 0.870313 0.182812 0.853125
0 0.128125 0.809375 0.128125 0.825000 0.135937 0.825000 0.137500 0.823438 0.139063 0.823438 0.140625 0.821875 0.142187 0.821875 0.142187 0.809375
0 0.184375 0.846875 0.184375 0.864062 0.189062 0.864062 0.190625 0.862500 0.196875 0.862500 0.198437 0.860938 0.203125 0.860938 0.204687 0.859375 0.214062 0.859375 0.214062 0.846875
0 0.146875 0.859375 0.146875 0.882812 0.159375 0.882812 0.159375 0.878125 0.160938 0.876563 0.160938 0.875000 0.162500 0.873437 0.162500 0.859375
