0 0.282813 0.028125 0.282813 0.032813 0.279687 0.035937 0.278125 0.035937 0.273438 0.040625 0.271875 0.040625 0.270313 0.042188 0.265625 0.042188 0.265625 0.053125 0.270313 0.053125 0.273438 0.056250 0.275000 0.056250 0.276562 0.057813 0.276562 0.064062 0.278125 0.064062 0.278125 0.059375 0.281250 0.056250 0.282813 0.056250 0.285938 0.053125 0.287500 0.053125 0.293750 0.046875 0.295312 0.046875 0.296875 0.045312 0.301563 0.045312 0.301563 0.039062 0.296875 0.039062 0.292187 0.034375 0.292187 0.028125
0 0.253125 0.015625 0.253125 0.037500 0.257812 0.037500 0.260937 0.040625 0.260937 0.045312 0.270313 0.045312 0.270313 0.039062 0.273438 0.035937 0.275000 0.035937 0.278125 0.032813 0.279687 0.032813 0.284375 0.028125 0.289062 0.028125 0.289062 0.025000 0.284375 0.025000 0.281250 0.021875 0.281250 0.015625
0 0.292187 0.046875 0.292187 0.051562 0.284375 0.059375 0.278125 0.059375 0.278125 0.065625 0.282813 0.065625 0.285938 0.068750 0.287500 0.068750 0.290625 0.071875 0.296875 0.071875 0.298438 0.070312 0.300000 0.070312 0.304688 0.065625 0.306250 0.065625 0.312500 0.059375 0.312500 0.057813 0.309375 0.054688 0.309375 0.046875
0 0.348438 0.096875 0.348438 0.101562 0.339062 0.110937 0.334375 0.110937 0.334375 0.125000 0.340625 0.125000 0.343750 0.128125 0.343750 0.132812 0.346875 0.132812 0.346875 0.126562 0.354687 0.118750 0.356250 0.118750 0.360938 0.114062 0.360938 0.110937 0.359375 0.109375 0.359375 0.107813 0.357812 0.106250 0.357812 0.104688 0.354687 0.101562 0.354687 0.096875
0 0.354687 0.115625 0.354687 0.121875 0.351562 0.125000 0.346875 0.125000 0.346875 0.137500 0.351562 0.137500 0.353125 0.139063 0.354687 0.139063 0.356250 0.140625 0.357812 0.140625 0.359375 0.142187 0.360938 0.140625 0.364063 0.140625 0.368750 0.135937 0.370312 0.135937 0.375000 0.131250 0.375000 0.129688 0.376563 0.128125 0.376563 0.126562 0.373437 0.123438 0.373437 0.121875 0.371875 0.120313 0.371875 0.115625
0 0.332813 0.084375 0.332813 0.090625 0.331250 0.092188 0.331250 0.093750 0.326562 0.098437 0.321875 0.098437 0.321875 0.110937 0.328125 0.110937 0.332813 0.115625 0.332813 0.120313 0.334375 0.120313 0.334375 0.114062 0.340625 0.107813 0.340625 0.106250 0.346875 0.100000 0.346875 0.093750 0.343750 0.090625 0.343750 0.084375
0 0.310937 0.059375 0.310937 0.064062 0.303125 0.071875 0.296875 0.071875 0.296875 0.085938 0.304688 0.085938 0.306250 0.087500 0.309375 0.087500 0.310937 0.085938 0.312500 0.085938 0.314063 0.084375 0.315625 0.084375 0.317188 0.082812 0.318750 0.082812 0.321875 0.079687 0.323437 0.079687 0.325000 0.078125 0.332813 0.078125 0.332813 0.076563 0.328125 0.076563 0.323437 0.071875 0.323437 0.070312 0.318750 0.065625 0.318750 0.059375
0 0.490625 0.000000 0.490625 0.015625 0.496875 0.015625 0.498437 0.017188 0.500000 0.017188 0.501563 0.018750 0.501563 0.020313 0.506250 0.025000 0.506250 0.026562 0.510938 0.031250 0.512500 0.031250 0.514062 0.032813 0.515625 0.032813 0.518750 0.029687 0.520312 0.029687 0.523438 0.026562 0.523438 0.025000 0.525000 0.023438 0.525000 0.020313 0.517188 0.012500 0.517188 0.010937 0.514062 0.007812 0.514062 0.004687 0.510938 0.001563 0.510938 0.000000
0 0.326562 0.071875 0.326562 0.078125 0.323437 0.081250 0.321875 0.081250 0.314063 0.089063 0.309375 0.089063 0.309375 0.096875 0.315625 0.096875 0.320312 0.101562 0.320312 0.107813 0.321875 0.107813 0.321875 0.103125 0.329688 0.095312 0.329688 0.093750 0.332813 0.090625 0.335938 0.090625 0.337500 0.089063 0.335938 0.087500 0.335938 0.084375 0.334375 0.082812 0.334375 0.081250 0.329688 0.076563 0.329688 0.071875
0 0.415625 0.196875 0.415625 0.217188 0.421875 0.217188 0.426563 0.221875 0.428125 0.221875 0.432812 0.226562 0.432812 0.232813 0.445312 0.232813 0.445312 0.225000 0.439063 0.225000 0.437500 0.223438 0.437500 0.221875 0.435937 0.220312 0.435937 0.218750 0.434375 0.217188 0.434375 0.212500 0.432812 0.210938 0.432812 0.207813 0.426563 0.201563 0.426563 0.196875
0 0.478125 0.009375 0.478125 0.028125 0.484375 0.028125 0.485938 0.029687 0.487500 0.029687 0.489063 0.031250 0.490625 0.031250 0.493750 0.034375 0.493750 0.039062 0.506250 0.039062 0.506250 0.034375 0.504687 0.032813 0.504687 0.031250 0.503125 0.029687 0.503125 0.026562 0.500000 0.023438 0.500000 0.021875 0.498437 0.020313 0.496875 0.020313 0.490625 0.014063 0.490625 0.009375
0 0.046875 0.115625 0.046875 0.134375 0.053125 0.134375 0.062500 0.143750 0.062500 0.145313 0.065625 0.148438 0.065625 0.150000 0.067187 0.151562 0.067187 0.153125 0.070312 0.156250 0.070312 0.157812 0.075000 0.162500 0.075000 0.164062 0.081250 0.170313 0.081250 0.171875 0.082812 0.173437 0.082812 0.175000 0.084375 0.176563 0.084375 0.178125 0.087500 0.178125 0.089063 0.179688 0.090625 0.178125 0.093750 0.178125 0.096875 0.175000 0.096875 0.173437 0.098437 0.171875 0.098437 0.170313 0.092188 0.164062 0.090625 0.164062 0.082812 0.156250 0.082812 0.154688 0.079687 0.151562 0.079687 0.150000 0.078125 0.148438 0.078125 0.146875 0.075000 0.143750 0.075000 0.142187 0.071875 0.139063 0.071875 0.137500 0.068750 0.134375 0.068750 0.132812 0.065625 0.129688 0.064062 0.129688 0.060937 0.126562 0.060937 0.125000 0.056250 0.120313 0.056250 0.115625
0 0.471875 0.003125 0.471875 0.021875 0.478125 0.021875 0.487500 0.031250 0.489063 0.031250 0.492188 0.034375 0.492188 0.039062 0.507812 0.039062 0.507812 0.026562 0.503125 0.026562 0.495312 0.018750 0.493750 0.018750 0.487500 0.012500 0.487500 0.010937 0.485938 0.009375 0.485938 0.003125
0 0.518750 0.003125 0.518750 0.007812 0.525000 0.014063 0.525000 0.015625 0.528125 0.018750 0.529687 0.017188 0.532813 0.017188 0.534375 0.015625 0.534375 0.003125
0 0.421875 0.184375 0.421875 0.204687 0.429688 0.204687 0.431250 0.206250 0.435937 0.206250 0.437500 0.204687 0.445312 0.204687 0.445312 0.193750 0.439063 0.193750 0.435937 0.190625 0.435937 0.184375
0 0.359375 0.126562 0.354687 0.131250 0.353125 0.131250 0.351562 0.132812 0.351562 0.139063 0.370312 0.139063 0.370312 0.129688 0.362500 0.129688
0 0.365625 0.121875 0.370312 0.121875
0 0.342187 0.103125 0.342187 0.109375 0.340625 0.110937 0.334375 0.110937 0.334375 0.125000 0.339062 0.125000 0.340625 0.126562 0.342187 0.126562 0.343750 0.128125 0.345313 0.128125 0.346875 0.129688 0.350000 0.126562 0.350000 0.125000 0.351562 0.123438 0.353125 0.123438 0.354687 0.121875 0.354687 0.120313 0.356250 0.118750 0.357812 0.118750 0.360938 0.115625 0.360938 0.112500 0.359375 0.110937 0.359375 0.103125
0 0.332813 0.107813 0.331250 0.109375 0.331250 0.114062 0.337500 0.114062 0.337500 0.109375 0.335938 0.107813
0 0.345313 0.095312 0.345313 0.096875 0.351562 0.096875 0.351562 0.095312
0 0.328125 0.078125 0.323437 0.082812 0.315625 0.082812 0.315625 0.103125 0.321875 0.103125 0.332813 0.092188 0.335938 0.092188 0.337500 0.090625 0.339062 0.090625 0.339062 0.089063 0.335938 0.085938 0.335938 0.082812 0.334375 0.081250 0.334375 0.079687 0.332813 0.078125
0 0.403125 0.171875 0.403125 0.184375 0.409375 0.184375 0.410938 0.185938 0.412500 0.185938 0.414062 0.187500 0.417187 0.187500 0.420312 0.190625 0.420312 0.195312 0.420312 0.190625 0.421875 0.189062 0.421875 0.187500 0.426563 0.182812 0.426563 0.181250 0.425000 0.179688 0.425000 0.171875
