0 0.953777 0.844493 0.995718 0.844493 0.995718 0.889978 0.953777 0.889978
0 0.970254 0.719508 0.999673 0.719508 0.999673 0.764063 0.970254 0.764063
0 0.920577 0.750277 0.962888 0.750277 0.962888 0.801315 0.920577 0.801315
0 0.946586 0.711914 0.977721 0.711914 0.977721 0.750078 0.946586 0.750078
0 0.946564 0.767886 0.988717 0.767886 0.988717 0.817556 0.946564 0.817556
0 0.968187 0.692702 0.999466 0.692702 0.999466 0.734921 0.968187 0.734921
0 0.916870 0.807632 0.979370 0.807632 0.979370 0.849941 0.916870 0.849941
0 0.968761 0.638015 0.999651 0.638015 0.999651 0.701551 0.968761 0.701551
0 0.922604 0.862906 0.951208 0.862906 0.951208 0.914249 0.922604 0.914249
0 0.976944 0.789589 0.999710 0.789589 0.999710 0.833227 0.976944 0.833227
0 0.787002 0.928978 0.817859 0.928978 0.817859 0.976892 0.787002 0.976892
0 0.795460 0.931432 0.821821 0.931432 0.821821 0.981880 0.795460 0.981880
0 0.914993 0.815968 0.975296 0.815968 0.975296 0.855400 0.914993 0.855400
0 0.972183 0.852000 0.999844 0.852000 0.999844 0.897292 0.972183 0.897292
0 0.880258 0.737621 0.916344 0.737621 0.916344 0.770520 0.880258 0.770520
0 0.964725 0.534187 0.989234 0.534187 0.989234 0.557688 0.964725 0.557688
0 0.909670 0.827080 0.962016 0.827080 0.962016 0.870817 0.909670 0.870817
0 0.977300 0.408710 0.999634 0.408710 0.999634 0.448178 0.977300 0.448178
0 0.933646 0.761824 0.979873 0.761824 0.979873 0.810132 0.933646 0.810132
0 0.913858 0.823979 0.969125 0.823979 0.969125 0.860214 0.913858 0.860214
0 0.941100 0.513178 0.976998 0.513178 0.976998 0.534296 0.941100 0.534296
0 0.869348 0.730389 0.901698 0.730389 0.901698 0.754315 0.869348 0.754315
0 0.984449 0.799966 0.999582 0.799966 0.999582 0.837173 0.984449 0.837173
0 0.749093 0.822482 0.772108 0.822482 0.772108 0.842379 0.749093 0.842379
