0 0.928125 0.446875 0.928125 0.460938 0.934375 0.460938 0.935937 0.462500 0.937500 0.462500 0.943750 0.468750 0.943750 0.470313 0.946875 0.473438 0.948438 0.473438 0.953125 0.478125 0.959375 0.478125 0.962500 0.475000 0.962500 0.473438 0.964063 0.471875 0.970313 0.471875 0.970313 0.468750 0.965625 0.468750 0.964063 0.467187 0.964063 0.465625 0.950000 0.451562 0.950000 0.446875
0 0.940625 0.090625 0.940625 0.123438 0.951562 0.123438 0.953125 0.125000 0.959375 0.125000 0.960938 0.126562 0.970313 0.126562 0.971875 0.128125 0.973437 0.128125 0.975000 0.129688 0.978125 0.129688 0.979688 0.131250 0.981250 0.131250 0.982812 0.132812 0.984375 0.132812 0.990625 0.126562 0.990625 0.125000 0.992188 0.123438 0.992188 0.121875 0.993750 0.120313 0.993750 0.115625 0.992188 0.114062 0.990625 0.114062 0.989062 0.112500 0.987500 0.112500 0.984375 0.109375 0.982812 0.109375 0.981250 0.107813 0.979688 0.107813 0.976562 0.104688 0.975000 0.104688 0.973437 0.103125 0.971875 0.103125 0.970313 0.101562 0.968750 0.101562 0.967187 0.100000 0.965625 0.100000 0.960938 0.095312 0.960938 0.090625
0 0.921875 0.459375 0.921875 0.479687 0.932813 0.479687 0.940625 0.471875 0.940625 0.470313 0.939063 0.468750 0.939063 0.467187 0.937500 0.465625 0.937500 0.459375
0 0.957812 0.065625 0.957812 0.071875 0.953125 0.076563 0.946875 0.076563 0.946875 0.089063 0.956250 0.089063 0.957812 0.090625 0.960938 0.090625 0.964063 0.093750 0.965625 0.093750 0.970313 0.098437 0.971875 0.098437 0.975000 0.101562 0.978125 0.101562 0.979688 0.103125 0.981250 0.103125 0.987500 0.109375 0.989062 0.109375 0.990625 0.110937 0.993750 0.110937 0.995313 0.112500 0.998437 0.112500 0.998437 0.081250 0.995313 0.081250 0.993750 0.079687 0.993750 0.078125 0.989062 0.073438 0.987500 0.073438 0.985938 0.071875 0.985938 0.065625
0 0.878125 0.640625 0.878125 0.659375 0.882812 0.659375 0.884375 0.660937 0.885938 0.660937 0.887500 0.662500 0.889062 0.662500 0.893750 0.667188 0.895312 0.667188 0.896875 0.668750 0.900000 0.668750 0.903125 0.671875 0.903125 0.676562 0.907813 0.676562 0.907813 0.651563 0.903125 0.651563 0.898438 0.646875 0.898438 0.640625
0 0.953125 0.478125 0.953125 0.498437 0.957812 0.498437 0.959375 0.500000 0.962500 0.500000 0.964063 0.501563 0.965625 0.501563 0.967187 0.503125 0.967187 0.507812 0.971875 0.507812 0.971875 0.503125 0.976562 0.498437 0.976562 0.496875 0.978125 0.495312 0.978125 0.493750 0.981250 0.490625 0.981250 0.487500 0.978125 0.484375 0.978125 0.478125
0 0.978125 0.028125 0.978125 0.056250 0.987500 0.056250 0.989062 0.057813 0.990625 0.057813 0.992188 0.059375 0.993750 0.059375 0.995313 0.060937 0.998437 0.060937 0.998437 0.028125
0 0.909375 0.440625 0.909375 0.476562 0.914062 0.476562 0.914062 0.471875 0.915625 0.470313 0.915625 0.468750 0.918750 0.465625 0.918750 0.464062 0.921875 0.460938 0.921875 0.459375 0.928125 0.453125 0.932813 0.453125 0.932813 0.440625
0 0.853125 0.609375 0.853125 0.640625 0.859375 0.640625 0.865625 0.646875 0.867188 0.646875 0.870313 0.650000 0.876563 0.650000 0.878125 0.648438 0.879687 0.648438 0.885938 0.642188 0.885938 0.639062 0.875000 0.628125 0.873437 0.628125 0.859375 0.614062 0.859375 0.609375
0 0.971875 0.540625 0.971875 0.557813 0.976562 0.557813 0.996875 0.578125 0.996875 0.582812 0.998437 0.582812 0.998437 0.548438 0.996875 0.548438 0.995313 0.546875 0.995313 0.540625
0 0.910937 0.478125 0.910937 0.482812 0.907813 0.485938 0.903125 0.485938 0.903125 0.507812 0.912500 0.507812 0.912500 0.503125 0.915625 0.500000 0.917188 0.500000 0.918750 0.498437 0.920312 0.498437 0.921875 0.496875 0.921875 0.495312 0.926562 0.490625 0.928125 0.490625 0.928125 0.487500 0.929688 0.485938 0.929688 0.478125
0 0.921875 0.346875 0.921875 0.367188 0.926562 0.367188 0.928125 0.368750 0.929688 0.368750 0.932813 0.371875 0.932813 0.376563 0.942187 0.376563 0.942187 0.371875 0.950000 0.364063 0.950000 0.362500 0.953125 0.359375 0.957812 0.359375 0.957812 0.356250 0.953125 0.356250 0.950000 0.353125 0.950000 0.346875
0 0.853125 0.734375 0.853125 0.764062 0.857812 0.764062 0.865625 0.756250 0.865625 0.754687 0.868750 0.751563 0.868750 0.750000 0.871875 0.746875 0.876563 0.746875 0.876563 0.745313 0.870313 0.745313 0.868750 0.743750 0.868750 0.742188 0.867188 0.740625 0.867188 0.734375
0 0.740625 0.821875 0.740625 0.837500 0.745313 0.837500 0.748437 0.840625 0.748437 0.845313 0.754687 0.845313 0.754687 0.840625 0.759375 0.835938 0.759375 0.834375 0.760938 0.832812 0.757812 0.829688 0.757812 0.828125 0.756250 0.826562 0.756250 0.821875
0 0.846875 0.353125 0.846875 0.373437 0.853125 0.373437 0.854688 0.375000 0.862500 0.375000 0.865625 0.371875 0.870313 0.371875 0.870313 0.353125
0 0.937500 0.471875 0.937500 0.478125 0.934375 0.481250 0.928125 0.481250 0.928125 0.501563 0.934375 0.501563 0.934375 0.495312 0.935937 0.493750 0.937500 0.493750 0.939063 0.492188 0.940625 0.492188 0.942187 0.493750 0.945312 0.493750 0.950000 0.489063 0.950000 0.487500 0.951562 0.485938 0.957812 0.485938 0.957812 0.482812 0.951562 0.482812 0.946875 0.478125 0.946875 0.471875
0 0.984375 0.246875 0.984375 0.275000 0.992188 0.275000 0.995313 0.278125 0.995313 0.282813 0.998437 0.282813 0.998437 0.246875
0 0.834375 0.303125 0.834375 0.323437 0.840625 0.323437 0.842187 0.325000 0.848437 0.325000 0.850000 0.326562 0.854688 0.326562 0.856250 0.325000 0.857812 0.325000 0.860938 0.321875 0.860938 0.318750 0.862500 0.317188 0.862500 0.314063 0.860938 0.312500 0.860938 0.310937 0.859375 0.309375 0.859375 0.303125
0 0.917188 0.365625 0.917188 0.370312 0.914062 0.373437 0.909375 0.373437 0.909375 0.406250 0.918750 0.406250 0.920312 0.404687 0.921875 0.404687 0.923438 0.403125 0.923438 0.401562 0.925000 0.400000 0.925000 0.396875 0.926562 0.395313 0.926562 0.393750 0.929688 0.390625 0.929688 0.389062 0.934375 0.384375 0.939063 0.384375 0.939063 0.375000 0.934375 0.375000 0.932813 0.373437 0.931250 0.373437 0.928125 0.370312 0.928125 0.365625
0 0.884375 0.428125 0.884375 0.495312 0.893750 0.495312 0.893750 0.490625 0.901563 0.482812 0.895312 0.476562 0.896875 0.475000 0.896875 0.467187 0.898438 0.465625 0.898438 0.460938 0.900000 0.459375 0.900000 0.454688 0.901563 0.453125 0.901563 0.448437 0.903125 0.446875 0.900000 0.443750 0.900000 0.442188 0.896875 0.439063 0.896875 0.437500 0.893750 0.434375 0.893750 0.428125
0 0.890625 0.790625 0.890625 0.796875 0.889062 0.798438 0.887500 0.798438 0.885938 0.800000 0.878125 0.800000 0.878125 0.812500 0.884375 0.812500 0.885938 0.814063 0.887500 0.814063 0.890625 0.817187 0.892188 0.817187 0.893750 0.818750 0.898438 0.818750 0.903125 0.814063 0.903125 0.810937 0.904687 0.809375 0.904687 0.790625
0 0.959375 0.087500 0.959375 0.090625 0.965625 0.090625 0.965625 0.089063 0.964063 0.087500
0 0.981250 0.070312 0.979688 0.071875 0.979688 0.078125 0.981250 0.079687 0.981250 0.092188 0.978125 0.095312 0.970313 0.095312 0.973437 0.095312 0.975000 0.096875 0.978125 0.096875 0.982812 0.101562 0.984375 0.101562 0.985938 0.103125 0.987500 0.103125 0.990625 0.106250 0.992188 0.106250 0.993750 0.107813 0.993750 0.114062 0.998437 0.114062 0.998437 0.076563 0.995313 0.076563 0.993750 0.075000 0.992188 0.075000 0.990625 0.073438 0.989062 0.073438 0.987500 0.071875 0.985938 0.071875 0.984375 0.070312
0 0.959375 0.059375 0.959375 0.081250 0.965625 0.081250 0.971875 0.075000 0.973437 0.075000 0.975000 0.073438 0.975000 0.071875 0.976562 0.070312 0.976562 0.068750 0.978125 0.067187 0.978125 0.059375
0 0.948438 0.084375 0.948438 0.092188 0.946875 0.093750 0.940625 0.093750 0.940625 0.096875 0.946875 0.096875 0.948438 0.095312 0.948438 0.093750 0.950000 0.092188 0.954688 0.092188 0.956250 0.090625 0.960938 0.090625 0.962500 0.092188 0.964063 0.092188 0.973437 0.101562 0.975000 0.101562 0.976562 0.103125 0.978125 0.103125 0.979688 0.104688 0.981250 0.104688 0.989062 0.112500 0.998437 0.112500 0.998437 0.084375
0 0.834375 0.340625 0.834375 0.364063 0.839063 0.364063 0.840625 0.362500 0.842187 0.362500 0.845313 0.359375 0.845313 0.357812 0.848437 0.354687 0.848437 0.353125 0.850000 0.351562 0.848437 0.350000 0.848437 0.348438 0.846875 0.346875 0.846875 0.340625
0 0.984375 0.284375 0.984375 0.304688 0.990625 0.304688 0.992188 0.306250 0.993750 0.306250 0.996875 0.309375 0.996875 0.314063 0.998437 0.314063 0.998437 0.284375
