0 0.7771 279.27 25.67 312.53 54.54
0 0.7725 310.03 43.38 328.70 62.33
0 0.7652 329.58 40.60 352.03 62.09
0 0.7640 288.36 15.87 321.62 41.91
0 0.7615 323.29 53.18 343.89 71.65
0 0.7491 297.64 5.97 328.74 31.01
0 0.7330 323.94 20.39 343.98 38.57
0 0.7139 302.84 0.08 337.58 19.79
0 0.7098 316.30 33.33 335.44 50.21
0 0.7047 345.48 18.15 366.52 38.75
0 0.6763 339.32 29.96 361.37 48.86
0 0.6665 288.36 348.46 302.86 363.47
0 0.5764 364.89 425.69 385.63 453.58
0 0.5260 352.43 410.16 374.18 430.84
0 0.4859 332.98 11.04 348.08 26.04
0 0.4822 297.76 1.48 333.57 29.15
0 0.4187 498.35 0.17 516.12 9.35
0 0.4108 372.09 420.92 389.14 435.84
