0 0.7080 570.84 559.92 603.22 608.01
0 0.6889 362.73 538.76 402.76 574.69
0 0.6854 531.19 505.68 556.64 530.96
0 0.6793 537.81 499.26 564.97 524.76
0 0.6632 456.06 587.75 478.21 625.41
0 0.6459 529.92 525.93 546.14 542.17
0 0.6286 540.14 532.33 558.69 553.22
0 0.6197 299.38 531.10 320.66 556.37
0 0.6109 462.47 510.42 500.45 551.68
0 0.5862 496.37 578.27 516.05 600.39
0 0.5787 527.88 522.90 543.62 540.95
0 0.5783 549.90 526.27 568.33 544.03
0 0.5642 4.58 158.80 62.05 230.52
0 0.5620 300.55 559.80 330.29 590.17
0 0.5588 518.69 517.40 539.36 536.93
0 0.5578 288.01 553.59 312.24 580.17
0 0.5523 314.13 509.37 334.20 534.40
0 0.5507 581.65 521.16 614.78 545.86
0 0.5324 417.64 568.13 437.92 585.58
0 0.5309 313.55 537.12 334.20 562.82
0 0.5239 311.02 515.39 331.92 535.76
0 0.5042 477.39 593.81 497.12 632.43
0 0.5024 324.65 516.97 343.18 541.04
0 0.4905 315.93 516.12 335.63 539.43
