0 0.7826 467.81 166.28 490.55 186.12
0 0.7436 551.70 258.66 571.77 274.47
0 0.7360 473.90 131.22 497.84 153.51
0 0.7299 454.15 140.46 479.89 160.92
0 0.7280 461.04 153.19 484.70 174.33
0 0.7199 545.45 228.05 567.85 246.13
0 0.7178 568.16 251.92 589.25 268.32
0 0.6967 470.92 112.58 493.35 129.36
0 0.6422 450.12 123.58 474.98 146.23
0 0.6406 479.82 145.54 503.90 164.83
0 0.6143 532.72 266.54 554.29 283.78
0 0.5991 557.53 237.55 580.17 257.14
0 0.5929 550.10 169.13 571.42 182.18
0 0.5860 571.68 320.55 605.37 341.57
0 0.5438 542.59 331.28 571.82 351.63
0 0.5355 528.16 253.64 545.63 269.87
0 0.4883 522.31 174.76 547.00 195.32
0 0.4675 546.02 183.76 563.46 202.07
0 0.4634 547.90 213.87 566.18 231.13
0 0.4193 498.81 125.29 521.02 143.15
