0 0.882196 0.784107 0.901872 0.784107 0.901872 0.817679 0.882196 0.817679
0 0.778850 0.673167 0.794371 0.673167 0.794371 0.697072 0.778850 0.697072
0 0.892178 0.623131 0.910518 0.623131 0.910518 0.644568 0.892178 0.644568
0 0.866684 0.207858 0.911806 0.207858 0.911806 0.262444 0.866684 0.262444
0 0.896411 0.550616 0.919747 0.550616 0.919747 0.568479 0.896411 0.568479
0 0.862309 0.225704 0.895469 0.225704 0.895469 0.268834 0.862309 0.268834
0 0.780472 0.650140 0.795266 0.650140 0.795266 0.671910 0.780472 0.671910
0 0.888889 0.757200 0.904967 0.757200 0.904967 0.781708 0.888889 0.781708
0 0.775934 0.696777 0.790140 0.696777 0.790140 0.720179 0.775934 0.720179
0 0.887111 0.648782 0.906305 0.648782 0.906305 0.666708 0.887111 0.666708
0 0.893579 0.599929 0.914055 0.599929 0.914055 0.618111 0.893579 0.618111
0 0.862885 0.140376 0.884426 0.140376 0.884426 0.174351 0.862885 0.174351
0 0.761815 0.688539 0.777864 0.688539 0.777864 0.712465 0.761815 0.712465
0 0.843180 0.055339 0.873355 0.055339 0.873355 0.079718 0.843180 0.079718
0 0.980583 0.266856 0.999594 0.266856 0.999594 0.305023 0.980583 0.305023
0 0.966021 0.256545 0.991541 0.256545 0.991541 0.289795 0.966021 0.289795
0 0.871022 0.749452 0.888649 0.749452 0.888649 0.777801 0.871022 0.777801
0 0.949674 0.267275 0.969856 0.267275 0.969856 0.287859 0.949674 0.287859
0 0.833206 0.052161 0.862935 0.052161 0.862935 0.075343 0.833206 0.075343
0 0.763614 0.671241 0.778326 0.671241 0.778326 0.699234 0.763614 0.699234
0 0.974002 0.241756 0.999211 0.241756 0.999211 0.264957 0.974002 0.264957
