0 0.8772 420.37 0.32 512.94 85.53
0 0.8246 453.39 64.46 528.23 114.75
0 0.8245 472.38 92.98 548.70 144.87
0 0.8205 591.91 137.50 631.35 190.87
0 0.7976 555.22 114.07 597.31 154.17
0 0.7930 492.88 129.37 566.03 174.36
0 0.7893 586.53 104.68 621.89 143.16
0 0.7880 530.58 43.66 637.66 124.70
0 0.7860 325.21 97.51 383.22 133.49
0 0.7846 550.27 149.31 605.14 200.57
0 0.7518 608.13 92.39 639.79 134.68
0 0.7379 518.66 0.01 639.20 83.56
0 0.7368 602.81 600.11 639.74 639.59
0 0.7367 393.45 88.84 464.64 138.35
0 0.7183 440.82 324.14 491.82 365.81
0 0.7173 625.36 133.21 639.77 186.89
0 0.7165 491.73 340.00 519.53 361.79
0 0.7107 461.99 149.05 507.13 182.59
0 0.6818 416.93 117.51 487.78 165.46
0 0.6810 493.53 0.00 633.94 55.44
0 0.6460 442.21 618.24 521.86 639.50
0 0.6421 232.78 413.99 289.59 493.43
0 0.6205 325.91 119.92 380.55 164.29
0 0.6026 317.65 75.67 375.22 124.07
0 0.5677 197.57 369.98 291.12 437.08
0 0.5456 303.84 55.22 338.72 80.79
0 0.5440 402.96 166.13 467.30 204.60
0 0.5009 311.56 72.21 377.03 138.15
0 0.4643 362.34 4.46 394.27 44.17
0 0.4460 507.74 165.71 572.04 221.07
0 0.4354 418.06 615.01 520.34 639.92
0 0.4159 366.34 141.51 412.87 182.27
0 0.4125 411.39 0.06 434.33 7.71
