0 0.6961 594.70 196.57 612.49 210.11
0 0.6847 608.66 188.76 626.18 202.42
0 0.6772 621.50 384.30 634.13 401.42
0 0.6547 619.56 403.36 633.36 417.18
0 0.6254 498.86 252.52 512.59 267.51
0 0.6136 566.73 47.64 581.30 63.87
0 0.5967 573.95 59.69 587.74 72.18
0 0.5963 629.43 540.27 639.81 555.85
0 0.5958 616.06 71.04 632.18 96.31
0 0.5950 534.55 16.42 551.87 32.06
0 0.5791 568.82 0.08 581.41 13.40
0 0.5705 535.53 3.81 551.48 16.44
0 0.5700 519.55 21.66 529.82 38.06
0 0.5686 506.27 266.08 520.47 280.40
0 0.5600 601.17 208.63 616.77 221.00
0 0.5510 616.31 198.27 631.37 213.98
0 0.5439 496.98 253.45 511.90 269.65
0 0.5404 625.99 183.07 639.42 206.37
0 0.5375 591.84 215.11 603.90 227.41
0 0.5295 610.18 73.99 625.35 102.98
0 0.5188 628.62 66.20 639.79 90.20
0 0.5170 557.79 53.92 571.08 65.47
0 0.5133 599.79 19.47 612.72 31.37
0 0.5001 583.90 399.35 596.29 414.40
0 0.4968 552.14 41.19 567.29 55.96
0 0.4966 608.07 392.39 617.55 405.79
0 0.4891 587.88 204.11 599.78 214.78
0 0.4886 494.72 253.07 509.47 270.36
0 0.4868 606.11 546.89 618.12 565.41
0 0.4813 562.72 64.58 574.39 79.37
0 0.4792 564.79 36.61 579.26 49.68
0 0.4642 593.01 411.09 608.59 423.31
0 0.4612 555.19 0.67 567.14 20.10
0 0.4458 537.57 0.92 552.42 15.53
0 0.4314 566.97 403.30 579.01 423.71
0 0.4314 599.28 394.11 610.67 409.52
0 0.4204 500.83 270.44 514.18 286.25
0 0.4190 578.89 28.01 592.17 39.11
0 0.4118 594.47 195.36 616.79 211.25
0 0.4075 553.83 3.67 566.35 23.24
