0 0.066499 0.169259 0.224258 0.169259 0.224258 0.393151 0.066499 0.393151
0 0.115127 0.117419 0.258449 0.117419 0.258449 0.373011 0.115127 0.373011
0 0.000503 0.167539 0.057742 0.167539 0.057742 0.284157 0.000503 0.284157
0 0.079701 0.026941 0.155250 0.026941 0.155250 0.156591 0.079701 0.156591
0 0.019727 0.108895 0.110105 0.108895 0.110105 0.217761 0.019727 0.217761
0 0.026508 0.232415 0.206791 0.232415 0.206791 0.435922 0.026508 0.435922
0 0.158252 0.072130 0.309548 0.072130 0.309548 0.369030 0.158252 0.369030
0 0.390595 0.576936 0.455457 0.576936 0.455457 0.620153 0.390595 0.620153
0 0.390993 0.623866 0.455860 0.623866 0.455860 0.674306 0.390993 0.674306
0 0.494117 0.009176 0.588774 0.009176 0.588774 0.103605 0.494117 0.103605
0 0.499180 0.616149 0.538523 0.616149 0.538523 0.665679 0.499180 0.665679
0 0.464077 0.619027 0.497351 0.619027 0.497351 0.665508 0.464077 0.665508
0 0.110364 0.001236 0.214647 0.001236 0.214647 0.095091 0.110364 0.095091
0 0.000205 0.000394 0.047268 0.000394 0.047268 0.105997 0.000205 0.105997
0 0.868087 0.000000 0.920024 0.000000 0.920024 0.038823 0.868087 0.038823
0 0.461063 0.000113 0.525230 0.000113 0.525230 0.044479 0.461063 0.044479
0 0.339787 0.000000 0.621852 0.000000 0.621852 0.342931 0.339787 0.342931
0 0.499542 0.667012 0.538009 0.667012 0.538009 0.712430 0.499542 0.712430
0 0.017633 0.278329 0.064890 0.278329 0.064890 0.343294 0.017633 0.343294
0 0.466462 0.671403 0.498997 0.671403 0.498997 0.714727 0.466462 0.714727
0 0.000062 0.287670 0.029819 0.287670 0.029819 0.347083 0.000062 0.347083
0 0.343830 0.050070 0.584407 0.050070 0.584407 0.341458 0.343830 0.341458
0 0.246624 0.053648 0.346820 0.053648 0.346820 0.353020 0.246624 0.353020
