0 0.101922 0.530090 0.141215 0.530090 0.141215 0.566153 0.101922 0.566153
0 0.050184 0.423486 0.109980 0.423486 0.109980 0.472751 0.050184 0.472751
0 0.302848 0.829507 0.335590 0.829507 0.335590 0.854657 0.302848 0.854657
0 0.516619 0.069660 0.543715 0.069660 0.543715 0.093962 0.516619 0.093962
0 0.291558 0.794982 0.321741 0.794982 0.321741 0.823884 0.291558 0.823884
0 0.066212 0.455989 0.115619 0.455989 0.115619 0.489086 0.066212 0.489086
0 0.236039 0.621339 0.268730 0.621339 0.268730 0.661322 0.236039 0.661322
0 0.135537 0.912335 0.168995 0.912335 0.168995 0.940584 0.135537 0.940584
0 0.524273 0.088497 0.552726 0.088497 0.552726 0.115933 0.524273 0.115933
0 0.532842 0.109859 0.559160 0.109859 0.559160 0.135703 0.532842 0.135703
0 0.287451 0.705392 0.323193 0.705392 0.323193 0.745411 0.287451 0.745411
0 0.091625 0.510502 0.130269 0.510502 0.130269 0.542431 0.091625 0.542431
0 0.285415 0.775992 0.315098 0.775992 0.315098 0.803828 0.285415 0.803828
0 0.270785 0.628712 0.295406 0.628712 0.295406 0.654070 0.270785 0.654070
0 0.320810 0.782976 0.350078 0.782976 0.350078 0.809667 0.320810 0.809667
0 0.102028 0.413367 0.125544 0.413367 0.125544 0.451019 0.102028 0.451019
0 0.184581 0.704984 0.208443 0.704984 0.208443 0.738386 0.184581 0.738386
0 0.157009 0.266947 0.195587 0.266947 0.195587 0.304381 0.157009 0.304381
0 0.242802 0.641465 0.275653 0.641465 0.275653 0.679779 0.242802 0.679779
0 0.306889 0.745753 0.336626 0.745753 0.336626 0.773219 0.306889 0.773219
0 0.033031 0.732033 0.062200 0.732033 0.062200 0.760948 0.033031 0.760948
0 0.421180 0.131665 0.439113 0.131665 0.439113 0.151621 0.421180 0.151621
0 0.499464 0.031906 0.526639 0.031906 0.526639 0.052636 0.499464 0.052636
0 0.431757 0.108346 0.454047 0.108346 0.454047 0.132581 0.431757 0.132581
0 0.147278 0.306135 0.168875 0.306135 0.168875 0.329442 0.147278 0.329442
0 0.142158 0.930296 0.177362 0.930296 0.177362 0.958367 0.142158 0.958367
0 0.156077 0.410713 0.189863 0.410713 0.189863 0.488575 0.156077 0.488575
0 0.274690 0.682646 0.316297 0.682646 0.316297 0.729710 0.274690 0.729710
0 0.303350 0.574072 0.325934 0.574072 0.325934 0.618092 0.303350 0.618092
0 0.324648 0.798342 0.355812 0.798342 0.355812 0.824979 0.324648 0.824979
0 0.175721 0.408046 0.208648 0.408046 0.208648 0.486480 0.175721 0.486480
0 0.144694 0.946317 0.183684 0.946317 0.183684 0.973346 0.144694 0.973346
0 0.214111 0.455813 0.244792 0.455813 0.244792 0.478301 0.214111 0.478301
0 0.159537 0.351675 0.178740 0.351675 0.178740 0.381018 0.159537 0.381018
0 0.254959 0.584197 0.281875 0.584197 0.281875 0.615136 0.254959 0.615136
0 0.369901 0.558809 0.397365 0.558809 0.397365 0.583184 0.369901 0.583184
0 0.437391 0.175281 0.457742 0.175281 0.457742 0.205989 0.437391 0.205989
0 0.154663 0.326928 0.175388 0.326928 0.175388 0.349789 0.154663 0.349789
0 0.084108 0.494773 0.125984 0.494773 0.125984 0.523974 0.084108 0.523974
0 0.174733 0.785915 0.203789 0.785915 0.203789 0.807971 0.174733 0.807971
0 0.291246 0.613425 0.310943 0.613425 0.310943 0.638344 0.291246 0.638344
0 0.546861 0.146223 0.572709 0.146223 0.572709 0.165541 0.546861 0.165541
0 0.074113 0.474524 0.118762 0.474524 0.118762 0.504440 0.074113 0.504440
0 0.266628 0.426261 0.294190 0.426261 0.294190 0.454181 0.266628 0.454181
0 0.358727 0.576268 0.381895 0.576268 0.381895 0.603327 0.358727 0.603327
0 0.156407 0.189498 0.185561 0.189498 0.185561 0.250954 0.156407 0.250954
0 0.262868 0.649139 0.305821 0.649139 0.305821 0.693041 0.262868 0.693041
0 0.509836 0.051177 0.532981 0.051177 0.532981 0.076645 0.509836 0.076645
0 0.051970 0.675538 0.079382 0.675538 0.079382 0.723657 0.051970 0.723657
0 0.146120 0.272097 0.161601 0.272097 0.161601 0.306594 0.146120 0.306594
0 0.313672 0.764533 0.344560 0.764533 0.344560 0.789253 0.313672 0.789253
0 0.242465 0.362504 0.263198 0.362504 0.263198 0.399763 0.242465 0.399763
0 0.261491 0.608476 0.287207 0.608476 0.287207 0.634510 0.261491 0.634510
0 0.217965 0.473142 0.248005 0.473142 0.248005 0.493720 0.217965 0.493720
0 0.041578 0.750837 0.068259 0.750837 0.068259 0.773619 0.041578 0.773619
0 0.297101 0.815116 0.330718 0.815116 0.330718 0.841515 0.297101 0.841515
0 0.073476 0.560371 0.092548 0.560371 0.092548 0.587079 0.073476 0.587079
0 0.263339 0.352988 0.285733 0.352988 0.285733 0.392439 0.263339 0.392439
0 0.199482 0.719001 0.217798 0.719001 0.217798 0.745216 0.199482 0.745216
0 0.249955 0.398045 0.282458 0.398045 0.282458 0.428917 0.249955 0.428917
0 0.539356 0.128580 0.568149 0.128580 0.568149 0.152883 0.539356 0.152883
0 0.257867 0.354598 0.280541 0.354598 0.280541 0.393023 0.257867 0.393023
0 0.156836 0.248241 0.182857 0.248241 0.182857 0.273016 0.156836 0.273016
0 0.281769 0.595610 0.304161 0.595610 0.304161 0.619545 0.281769 0.619545
0 0.205826 0.774456 0.231768 0.774456 0.231768 0.803946 0.205826 0.803946
0 0.075553 0.563539 0.095616 0.563539 0.095616 0.591444 0.075553 0.591444
0 0.266304 0.662825 0.310295 0.662825 0.310295 0.708332 0.266304 0.708332
0 0.226326 0.577339 0.250648 0.577339 0.250648 0.620708 0.226326 0.620708
0 0.319482 0.689781 0.340818 0.689781 0.340818 0.713579 0.319482 0.713579
0 0.151065 0.961495 0.188984 0.961495 0.188984 0.990668 0.151065 0.990668
0 0.280751 0.686195 0.318770 0.686195 0.318770 0.735795 0.280751 0.735795
0 0.312231 0.672448 0.332381 0.672448 0.332381 0.696617 0.312231 0.696617
0 0.135123 0.445896 0.151377 0.445896 0.151377 0.477117 0.135123 0.477117
0 0.208121 0.420178 0.230844 0.420178 0.230844 0.443518 0.208121 0.443518
0 0.244932 0.571870 0.271383 0.571870 0.271383 0.593962 0.244932 0.593962
0 0.066352 0.544770 0.083345 0.544770 0.083345 0.566943 0.066352 0.566943
0 0.199756 0.757147 0.219817 0.757147 0.219817 0.783679 0.199756 0.783679
0 0.167934 0.377576 0.184963 0.377576 0.184963 0.404017 0.167934 0.404017
0 0.231652 0.602027 0.257191 0.602027 0.257191 0.636194 0.231652 0.636194
0 0.249392 0.459319 0.266408 0.459319 0.266408 0.487800 0.249392 0.487800
0 0.202760 0.398951 0.225464 0.398951 0.225464 0.425359 0.202760 0.425359
0 0.195093 0.964036 0.220111 0.964036 0.220111 0.998641 0.195093 0.998641
0 0.298090 0.573129 0.320013 0.573129 0.320013 0.614591 0.298090 0.614591
0 0.182886 0.797656 0.208919 0.797656 0.208919 0.827375 0.182886 0.827375
0 0.022352 0.713511 0.053673 0.713511 0.053673 0.747511 0.022352 0.747511
0 0.042043 0.605473 0.103920 0.605473 0.103920 0.722067 0.042043 0.722067
0 0.278215 0.574911 0.298512 0.574911 0.298512 0.598164 0.278215 0.598164
0 0.165228 0.381968 0.182862 0.381968 0.182862 0.406812 0.165228 0.406812
0 0.287063 0.758371 0.310832 0.758371 0.310832 0.781675 0.287063 0.781675
0 0.177988 0.705411 0.203646 0.705411 0.203646 0.740180 0.177988 0.740180
0 0.431409 0.087760 0.452160 0.087760 0.452160 0.112401 0.431409 0.112401
0 0.124998 0.359797 0.143761 0.359797 0.143761 0.381393 0.124998 0.381393
0 0.167856 0.245150 0.195606 0.245150 0.195606 0.272646 0.167856 0.272646
0 0.217711 0.333924 0.239815 0.333924 0.239815 0.376748 0.217711 0.376748
0 0.370556 0.564058 0.397745 0.564058 0.397745 0.585547 0.370556 0.585547
0 0.026219 0.938623 0.050557 0.938623 0.050557 0.958018 0.026219 0.958018
0 0.289112 0.092524 0.312430 0.092524 0.312430 0.117607 0.289112 0.117607
0 0.017607 0.701823 0.043419 0.701823 0.043419 0.725683 0.017607 0.725683
0 0.000000 0.856411 0.014975 0.856411 0.014975 0.876328 0.000000 0.876328
0 0.269806 0.625051 0.296984 0.625051 0.296984 0.650080 0.269806 0.650080
0 0.210510 0.069056 0.230281 0.069056 0.230281 0.089292 0.210510 0.089292
0 0.233573 0.404414 0.249818 0.404414 0.249818 0.434343 0.233573 0.434343
0 0.027583 0.945537 0.052845 0.945537 0.052845 0.964200 0.027583 0.964200
0 0.112594 0.450607 0.142019 0.450607 0.142019 0.487522 0.112594 0.487522
0 0.355600 0.542157 0.375641 0.542157 0.375641 0.571536 0.355600 0.571536
0 0.294961 0.556221 0.311625 0.556221 0.311625 0.578653 0.294961 0.578653
0 0.413122 0.112345 0.435290 0.112345 0.435290 0.143733 0.413122 0.143733
0 0.015870 0.912643 0.035964 0.912643 0.035964 0.933537 0.015870 0.933537
0 0.306412 0.648100 0.326329 0.648100 0.326329 0.675344 0.306412 0.675344
0 0.114825 0.449428 0.141030 0.449428 0.141030 0.499494 0.114825 0.499494
0 0.320214 0.006319 0.343875 0.006319 0.343875 0.053170 0.320214 0.053170
0 0.367380 0.376743 0.386909 0.376743 0.386909 0.403139 0.367380 0.403139
0 0.438197 0.536608 0.457498 0.536608 0.457498 0.560849 0.438197 0.560849
0 0.139910 0.475338 0.164511 0.475338 0.164511 0.523870 0.139910 0.523870
0 0.298107 0.634999 0.317368 0.634999 0.317368 0.658453 0.298107 0.658453
0 0.160090 0.978119 0.194984 0.978119 0.194984 0.999451 0.160090 0.999451
0 0.079379 0.571934 0.097775 0.571934 0.097775 0.593008 0.079379 0.593008
0 0.221181 0.489612 0.254829 0.489612 0.254829 0.509398 0.221181 0.509398
0 0.239591 0.437211 0.254143 0.437211 0.254143 0.460371 0.239591 0.460371
0 0.255820 0.097146 0.281226 0.097146 0.281226 0.115226 0.255820 0.115226
0 0.123974 0.176087 0.141457 0.176087 0.141457 0.210384 0.123974 0.210384
0 0.160987 0.383161 0.174935 0.383161 0.174935 0.408087 0.160987 0.408087
0 0.372016 0.002697 0.392338 0.002697 0.392338 0.026775 0.372016 0.026775
0 0.319631 0.064952 0.338148 0.064952 0.338148 0.095795 0.319631 0.095795
0 0.430452 0.157632 0.448455 0.157632 0.448455 0.180781 0.430452 0.180781
0 0.201798 0.744635 0.220803 0.744635 0.220803 0.774511 0.201798 0.774511
0 0.228256 0.596395 0.253568 0.596395 0.253568 0.629872 0.228256 0.629872
0 0.248009 0.639291 0.282366 0.639291 0.282366 0.679249 0.248009 0.679249
