0 0.8272 268.98 544.01 288.37 564.09
0 0.8085 252.37 442.16 271.82 461.50
0 0.8021 265.37 501.67 285.43 521.25
0 0.7948 283.99 491.80 302.90 509.71
0 0.7877 212.36 415.98 232.65 438.26
0 0.7863 230.74 443.64 250.72 466.89
0 0.7758 469.41 365.19 487.39 380.72
0 0.7755 272.40 579.54 288.65 597.52
0 0.7743 283.52 405.24 299.38 422.00
0 0.7726 266.93 466.76 286.59 485.25
0 0.7670 244.03 548.94 265.56 566.18
0 0.7620 275.04 479.05 294.20 498.69
0 0.7512 452.03 332.93 469.78 347.68
0 0.7510 428.83 323.76 449.64 345.21
0 0.7495 576.13 186.54 589.28 202.55
0 0.7488 253.06 588.77 272.45 606.25
0 0.7485 284.69 534.14 303.67 553.67
0 0.7484 260.12 532.48 280.98 552.34
0 0.7470 444.96 361.85 465.71 382.80
0 0.7457 275.85 392.32 293.01 409.92
0 0.7449 325.67 476.85 341.72 496.37
0 0.7354 260.16 453.56 280.83 473.54
0 0.7334 340.38 478.74 354.68 494.77
0 0.7327 284.46 605.98 302.16 618.77
0 0.7326 333.28 420.33 351.47 437.95
0 0.7324 265.75 567.74 283.38 585.66
0 0.7299 498.41 179.67 515.46 192.87
0 0.7277 334.51 588.57 351.02 603.76
0 0.7262 566.51 341.22 585.54 355.48
0 0.7253 432.95 341.06 455.19 358.89
0 0.7244 170.65 525.93 191.39 553.24
0 0.7221 268.40 433.41 284.94 451.22
0 0.7210 578.78 267.41 595.81 287.03
0 0.7208 205.36 485.05 227.13 501.45
0 0.7206 447.86 270.97 465.60 284.46
0 0.7201 249.05 576.23 267.92 595.79
0 0.7173 113.11 609.97 130.18 629.64
0 0.7161 374.85 461.18 395.88 488.89
0 0.7158 345.53 616.99 364.01 634.68
0 0.7150 283.73 383.21 299.74 395.70
0 0.7136 246.31 558.98 268.03 577.95
0 0.7129 464.39 310.63 485.83 327.59
0 0.7120 357.19 597.62 373.13 611.55
0 0.7065 321.24 420.18 333.19 433.86
0 0.7058 455.18 420.72 472.94 443.48
0 0.7042 240.05 420.11 261.12 437.07
0 0.7022 443.41 257.89 464.38 271.76
0 0.7021 66.23 421.50 82.75 436.01
0 0.7011 245.63 429.23 266.51 448.90
0 0.6999 604.42 254.34 625.17 271.24
0 0.6983 305.85 442.26 321.44 458.20
0 0.6965 44.81 388.87 61.34 403.09
0 0.6965 435.47 344.14 456.61 361.11
0 0.6960 437.78 239.98 459.72 254.77
0 0.6957 598.03 184.99 612.88 201.42
0 0.6930 490.17 400.51 508.36 420.24
0 0.6930 410.88 372.73 427.11 388.26
0 0.6906 227.77 522.85 248.52 538.81
0 0.6879 315.56 456.09 331.51 483.06
0 0.6856 356.32 461.35 372.77 478.48
0 0.6855 306.80 379.97 326.64 392.47
0 0.6850 599.32 244.95 620.09 259.52
0 0.6837 442.68 307.68 457.12 324.67
0 0.6833 484.51 348.53 501.73 368.18
0 0.6807 484.23 387.70 500.63 405.73
0 0.6806 238.18 540.68 260.67 558.54
0 0.6791 340.00 499.23 354.35 515.79
0 0.6748 611.03 219.37 623.98 237.97
0 0.6717 278.60 522.74 299.18 541.57
0 0.6700 386.50 328.93 402.53 346.00
0 0.6699 322.06 376.12 336.42 389.66
0 0.6695 618.61 236.50 631.11 255.53
0 0.6683 447.53 320.60 464.29 337.77
0 0.6672 277.37 592.35 294.67 609.73
0 0.6666 270.22 513.02 292.88 532.44
0 0.6662 456.73 342.62 473.84 359.38
0 0.6643 459.06 296.94 480.70 315.20
0 0.6633 627.25 252.59 639.77 272.76
0 0.6618 418.48 362.61 433.28 383.00
0 0.6597 271.27 229.69 289.33 245.36
0 0.6592 371.99 320.66 385.74 338.13
0 0.6585 315.48 125.29 336.22 148.97
0 0.6584 315.50 397.40 334.93 412.99
0 0.6577 436.41 232.59 453.97 244.89
0 0.6576 327.03 409.96 343.56 428.03
0 0.6562 290.56 440.60 304.58 458.46
0 0.6558 414.33 295.65 428.15 308.35
0 0.6552 462.43 301.92 484.15 321.52
0 0.6527 338.02 598.84 353.68 612.59
0 0.6522 267.44 384.14 285.08 398.00
0 0.6494 89.39 150.77 106.00 164.70
0 0.6486 310.00 123.70 330.33 151.34
0 0.6464 203.72 341.25 220.14 357.27
0 0.6424 462.68 354.16 479.08 369.44
0 0.6410 215.96 502.71 238.09 520.14
0 0.6403 235.05 534.79 255.36 550.37
0 0.6401 202.53 406.11 220.71 425.90
0 0.6399 329.51 385.18 344.60 403.46
0 0.6398 259.15 598.75 276.80 616.46
0 0.6374 446.49 126.15 460.67 143.39
0 0.6363 113.84 522.65 136.46 552.61
0 0.6361 415.52 229.15 429.36 244.23
0 0.6353 331.22 147.85 349.40 174.00
0 0.6347 604.14 201.47 616.97 218.89
0 0.6340 277.48 447.53 292.23 468.28
0 0.6322 62.18 537.44 80.17 551.48
0 0.6312 286.48 29.37 305.67 50.96
0 0.6308 434.02 290.45 449.71 307.90
0 0.6290 183.69 547.45 194.19 560.49
0 0.6253 381.42 307.83 394.27 324.32
0 0.6245 466.93 313.61 487.41 330.92
0 0.6244 189.56 419.84 207.40 439.12
0 0.6243 421.54 248.29 434.58 262.29
0 0.6191 157.71 502.55 171.77 522.05
0 0.6188 474.00 330.25 495.71 347.45
0 0.6180 222.21 512.66 245.46 529.07
0 0.6171 360.64 469.71 377.67 482.27
0 0.6155 349.44 448.75 366.03 466.26
0 0.6149 55.26 400.79 70.05 415.39
0 0.6148 93.73 618.01 108.74 639.24
0 0.6147 338.66 455.19 351.23 471.74
0 0.6145 341.53 606.96 359.98 625.02
0 0.6133 427.25 270.08 440.76 285.40
0 0.6131 409.14 273.08 422.30 287.09
0 0.6130 557.71 222.23 572.20 238.39
0 0.6125 253.70 218.72 273.70 234.55
0 0.6102 471.70 325.59 492.97 342.62
0 0.6078 406.97 264.55 419.41 276.31
0 0.6056 122.66 598.20 141.31 620.45
0 0.6012 403.81 356.41 420.04 376.44
0 0.5999 310.89 454.25 327.86 475.57
0 0.5994 167.24 517.46 180.65 532.49
0 0.5980 473.71 326.77 494.24 345.76
0 0.5977 214.10 353.88 228.27 367.72
0 0.5956 87.79 605.82 100.70 619.56
0 0.5938 504.08 194.67 518.16 208.27
0 0.5910 74.43 432.86 87.61 448.89
0 0.5888 408.80 198.96 421.02 211.10
0 0.5886 326.26 433.50 339.68 446.74
0 0.5864 429.47 378.98 443.62 394.57
0 0.5831 495.37 413.83 510.98 431.03
0 0.5829 345.48 440.55 364.15 459.87
0 0.5826 565.72 94.45 580.68 118.66
0 0.5825 467.68 317.10 488.07 332.54
0 0.5822 613.37 269.28 633.28 287.89
0 0.5779 332.31 445.13 344.55 460.40
0 0.5779 361.66 607.51 376.46 623.08
0 0.5770 617.20 277.07 637.92 295.21
0 0.5767 464.72 398.54 482.60 410.87
0 0.5754 64.76 539.37 80.83 552.15
0 0.5753 286.50 334.11 300.09 350.71
0 0.5747 190.89 557.19 202.28 573.57
0 0.5714 479.90 269.96 491.48 285.48
0 0.5699 289.44 622.81 311.44 638.56
0 0.5652 205.66 346.55 222.67 359.99
0 0.5645 479.15 410.74 495.50 434.16
0 0.5613 290.29 390.17 307.72 408.46
0 0.5611 438.46 243.16 460.67 256.08
0 0.5587 336.23 459.48 348.40 476.54
0 0.5582 582.08 179.54 596.61 195.93
0 0.5562 342.21 501.77 356.08 518.17
0 0.5550 582.46 207.31 602.78 219.10
0 0.5521 261.41 386.97 275.87 405.34
0 0.5517 353.81 587.65 367.75 602.40
0 0.5506 574.90 230.35 590.04 248.55
0 0.5495 109.43 600.81 123.56 616.02
0 0.5495 215.14 498.52 236.32 519.36
0 0.5423 328.13 483.20 345.80 503.13
0 0.5419 475.73 335.23 496.64 350.15
0 0.5411 594.05 620.74 608.34 637.17
0 0.5403 78.91 442.79 93.04 460.83
0 0.5394 177.26 525.60 192.81 555.22
0 0.5387 19.01 614.52 33.13 628.86
0 0.5354 412.21 284.27 424.04 295.41
0 0.5353 431.59 281.90 448.16 301.26
0 0.5344 493.54 351.43 506.32 376.47
0 0.5275 275.06 445.96 288.23 460.32
0 0.5273 286.45 407.64 300.35 424.22
0 0.5271 135.48 551.81 152.97 583.75
0 0.5267 575.16 163.73 589.17 178.63
0 0.5239 378.50 337.03 394.58 354.67
0 0.5231 479.33 337.35 497.73 351.24
0 0.5210 591.65 167.09 604.85 182.88
0 0.5204 442.43 253.63 464.12 272.50
0 0.5141 265.48 608.56 285.48 624.92
0 0.5101 310.69 390.50 331.83 407.07
0 0.5095 292.89 441.57 306.76 459.38
0 0.5085 432.50 337.11 453.90 355.12
0 0.5084 28.17 131.82 41.39 146.87
0 0.5054 364.83 474.68 381.47 489.46
0 0.5054 560.44 330.87 576.72 345.48
0 0.5031 313.38 119.24 329.42 146.69
0 0.5030 212.70 495.41 232.43 512.10
0 0.5021 394.07 344.37 406.54 357.66
0 0.5021 480.64 340.81 498.84 355.18
0 0.4970 350.86 448.90 367.09 472.30
0 0.4959 256.69 384.98 270.61 400.71
0 0.4950 165.06 411.41 180.91 425.68
0 0.4947 439.94 350.34 461.11 366.32
0 0.4944 412.33 347.47 424.91 363.97
0 0.4939 592.62 616.23 605.93 627.73
0 0.4937 235.54 535.64 258.22 553.36
0 0.4925 338.03 430.67 355.73 446.13
0 0.4922 467.14 411.65 482.42 426.03
0 0.4908 425.05 256.68 438.59 270.50
0 0.4902 368.51 483.99 385.11 498.67
0 0.4887 20.21 619.37 34.78 633.71
0 0.4887 420.25 239.53 431.74 251.59
0 0.4876 584.79 195.90 603.14 208.66
0 0.4869 260.68 225.16 279.88 242.06
0 0.4865 321.15 377.93 334.65 390.29
0 0.4854 314.01 119.52 334.10 149.46
0 0.4845 44.55 137.80 59.84 151.39
0 0.4845 195.02 565.12 206.63 580.06
0 0.4840 623.23 286.27 639.54 301.95
0 0.4810 343.36 438.74 361.85 457.75
0 0.4809 477.65 414.63 493.04 440.93
0 0.4808 590.21 230.05 613.30 248.64
0 0.4805 437.17 347.68 458.09 364.21
0 0.4795 414.01 220.07 426.17 231.12
0 0.4779 482.01 413.80 495.44 438.14
0 0.4774 24.57 131.33 39.99 147.01
0 0.4770 586.94 221.31 607.78 235.56
0 0.4762 245.86 261.48 260.01 272.22
0 0.4755 442.39 114.82 454.71 129.02
0 0.4732 205.75 404.53 224.10 422.90
0 0.4728 102.73 616.57 120.58 637.88
0 0.4717 363.95 445.03 381.03 469.98
0 0.4716 296.48 442.00 310.42 464.65
0 0.4658 109.14 601.67 126.64 627.18
0 0.4640 562.55 235.61 577.37 253.14
0 0.4626 61.92 413.51 77.87 429.45
0 0.4618 298.28 385.30 311.15 400.98
0 0.4611 538.70 271.57 554.35 285.81
0 0.4575 552.05 170.85 568.66 183.91
0 0.4572 86.83 587.70 98.09 602.32
0 0.4570 580.68 174.67 595.53 188.63
0 0.4566 620.78 281.13 638.73 300.35
0 0.4505 589.28 229.24 611.33 243.47
0 0.4479 250.62 473.02 276.70 509.29
0 0.4476 489.61 264.24 502.35 280.08
0 0.4465 323.93 445.77 337.41 463.96
0 0.4454 82.11 445.91 94.16 460.57
0 0.4454 27.53 629.87 40.53 639.67
0 0.4440 220.89 269.05 235.27 283.66
0 0.4438 0.30 621.73 19.14 635.55
0 0.4425 225.40 520.38 247.63 534.43
0 0.4420 72.28 141.81 85.18 157.11
0 0.4405 237.54 392.32 251.13 409.98
0 0.4403 422.69 311.26 438.71 328.36
0 0.4371 401.41 352.11 416.68 370.42
0 0.4353 11.06 602.24 24.48 617.22
0 0.4352 429.91 328.75 451.40 348.68
0 0.4352 203.87 268.66 222.96 289.06
0 0.4346 359.93 462.04 376.29 480.23
0 0.4342 291.25 417.76 305.83 429.53
0 0.4333 304.08 441.82 319.18 460.04
0 0.4310 3.42 631.88 21.46 639.56
0 0.4310 64.38 419.51 81.36 436.86
0 0.4300 368.10 311.95 380.47 322.68
0 0.4298 39.11 134.16 56.68 148.60
0 0.4289 265.49 229.10 286.65 246.10
0 0.4282 231.36 530.30 250.33 547.60
0 0.4259 449.13 133.16 463.16 149.69
0 0.4173 76.68 435.43 90.83 453.50
0 0.4158 245.44 552.27 266.05 573.92
0 0.4133 411.50 209.63 423.20 222.20
0 0.4101 88.23 585.75 100.21 598.38
0 0.4096 370.14 444.24 394.75 488.74
0 0.4080 79.72 147.13 93.24 161.00
0 0.4043 292.78 474.72 306.10 487.17
0 0.4003 417.86 237.42 431.72 249.69
0 0.4000 311.30 403.30 324.14 423.65
