0 0.8382 185.43 107.64 214.94 139.71
0 0.8313 91.95 59.64 113.12 79.90
0 0.8259 202.35 119.54 234.26 150.50
0 0.8193 106.99 34.93 128.75 55.11
0 0.8184 221.85 141.24 245.99 165.55
0 0.8183 192.32 169.11 226.80 192.83
0 0.8179 155.13 84.86 175.81 102.99
0 0.8167 127.99 191.80 163.93 217.28
0 0.8166 132.93 120.05 153.68 140.46
0 0.8098 173.36 184.89 208.82 209.60
0 0.8097 104.95 333.54 127.06 361.46
0 0.8094 112.28 108.21 136.25 132.80
0 0.8070 139.68 108.38 162.40 128.91
0 0.8054 163.98 160.09 197.40 183.35
0 0.8026 67.52 98.24 89.64 118.07
0 0.8019 44.84 84.55 71.71 111.16
0 0.8018 133.39 149.34 168.88 174.20
0 0.7995 218.12 68.31 239.60 88.43
0 0.7993 98.20 10.56 119.39 30.03
0 0.7980 232.03 130.30 253.92 149.36
0 0.7952 179.06 45.36 200.27 65.57
0 0.7945 145.98 175.58 181.45 199.70
0 0.7918 88.83 22.76 111.35 43.31
0 0.7915 130.36 83.85 152.16 103.72
0 0.7914 82.22 37.68 102.98 55.15
0 0.7909 219.24 105.47 241.17 125.72
0 0.7899 201.48 92.47 223.80 114.30
0 0.7885 188.62 68.52 210.19 89.05
0 0.7875 165.85 105.69 186.51 126.40
0 0.7871 209.09 80.12 231.32 100.89
0 0.7871 170.68 56.74 192.64 76.74
0 0.7862 74.47 49.44 95.23 68.27
0 0.7860 116.24 165.22 154.49 189.59
0 0.7858 123.74 8.49 144.57 28.52
0 0.7845 117.42 59.98 138.59 80.29
0 0.7837 121.11 95.81 143.11 116.12
0 0.7830 147.47 60.98 165.74 77.53
0 0.7821 51.78 371.08 71.44 390.45
0 0.7798 58.56 74.22 79.41 92.58
0 0.7771 238.02 117.08 261.00 138.60
0 0.7758 88.32 156.79 125.14 178.95
0 0.7744 200.10 195.48 236.71 220.84
0 0.7725 341.66 55.40 361.81 75.07
0 0.7719 215.79 222.86 247.08 249.70
0 0.7711 152.19 44.76 174.48 66.56
0 0.7701 179.95 80.96 203.22 102.53
0 0.7687 133.49 33.36 153.69 53.51
0 0.7682 224.76 55.00 246.35 75.81
0 0.7663 141.13 20.28 162.86 40.37
0 0.7662 136.08 73.87 157.48 92.31
0 0.7659 125.93 349.55 146.40 375.38
0 0.7655 149.66 335.63 167.89 359.52
0 0.7635 40.15 390.03 58.02 409.46
0 0.7634 326.63 44.56 346.25 65.83
0 0.7633 44.14 164.46 64.42 185.73
0 0.7627 160.50 32.82 181.44 51.34
0 0.7622 136.66 218.58 173.62 245.28
0 0.7621 75.05 84.92 97.68 106.36
0 0.7612 262.04 78.02 284.52 99.54
0 0.7588 267.32 5.71 290.03 27.13
0 0.7584 102.52 181.48 135.42 206.72
0 0.7583 172.11 95.78 194.97 117.77
0 0.7571 160.99 69.65 185.26 92.09
0 0.7567 81.15 72.28 105.41 93.63
0 0.7559 242.92 66.98 265.52 87.60
0 0.7556 162.79 202.16 192.50 224.13
0 0.7552 136.58 357.03 157.12 382.90
0 0.7550 256.39 348.70 277.74 367.49
0 0.7550 130.24 321.64 149.03 345.84
0 0.7544 152.61 133.03 173.47 148.53
0 0.7543 301.65 0.14 338.12 15.15
0 0.7539 0.01 20.62 22.12 50.68
0 0.7534 204.72 43.80 227.79 63.94
0 0.7532 226.83 93.08 249.04 113.66
0 0.7524 105.13 139.51 142.95 163.15
0 0.7519 97.80 48.84 121.16 68.05
0 0.7506 168.95 20.20 191.29 38.98
0 0.7504 184.38 212.27 218.57 236.03
0 0.7503 332.46 0.36 360.18 31.24
0 0.7503 251.81 0.15 271.65 17.05
0 0.7496 66.60 62.22 87.77 81.03
0 0.7487 93.87 97.68 115.67 118.64
0 0.7484 234.06 80.04 256.76 100.05
0 0.7482 65.23 309.05 83.49 330.82
0 0.7472 108.48 305.93 128.16 330.47
0 0.7467 221.72 319.90 242.48 339.18
0 0.7460 130.96 0.05 152.63 16.49
0 0.7452 118.13 344.71 136.22 368.03
0 0.7439 90.74 293.20 109.70 317.58
0 0.7421 110.21 71.11 133.60 93.09
0 0.7411 157.64 119.59 179.22 140.21
0 0.7399 125.02 46.87 147.53 66.54
0 0.7371 74.23 171.49 107.66 195.94
0 0.7370 310.23 36.06 331.13 57.16
0 0.7369 89.72 197.68 119.06 216.83
0 0.7343 237.80 304.75 262.05 322.55
0 0.7315 272.27 332.00 294.05 353.79
0 0.7305 105.21 0.05 127.80 17.46
0 0.7304 197.32 56.53 220.54 77.77
0 0.7291 78.62 287.34 98.54 311.93
0 0.7280 184.12 31.20 209.50 53.44
0 0.7273 246.52 104.94 266.99 125.56
0 0.7273 101.82 85.26 123.83 105.14
0 0.7258 107.59 376.58 132.35 409.31
0 0.7258 87.68 109.99 110.67 126.45
0 0.7221 255.07 92.16 274.51 110.80
0 0.7203 145.78 95.67 170.23 117.02
0 0.7156 355.97 64.51 381.12 86.60
0 0.7148 231.77 206.01 262.99 230.63
0 0.7146 260.99 320.91 284.31 342.20
0 0.7123 0.00 1.32 33.53 33.15
0 0.7122 74.04 153.89 99.73 170.03
0 0.7115 206.68 2.01 235.82 35.62
0 0.7101 150.43 7.51 172.20 30.55
0 0.7092 63.16 408.77 79.49 426.12
0 0.7083 276.22 0.00 349.05 37.08
0 0.7082 89.10 131.91 115.31 150.93
0 0.7079 141.32 328.42 159.74 352.88
0 0.7077 36.82 326.56 55.96 347.46
0 0.7045 115.12 22.05 137.60 42.69
0 0.7016 92.02 367.60 115.18 393.30
0 0.6981 96.48 328.41 112.68 351.43
0 0.6975 220.55 12.98 247.92 42.19
0 0.6963 121.20 312.40 137.37 334.76
0 0.6923 0.00 181.54 11.67 200.82
0 0.6922 97.26 298.48 118.29 325.06
0 0.6914 203.57 1.77 230.13 33.51
0 0.6879 269.25 42.08 292.10 72.17
0 0.6866 324.43 78.54 346.45 107.31
0 0.6838 123.33 235.36 154.32 261.15
0 0.6833 196.29 242.48 229.15 265.79
0 0.6832 0.94 358.13 23.45 381.72
0 0.6818 84.11 427.15 100.75 445.47
0 0.6816 238.67 23.01 262.13 53.35
0 0.6809 35.17 199.89 52.60 218.94
0 0.6802 246.06 340.49 269.71 360.94
0 0.6668 78.48 318.79 96.55 339.68
0 0.6632 124.40 211.18 146.77 229.68
0 0.6623 169.69 259.88 208.07 287.42
0 0.6610 280.99 16.08 302.45 37.18
0 0.6598 97.93 404.24 115.91 424.08
0 0.6565 50.64 399.57 68.07 417.46
0 0.6543 143.67 248.48 179.66 277.03
0 0.6468 19.23 373.10 35.62 390.59
0 0.6450 75.59 351.14 94.72 380.72
0 0.6439 105.66 373.91 129.58 401.54
0 0.6426 298.48 61.26 321.41 91.74
0 0.6416 250.58 313.77 273.42 334.69
0 0.6339 226.59 14.35 250.10 45.25
0 0.6331 296.82 27.62 315.61 47.34
0 0.6279 75.89 388.66 91.90 406.36
0 0.6211 339.76 88.01 358.46 115.25
0 0.6210 175.02 132.31 199.24 155.50
0 0.6184 279.57 49.60 302.45 78.30
0 0.6134 218.25 8.21 245.08 40.96
0 0.6113 8.20 187.38 23.97 205.45
0 0.6072 3.80 209.77 22.65 238.64
0 0.6064 30.18 381.86 47.25 399.65
0 0.6049 254.16 32.76 275.62 62.64
0 0.6039 234.29 0.14 253.59 7.53
0 0.6034 87.80 398.13 105.08 415.67
0 0.6021 0.00 204.75 10.95 232.27
0 0.6000 263.68 325.30 286.89 347.41
0 0.5947 228.33 325.91 250.94 346.41
0 0.5912 68.77 168.36 82.86 182.50
0 0.5754 74.70 418.94 91.80 437.12
0 0.5750 256.75 34.26 279.77 64.70
0 0.5730 187.02 0.00 220.90 26.98
0 0.5693 290.21 0.26 342.94 14.21
0 0.5684 17.44 341.80 34.12 359.82
0 0.5676 21.90 192.11 38.34 212.97
0 0.5666 94.94 295.62 115.63 322.50
0 0.5470 169.11 0.19 184.82 10.60
0 0.5456 0.00 347.87 8.12 365.00
0 0.5452 244.58 27.57 268.16 56.52
0 0.5446 66.46 380.50 81.17 398.30
0 0.5328 195.01 142.93 218.16 162.50
0 0.5327 92.03 295.36 111.68 320.87
0 0.5279 116.28 103.60 137.14 130.03
0 0.5270 3.90 0.08 41.61 17.43
0 0.5266 92.76 325.24 106.61 346.70
0 0.5254 313.66 72.53 335.20 99.47
0 0.5222 306.00 67.95 328.49 96.53
0 0.5192 64.18 343.78 80.74 364.04
0 0.5181 66.91 345.11 82.24 366.44
0 0.5164 0.00 153.37 8.80 175.65
0 0.5146 5.78 167.24 31.56 188.40
0 0.5113 311.33 70.79 330.66 97.19
0 0.5069 110.93 231.32 128.25 250.30
0 0.5043 233.02 181.72 255.99 201.94
0 0.5032 77.39 356.26 95.86 382.20
0 0.4945 157.38 113.11 181.10 140.66
0 0.4877 139.98 327.33 162.34 349.53
0 0.4823 285.35 55.34 305.45 81.78
0 0.4810 80.78 204.84 105.34 223.61
0 0.4792 3.40 332.08 22.42 350.64
0 0.4775 254.18 189.68 283.40 213.23
0 0.4773 329.23 81.91 350.80 110.53
0 0.4766 0.00 46.39 9.44 62.70
0 0.4755 380.52 39.75 405.18 63.07
0 0.4697 88.34 359.63 104.96 380.69
0 0.4673 116.27 384.16 137.15 411.56
0 0.4660 55.66 338.11 71.30 361.07
0 0.4658 332.81 83.87 354.92 111.65
0 0.4563 242.72 338.01 265.68 357.88
0 0.4554 102.48 300.11 121.01 327.53
0 0.4520 198.85 0.15 225.76 30.02
0 0.4497 250.17 31.64 270.46 59.93
0 0.4494 204.36 90.22 224.41 110.52
0 0.4482 198.17 269.96 227.21 295.47
0 0.4381 51.58 335.34 68.29 355.09
0 0.4381 317.37 74.59 337.27 101.91
0 0.4337 86.69 288.64 104.53 313.69
0 0.4333 225.30 321.39 243.15 340.77
0 0.4303 274.93 0.00 329.48 31.59
0 0.4283 233.53 126.08 256.49 145.72
0 0.4252 376.66 55.14 402.76 74.87
0 0.4191 113.56 379.28 134.58 410.69
0 0.4145 40.30 177.77 55.49 193.74
0 0.4143 45.46 181.20 63.15 202.56
0 0.4084 34.18 136.04 54.70 152.09
