0 0.040625 0.903125 0.040625 0.929688 0.048438 0.929688 0.050000 0.928125 0.053125 0.928125 0.054688 0.926562 0.056250 0.926562 0.057813 0.925000 0.059375 0.925000 0.062500 0.921875 0.064062 0.921875 0.065625 0.920312 0.070312 0.920312 0.070312 0.917188 0.065625 0.917188 0.064062 0.915625 0.064062 0.914062 0.060937 0.910937 0.060937 0.909375 0.059375 0.907813 0.059375 0.903125
0 0.003125 0.359375 0.003125 0.382812 0.018750 0.382812 0.018750 0.378125 0.021875 0.375000 0.023438 0.375000 0.026562 0.371875 0.028125 0.371875 0.029687 0.370312 0.029687 0.359375
0 0.578125 0.640625 0.578125 0.670312 0.585938 0.670312 0.587500 0.671875 0.587500 0.676562 0.590625 0.676562 0.590625 0.670312 0.593750 0.667188 0.593750 0.657813 0.595313 0.656250 0.595313 0.654687 0.596875 0.653125 0.601562 0.653125 0.601562 0.651563 0.596875 0.651563 0.595313 0.650000 0.595313 0.640625
0 0.059375 0.896875 0.059375 0.917188 0.065625 0.917188 0.070312 0.921875 0.070312 0.926562 0.070312 0.921875 0.073438 0.918750 0.075000 0.918750 0.076563 0.917188 0.078125 0.917188 0.079687 0.915625 0.081250 0.915625 0.082812 0.914062 0.085938 0.914062 0.089063 0.910937 0.095312 0.910937 0.095312 0.903125 0.090625 0.903125 0.089063 0.901563 0.089063 0.896875
0 0.078125 0.934375 0.078125 0.956250 0.082812 0.956250 0.084375 0.957812 0.085938 0.957812 0.087500 0.959375 0.087500 0.964063 0.090625 0.964063 0.090625 0.957812 0.095312 0.953125 0.104688 0.953125 0.107813 0.950000 0.107813 0.948438 0.109375 0.946875 0.114062 0.946875 0.109375 0.946875 0.106250 0.943750 0.106250 0.940625 0.104688 0.939063 0.104688 0.934375
0 0.121875 0.309375 0.121875 0.332813 0.135937 0.332813 0.135937 0.328125 0.143750 0.320312 0.143750 0.309375
0 0.101562 0.953125 0.101562 0.957812 0.095312 0.964063 0.090625 0.964063 0.090625 0.979688 0.100000 0.979688 0.101562 0.981250 0.103125 0.979688 0.103125 0.978125 0.106250 0.975000 0.106250 0.973437 0.107813 0.971875 0.109375 0.971875 0.110937 0.970313 0.112500 0.970313 0.115625 0.967187 0.115625 0.962500 0.114062 0.960938 0.114062 0.953125
0 0.615625 0.659375 0.615625 0.676562 0.625000 0.676562 0.626563 0.678125 0.629687 0.678125 0.639062 0.687500 0.639062 0.695312 0.645312 0.695312 0.645312 0.690625 0.646875 0.689063 0.646875 0.687500 0.648438 0.685937 0.648438 0.684375 0.653125 0.679688 0.657813 0.679688 0.657813 0.676562 0.650000 0.676562 0.643750 0.670312 0.642188 0.670312 0.639062 0.667188 0.637500 0.667188 0.635938 0.665625 0.635938 0.659375
0 0.346875 0.603125 0.346875 0.632812 0.364063 0.632812 0.364063 0.615625 0.362500 0.614062 0.362500 0.603125
0 0.071875 0.915625 0.071875 0.945312 0.081250 0.945312 0.081250 0.940625 0.082812 0.939063 0.082812 0.937500 0.085938 0.934375 0.087500 0.934375 0.089063 0.932813 0.090625 0.932813 0.092188 0.931250 0.096875 0.931250 0.098437 0.929688 0.098437 0.923438 0.096875 0.921875 0.096875 0.915625
0 0.012500 0.334375 0.012500 0.339062 0.009375 0.342187 0.003125 0.342187 0.003125 0.364063 0.014063 0.364063 0.014063 0.359375 0.017188 0.356250 0.020313 0.356250 0.021875 0.354687 0.023438 0.354687 0.025000 0.353125 0.028125 0.353125 0.032813 0.348438 0.039062 0.348438 0.039062 0.334375
0 0.071875 0.971875 0.071875 0.992188 0.084375 0.992188 0.085938 0.990625 0.090625 0.990625 0.092188 0.989062 0.093750 0.989062 0.093750 0.987500 0.095312 0.985938 0.095312 0.982812 0.092188 0.979688 0.092188 0.978125 0.090625 0.976562 0.090625 0.971875
0 0.446875 0.059375 0.446875 0.082812 0.464062 0.082812 0.464062 0.078125 0.468750 0.073438 0.470313 0.073438 0.471875 0.071875 0.476562 0.071875 0.476562 0.059375
0 0.596875 0.678125 0.596875 0.698438 0.607812 0.698438 0.609375 0.700000 0.610938 0.700000 0.614062 0.703125 0.614062 0.707812 0.628125 0.707812 0.628125 0.693750 0.626563 0.692187 0.626563 0.690625 0.618750 0.682813 0.618750 0.678125
0 0.128125 0.284375 0.128125 0.307812 0.146875 0.307812 0.146875 0.301563 0.148438 0.300000 0.150000 0.300000 0.153125 0.296875 0.154688 0.296875 0.159375 0.292187 0.164062 0.292187 0.164062 0.284375
0 0.003125 0.384375 0.003125 0.406250 0.007812 0.406250 0.009375 0.404687 0.012500 0.404687 0.014063 0.403125 0.015625 0.403125 0.017188 0.401562 0.018750 0.401562 0.021875 0.398438 0.023438 0.398438 0.026562 0.395313 0.026562 0.390625 0.025000 0.389062 0.025000 0.384375
0 0.634375 0.640625 0.634375 0.645312 0.632812 0.646875 0.628125 0.646875 0.628125 0.659375 0.634375 0.659375 0.639062 0.664062 0.640625 0.664062 0.642188 0.665625 0.643750 0.665625 0.648438 0.670312 0.648438 0.676562 0.659375 0.676562 0.659375 0.670312 0.664062 0.665625 0.665625 0.665625 0.665625 0.664062 0.667188 0.662500 0.667188 0.657813 0.665625 0.657813 0.662500 0.654687 0.660937 0.654687 0.659375 0.653125 0.657813 0.653125 0.654687 0.650000 0.653125 0.650000 0.648438 0.645312 0.648438 0.640625
0 0.096875 0.315625 0.096875 0.332813 0.101562 0.332813 0.104688 0.335938 0.106250 0.335938 0.107813 0.337500 0.112500 0.337500 0.114062 0.335938 0.115625 0.335938 0.120313 0.331250 0.120313 0.326562 0.118750 0.325000 0.118750 0.323437 0.117188 0.321875 0.117188 0.315625
0 0.059375 0.878125 0.059375 0.901563 0.064062 0.901563 0.067187 0.898438 0.068750 0.898438 0.070312 0.896875 0.073438 0.896875 0.075000 0.895312 0.076563 0.895312 0.078125 0.893750 0.081250 0.893750 0.082812 0.892188 0.084375 0.892188 0.087500 0.889062 0.087500 0.878125
0 0.565625 0.703125 0.565625 0.732812 0.581250 0.732812 0.581250 0.726562 0.582812 0.725000 0.589063 0.725000 0.589063 0.703125
0 0.059375 0.315625 0.059375 0.339062 0.076563 0.339062 0.076563 0.334375 0.078125 0.332813 0.079687 0.332813 0.081250 0.331250 0.082812 0.331250 0.084375 0.329688 0.085938 0.329688 0.087500 0.328125 0.089063 0.328125 0.090625 0.326562 0.095312 0.326562 0.095312 0.315625
0 0.104688 0.971875 0.104688 0.976562 0.101562 0.979688 0.096875 0.979688 0.096875 0.992188 0.104688 0.992188 0.106250 0.993750 0.110937 0.993750 0.121875 0.982812 0.126562 0.982812 0.126562 0.971875
0 0.578125 0.621875 0.578125 0.639062 0.584375 0.639062 0.585938 0.640625 0.589063 0.640625 0.590625 0.642188 0.593750 0.642188 0.595313 0.643750 0.601562 0.643750 0.601562 0.621875
0 0.046875 0.340625 0.046875 0.360938 0.059375 0.360938 0.060937 0.359375 0.064062 0.359375 0.065625 0.357812 0.067187 0.357812 0.067187 0.356250 0.070312 0.353125 0.076563 0.353125 0.076563 0.346875 0.071875 0.346875 0.070312 0.345313 0.070312 0.340625
0 0.028125 0.371875 0.028125 0.392188 0.035937 0.392188 0.037500 0.390625 0.042188 0.390625 0.043750 0.389062 0.045312 0.389062 0.050000 0.384375 0.050000 0.381250 0.048438 0.379688 0.048438 0.371875
0 0.265625 0.621875 0.265625 0.642188 0.271875 0.642188 0.273438 0.643750 0.278125 0.643750 0.279687 0.642188 0.282813 0.642188 0.284375 0.640625 0.285938 0.640625 0.285938 0.632812 0.284375 0.631250 0.284375 0.621875
0 0.073438 0.353125 0.073438 0.357812 0.070312 0.360938 0.065625 0.360938 0.065625 0.370312 0.070312 0.370312 0.073438 0.373437 0.082812 0.373437 0.084375 0.371875 0.087500 0.371875 0.089063 0.370312 0.090625 0.370312 0.090625 0.368750 0.092188 0.367188 0.092188 0.364063 0.090625 0.362500 0.090625 0.353125
0 0.084375 0.946875 0.084375 0.970313 0.090625 0.970313 0.100000 0.960938 0.101562 0.960938 0.103125 0.959375 0.104688 0.959375 0.106250 0.957812 0.107813 0.957812 0.107813 0.956250 0.109375 0.954688 0.109375 0.946875
0 0.365625 0.603125 0.365625 0.626563 0.378125 0.626563 0.379688 0.625000 0.389062 0.625000 0.389062 0.603125
0 0.953125 0.653125 0.953125 0.681250 0.959375 0.681250 0.962500 0.678125 0.964063 0.678125 0.967187 0.675000 0.968750 0.675000 0.970313 0.673438 0.973437 0.673438 0.975000 0.671875 0.976562 0.671875 0.978125 0.670312 0.979688 0.670312 0.981250 0.668750 0.981250 0.667188 0.982812 0.665625 0.989062 0.665625 0.989062 0.664062 0.984375 0.664062 0.981250 0.660937 0.981250 0.653125
0 0.159375 0.015625 0.159375 0.035937 0.167187 0.035937 0.168750 0.037500 0.171875 0.037500 0.173437 0.035937 0.178125 0.035937 0.179688 0.034375 0.181250 0.034375 0.184375 0.031250 0.189062 0.031250 0.189062 0.026562 0.184375 0.026562 0.179688 0.021875 0.179688 0.015625
0 0.046875 0.928125 0.046875 0.957812 0.051562 0.957812 0.051562 0.953125 0.059375 0.945312 0.060937 0.945312 0.062500 0.943750 0.064062 0.943750 0.065625 0.942187 0.068750 0.942187 0.070312 0.940625 0.076563 0.940625 0.076563 0.928125
0 0.203125 0.428125 0.203125 0.456250 0.207813 0.456250 0.210938 0.459375 0.210938 0.464062 0.218750 0.464062 0.218750 0.459375 0.220312 0.457813 0.226562 0.457813 0.226562 0.442188 0.221875 0.442188 0.218750 0.439063 0.218750 0.437500 0.217188 0.435937 0.217188 0.434375 0.215625 0.432812 0.215625 0.428125
0 0.384375 0.603125 0.384375 0.623437 0.389062 0.623437 0.390625 0.625000 0.395313 0.625000 0.398438 0.621875 0.398438 0.617188 0.400000 0.615625 0.400000 0.603125
0 0.034375 0.078125 0.034375 0.114062 0.042188 0.114062 0.042188 0.107813 0.043750 0.106250 0.045312 0.106250 0.048438 0.103125 0.051562 0.103125 0.053125 0.101562 0.057813 0.101562 0.057813 0.100000 0.053125 0.100000 0.051562 0.098437 0.051562 0.096875 0.050000 0.095312 0.050000 0.090625 0.048438 0.089063 0.048438 0.078125
0 0.073438 0.953125 0.073438 0.957812 0.070312 0.960938 0.067187 0.960938 0.065625 0.962500 0.059375 0.962500 0.059375 0.970313 0.064062 0.970313 0.067187 0.973437 0.068750 0.973437 0.070312 0.975000 0.075000 0.975000 0.076563 0.973437 0.079687 0.973437 0.081250 0.971875 0.084375 0.971875 0.084375 0.964063 0.079687 0.959375 0.079687 0.953125
0 0.046875 0.965625 0.046875 0.987500 0.054688 0.987500 0.056250 0.989062 0.060937 0.989062 0.065625 0.984375 0.065625 0.976562 0.064062 0.975000 0.064062 0.973437 0.062500 0.971875 0.062500 0.965625
0 0.090625 0.346875 0.090625 0.370312 0.107813 0.370312 0.107813 0.365625 0.112500 0.360938 0.114062 0.360938 0.115625 0.359375 0.120313 0.359375 0.120313 0.354687 0.115625 0.354687 0.114062 0.353125 0.114062 0.346875
0 0.115625 0.334375 0.115625 0.356250 0.120313 0.356250 0.121875 0.354687 0.128125 0.354687 0.129688 0.353125 0.132812 0.353125 0.134375 0.351562 0.139063 0.351562 0.139063 0.334375
0 0.596875 0.678125 0.596875 0.700000 0.603125 0.700000 0.604688 0.701562 0.606250 0.701562 0.607812 0.703125 0.609375 0.703125 0.615625 0.709375 0.615625 0.714063 0.623437 0.714063 0.623437 0.707812 0.625000 0.706250 0.626563 0.706250 0.628125 0.704688 0.632812 0.704688 0.632812 0.693750 0.626563 0.693750 0.625000 0.692187 0.625000 0.690625 0.623437 0.690625 0.615625 0.682813 0.615625 0.678125
0 0.046875 0.365625 0.046875 0.381250 0.051562 0.381250 0.053125 0.382812 0.059375 0.382812 0.060937 0.381250 0.062500 0.381250 0.064062 0.379688 0.065625 0.379688 0.067187 0.378125 0.068750 0.378125 0.070312 0.376563 0.076563 0.376563 0.076563 0.365625
0 0.096875 0.965625 0.096875 0.995313 0.114062 0.995313 0.114062 0.989062 0.121875 0.981250 0.126562 0.981250 0.126562 0.971875 0.121875 0.971875 0.120313 0.970313 0.120313 0.965625
0 0.028125 0.946875 0.028125 0.976562 0.039062 0.976562 0.039062 0.971875 0.045312 0.965625 0.051562 0.965625 0.051562 0.946875
0 0.228125 0.621875 0.228125 0.651563 0.248438 0.651563 0.248438 0.646875 0.250000 0.645312 0.254688 0.645312 0.256250 0.643750 0.259375 0.643750 0.260937 0.642188 0.262500 0.642188 0.262500 0.632812 0.260937 0.631250 0.260937 0.621875
0 0.121875 0.028125 0.121875 0.053125 0.128125 0.053125 0.129688 0.054688 0.137500 0.054688 0.139063 0.053125 0.140625 0.053125 0.142187 0.051562 0.142187 0.048438 0.143750 0.046875 0.143750 0.040625 0.142187 0.039062 0.142187 0.028125
0 0.078125 0.934375 0.078125 0.964063 0.095312 0.964063 0.095312 0.959375 0.098437 0.956250 0.103125 0.956250 0.106250 0.953125 0.107813 0.953125 0.109375 0.951562 0.114062 0.951562 0.114062 0.946875 0.109375 0.946875 0.106250 0.943750 0.106250 0.934375
0 0.078125 0.053125 0.078125 0.071875 0.082812 0.071875 0.085938 0.075000 0.085938 0.076563 0.089063 0.079687 0.090625 0.079687 0.092188 0.078125 0.093750 0.078125 0.095312 0.076563 0.101562 0.076563 0.101562 0.068750 0.096875 0.068750 0.095312 0.067187 0.095312 0.065625 0.093750 0.064062 0.093750 0.059375 0.092188 0.057813 0.092188 0.053125
0 0.053125 0.071875 0.053125 0.101562 0.067187 0.101562 0.067187 0.095312 0.071875 0.090625 0.076563 0.090625 0.076563 0.087500 0.071875 0.087500 0.068750 0.084375 0.068750 0.081250 0.067187 0.079687 0.067187 0.071875
0 0.421875 0.065625 0.421875 0.082812 0.442188 0.082812 0.442188 0.076563 0.443750 0.075000 0.443750 0.065625
0 0.003125 0.096875 0.003125 0.132812 0.012500 0.132812 0.012500 0.128125 0.015625 0.125000 0.017188 0.125000 0.018750 0.123438 0.020313 0.123438 0.021875 0.121875 0.023438 0.121875 0.023438 0.120313 0.025000 0.118750 0.025000 0.114062 0.020313 0.109375 0.020313 0.096875
0 0.443750 0.965625 0.443750 0.970313 0.440625 0.973437 0.437500 0.973437 0.435937 0.975000 0.428125 0.975000 0.428125 0.995313 0.442188 0.995313 0.442188 0.990625 0.443750 0.989062 0.445312 0.989062 0.446875 0.987500 0.453125 0.987500 0.454688 0.985938 0.457813 0.985938 0.459375 0.984375 0.462500 0.984375 0.464062 0.982812 0.470313 0.982812 0.470313 0.965625
0 0.128125 0.028125 0.128125 0.057813 0.142187 0.057813 0.142187 0.051562 0.143750 0.050000 0.143750 0.048438 0.146875 0.045312 0.146875 0.042188 0.148438 0.040625 0.145313 0.037500 0.145313 0.028125
0 0.128125 0.328125 0.128125 0.345313 0.132812 0.345313 0.134375 0.346875 0.134375 0.351562 0.143750 0.351562 0.143750 0.346875 0.146875 0.343750 0.148438 0.343750 0.153125 0.339062 0.157812 0.339062 0.157812 0.328125
0 0.028125 0.078125 0.028125 0.114062 0.043750 0.114062 0.043750 0.109375 0.046875 0.106250 0.048438 0.106250 0.050000 0.104688 0.051562 0.104688 0.053125 0.103125 0.057813 0.103125 0.057813 0.096875 0.053125 0.096875 0.051562 0.095312 0.051562 0.093750 0.050000 0.092188 0.050000 0.089063 0.048438 0.087500 0.048438 0.078125
0 0.596875 0.646875 0.596875 0.668750 0.609375 0.668750 0.615625 0.662500 0.615625 0.660937 0.617188 0.659375 0.617188 0.646875
0 0.284375 0.615625 0.284375 0.645312 0.304688 0.645312 0.304688 0.640625 0.307812 0.637500 0.314063 0.637500 0.314063 0.628125 0.309375 0.628125 0.306250 0.625000 0.306250 0.621875 0.304688 0.620313 0.304688 0.615625
0 0.046875 0.928125 0.046875 0.954688 0.057813 0.954688 0.059375 0.953125 0.059375 0.948438 0.057813 0.946875 0.059375 0.945312 0.060937 0.945312 0.062500 0.943750 0.068750 0.943750 0.070312 0.942187 0.070312 0.928125
0 0.159375 0.453125 0.159375 0.482812 0.176563 0.482812 0.176563 0.464062 0.171875 0.464062 0.168750 0.460938 0.168750 0.453125
0 0.146875 0.453125 0.146875 0.489063 0.153125 0.489063 0.153125 0.484375 0.154688 0.482812 0.156250 0.482812 0.157812 0.481250 0.160938 0.481250 0.162500 0.479687 0.164062 0.479687 0.165625 0.478125 0.170313 0.478125 0.170313 0.470313 0.165625 0.470313 0.162500 0.467187 0.162500 0.462500 0.160938 0.460938 0.160938 0.453125
0 0.046875 0.934375 0.046875 0.956250 0.053125 0.956250 0.056250 0.959375 0.056250 0.964063 0.062500 0.964063 0.062500 0.959375 0.067187 0.954688 0.068750 0.954688 0.070312 0.953125 0.075000 0.953125 0.076563 0.951562 0.082812 0.951562 0.076563 0.951562 0.073438 0.948438 0.073438 0.945312 0.071875 0.943750 0.071875 0.940625 0.070312 0.939063 0.070312 0.934375
0 0.096875 0.046875 0.096875 0.070312 0.103125 0.070312 0.106250 0.067187 0.107813 0.067187 0.110937 0.064062 0.110937 0.059375 0.112500 0.057813 0.112500 0.046875
0 0.321875 0.609375 0.321875 0.631250 0.326562 0.631250 0.328125 0.632812 0.331250 0.632812 0.332813 0.634375 0.332813 0.639062 0.332813 0.634375 0.334375 0.632812 0.335938 0.632812 0.337500 0.631250 0.340625 0.631250 0.343750 0.628125 0.343750 0.617188 0.342187 0.615625 0.342187 0.609375
0 0.153125 0.278125 0.153125 0.295312 0.170313 0.295312 0.170313 0.289062 0.173437 0.285938 0.175000 0.285938 0.176563 0.284375 0.182812 0.284375 0.184375 0.282813 0.189062 0.282813 0.189062 0.278125
0 0.070312 0.942187 0.068750 0.943750 0.067187 0.943750 0.064062 0.946875 0.062500 0.946875 0.060937 0.948438 0.053125 0.948438 0.053125 0.959375 0.065625 0.959375 0.070312 0.954688 0.073438 0.954688 0.075000 0.953125 0.082812 0.953125 0.082812 0.951562 0.078125 0.951562 0.075000 0.948438 0.075000 0.945312 0.071875 0.942187
0 0.615625 0.653125 0.615625 0.676562 0.626563 0.676562 0.628125 0.678125 0.629687 0.678125 0.631250 0.679688 0.632812 0.679688 0.635938 0.682813 0.635938 0.689063 0.650000 0.689063 0.650000 0.681250 0.651563 0.679688 0.651563 0.676562 0.650000 0.676562 0.645312 0.671875 0.643750 0.671875 0.640625 0.668750 0.639062 0.668750 0.632812 0.662500 0.632812 0.660937 0.631250 0.659375 0.631250 0.653125
0 0.571875 0.671875 0.571875 0.707812 0.584375 0.707812 0.584375 0.701562 0.585938 0.700000 0.585938 0.698438 0.587500 0.696875 0.587500 0.695312 0.589063 0.693750 0.595313 0.693750 0.595313 0.671875
0 0.615625 0.659375 0.615625 0.678125 0.629687 0.678125 0.639062 0.687500 0.639062 0.689063 0.640625 0.690625 0.642188 0.689063 0.651563 0.689063 0.651563 0.673438 0.645312 0.673438 0.642188 0.670312 0.640625 0.670312 0.634375 0.664062 0.634375 0.659375
0 0.240625 0.478125 0.240625 0.495312 0.245312 0.495312 0.246875 0.496875 0.248438 0.496875 0.250000 0.498437 0.251563 0.498437 0.253125 0.500000 0.254688 0.498437 0.257812 0.498437 0.259375 0.496875 0.260937 0.496875 0.260937 0.495312 0.262500 0.493750 0.262500 0.490625 0.260937 0.489063 0.260937 0.485938 0.259375 0.484375 0.259375 0.478125
0 0.021875 0.090625 0.021875 0.115625 0.026562 0.115625 0.028125 0.114062 0.029687 0.114062 0.029687 0.110937 0.031250 0.109375 0.031250 0.106250 0.029687 0.104688 0.029687 0.098437 0.028125 0.096875 0.028125 0.090625
0 0.073438 0.309375 0.073438 0.314063 0.070312 0.317188 0.065625 0.317188 0.065625 0.332813 0.090625 0.332813 0.090625 0.326562 0.095312 0.321875 0.101562 0.321875 0.101562 0.309375
0 0.171875 0.284375 0.171875 0.289062 0.167187 0.293750 0.159375 0.293750 0.159375 0.312500 0.165625 0.312500 0.167187 0.310937 0.171875 0.310937 0.173437 0.309375 0.175000 0.309375 0.176563 0.307812 0.178125 0.307812 0.179688 0.306250 0.181250 0.306250 0.182812 0.304688 0.189062 0.304688 0.189062 0.284375
0 0.059375 0.334375 0.059375 0.357812 0.078125 0.357812 0.078125 0.353125 0.079687 0.351562 0.079687 0.350000 0.081250 0.348438 0.082812 0.348438 0.084375 0.346875 0.089063 0.346875 0.089063 0.345313 0.084375 0.345313 0.081250 0.342187 0.081250 0.340625 0.079687 0.339062 0.079687 0.334375
0 0.028125 0.084375 0.028125 0.112500 0.034375 0.112500 0.035937 0.110937 0.039062 0.110937 0.040625 0.109375 0.042188 0.109375 0.046875 0.104688 0.048438 0.104688 0.051562 0.101562 0.050000 0.100000 0.050000 0.095312 0.048438 0.093750 0.048438 0.084375
0 0.040625 0.328125 0.040625 0.351562 0.046875 0.351562 0.046875 0.345313 0.048438 0.343750 0.050000 0.343750 0.051562 0.342187 0.053125 0.342187 0.054688 0.340625 0.056250 0.340625 0.060937 0.335938 0.060937 0.334375 0.062500 0.332813 0.062500 0.328125
