0 0.878125 0.878125 0.878125 0.900000 0.892188 0.900000 0.893750 0.898438 0.895312 0.898438 0.896875 0.896875 0.901563 0.896875 0.901563 0.878125
0 0.846875 0.615625 0.846875 0.639062 0.860938 0.639062 0.860938 0.634375 0.867188 0.628125 0.867188 0.615625
0 0.903125 0.859375 0.903125 0.882812 0.918750 0.882812 0.918750 0.873437 0.920312 0.871875 0.920312 0.868750 0.921875 0.867188 0.926562 0.867188 0.926562 0.859375
0 0.853125 0.853125 0.853125 0.901563 0.868750 0.901563 0.868750 0.896875 0.871875 0.893750 0.871875 0.890625 0.873437 0.889062 0.873437 0.885938 0.875000 0.884375 0.875000 0.881250 0.876563 0.879687 0.876563 0.878125 0.878125 0.876563 0.882812 0.876563 0.878125 0.876563 0.876563 0.875000 0.876563 0.870313 0.875000 0.868750 0.875000 0.867188 0.873437 0.865625 0.873437 0.862500 0.871875 0.860938 0.871875 0.853125
0 0.878125 0.859375 0.878125 0.882812 0.896875 0.882812 0.896875 0.875000 0.898438 0.873437 0.898438 0.859375
0 0.859375 0.584375 0.859375 0.607812 0.879687 0.607812 0.879687 0.601562 0.884375 0.596875 0.889062 0.596875 0.889062 0.584375
0 0.834375 0.590625 0.834375 0.612500 0.839063 0.612500 0.842187 0.615625 0.842187 0.620313 0.846875 0.620313 0.846875 0.615625 0.848437 0.614062 0.850000 0.614062 0.851562 0.612500 0.853125 0.612500 0.856250 0.609375 0.857812 0.609375 0.860938 0.606250 0.860938 0.600000 0.859375 0.598437 0.859375 0.590625
0 0.865625 0.609375 0.865625 0.625000 0.871875 0.625000 0.875000 0.628125 0.875000 0.632812 0.879687 0.632812 0.879687 0.628125 0.882812 0.625000 0.884375 0.625000 0.887500 0.621875 0.887500 0.609375
0 0.821875 0.621875 0.821875 0.643750 0.837500 0.643750 0.839063 0.642188 0.840625 0.642188 0.842187 0.640625 0.845313 0.640625 0.846875 0.639062 0.851562 0.639062 0.851562 0.628125 0.846875 0.628125 0.845313 0.626563 0.845313 0.621875
0 0.953125 0.553125 0.953125 0.575000 0.960938 0.575000 0.962500 0.573438 0.964063 0.573438 0.965625 0.571875 0.967187 0.571875 0.968750 0.570312 0.970313 0.570312 0.976562 0.564063 0.976562 0.562500 0.978125 0.560937 0.982812 0.560937 0.982812 0.553125
0 0.909375 0.590625 0.909375 0.614062 0.928125 0.614062 0.928125 0.609375 0.929688 0.607812 0.929688 0.606250 0.934375 0.601562 0.939063 0.601562 0.934375 0.601562 0.932813 0.600000 0.932813 0.596875 0.931250 0.595313 0.931250 0.590625
0 0.946875 0.578125 0.946875 0.607812 0.959375 0.607812 0.959375 0.603125 0.960938 0.601562 0.960938 0.600000 0.964063 0.596875 0.964063 0.595313 0.965625 0.593750 0.970313 0.593750 0.970313 0.578125
0 0.928125 0.559375 0.928125 0.589063 0.934375 0.589063 0.934375 0.584375 0.937500 0.581250 0.940625 0.581250 0.942187 0.579688 0.943750 0.579688 0.945312 0.578125 0.946875 0.578125 0.948438 0.576562 0.948438 0.573438 0.950000 0.571875 0.950000 0.559375
0 0.846875 0.721875 0.846875 0.742188 0.853125 0.742188 0.856250 0.745313 0.856250 0.751563 0.862500 0.751563 0.862500 0.746875 0.865625 0.743750 0.870313 0.743750 0.870313 0.729688 0.865625 0.729688 0.864062 0.728125 0.864062 0.721875
0 0.890625 0.596875 0.890625 0.618750 0.896875 0.618750 0.898438 0.620313 0.903125 0.620313 0.904687 0.618750 0.906250 0.618750 0.907813 0.617188 0.909375 0.617188 0.910937 0.615625 0.912500 0.615625 0.912500 0.610938 0.910937 0.609375 0.910937 0.606250 0.909375 0.604688 0.909375 0.596875
0 0.296875 0.871875 0.296875 0.890625 0.303125 0.890625 0.310937 0.898438 0.312500 0.898438 0.314063 0.900000 0.317188 0.900000 0.320312 0.903125 0.320312 0.907813 0.321875 0.907813 0.321875 0.903125 0.325000 0.900000 0.326562 0.900000 0.329688 0.896875 0.329688 0.893750 0.328125 0.892188 0.328125 0.890625 0.325000 0.887500 0.323437 0.887500 0.314063 0.878125 0.314063 0.871875
0 0.871875 0.821875 0.871875 0.851562 0.878125 0.851562 0.879687 0.850000 0.881250 0.850000 0.884375 0.846875 0.884375 0.843750 0.885938 0.842187 0.885938 0.837500 0.887500 0.835938 0.887500 0.831250 0.890625 0.828125 0.895312 0.828125 0.895312 0.821875
0 0.896875 0.884375 0.896875 0.904687 0.906250 0.904687 0.907813 0.906250 0.910937 0.906250 0.912500 0.904687 0.920312 0.904687 0.920312 0.884375
0 0.740625 0.784375 0.740625 0.801562 0.746875 0.801562 0.748437 0.800000 0.753125 0.800000 0.757812 0.795312 0.757812 0.784375
0 0.853125 0.746875 0.853125 0.762500 0.868750 0.762500 0.870313 0.760938 0.871875 0.760938 0.873437 0.759375 0.875000 0.759375 0.876563 0.757812 0.876563 0.756250 0.878125 0.754687 0.882812 0.754687 0.882812 0.746875
0 0.871875 0.928125 0.871875 0.945312 0.884375 0.945312 0.884375 0.939063 0.885938 0.937500 0.885938 0.935937 0.887500 0.934375 0.887500 0.928125
0 0.884375 0.578125 0.884375 0.595313 0.890625 0.595313 0.892188 0.593750 0.896875 0.593750 0.898438 0.592187 0.900000 0.592187 0.901563 0.590625 0.907813 0.590625 0.907813 0.584375 0.903125 0.584375 0.901563 0.582812 0.901563 0.578125
0 0.871875 0.909375 0.871875 0.932813 0.884375 0.932813 0.884375 0.928125 0.885938 0.926562 0.885938 0.925000 0.890625 0.920312 0.890625 0.918750 0.892188 0.917188 0.892188 0.909375
0 0.784375 0.765625 0.784375 0.789062 0.792188 0.789062 0.792188 0.784375 0.795312 0.781250 0.796875 0.781250 0.798438 0.779687 0.800000 0.779687 0.803125 0.776563 0.803125 0.771875 0.801562 0.770312 0.801562 0.765625
0 0.890625 0.915625 0.890625 0.932813 0.907813 0.932813 0.907813 0.926562 0.909375 0.925000 0.909375 0.923438 0.910937 0.921875 0.910937 0.915625
0 0.884375 0.578125 0.884375 0.601562 0.890625 0.601562 0.890625 0.596875 0.892188 0.595313 0.895312 0.595313 0.896875 0.593750 0.898438 0.593750 0.900000 0.592187 0.901563 0.592187 0.903125 0.590625 0.907813 0.590625 0.907813 0.584375 0.903125 0.584375 0.901563 0.582812 0.901563 0.578125
0 0.865625 0.715625 0.865625 0.734375 0.870313 0.734375 0.876563 0.740625 0.876563 0.745313 0.878125 0.745313 0.878125 0.737500 0.879687 0.735938 0.879687 0.734375 0.881250 0.732812 0.881250 0.715625
0 0.865625 0.609375 0.865625 0.625000 0.871875 0.625000 0.873437 0.626563 0.875000 0.626563 0.876563 0.628125 0.876563 0.632812 0.878125 0.632812 0.878125 0.628125 0.881250 0.625000 0.884375 0.625000 0.887500 0.621875 0.887500 0.609375
0 0.965625 0.115625 0.965625 0.151562 0.976562 0.151562 0.976562 0.146875 0.985938 0.137500 0.985938 0.135937 0.987500 0.134375 0.985938 0.132812 0.985938 0.129688 0.984375 0.128125 0.984375 0.126562 0.982812 0.125000 0.982812 0.115625
0 0.984375 0.115625 0.984375 0.129688 0.995313 0.129688 0.996875 0.131250 0.998437 0.131250 0.998437 0.115625
0 0.909375 0.828125 0.909375 0.850000 0.917188 0.850000 0.918750 0.848437 0.932813 0.848437 0.932813 0.828125
0 0.273438 0.715625 0.273438 0.720313 0.270313 0.723437 0.265625 0.723437 0.265625 0.746875 0.270313 0.746875 0.276562 0.753125 0.276562 0.757812 0.284375 0.757812 0.284375 0.753125 0.287500 0.750000 0.289062 0.750000 0.298438 0.740625 0.298438 0.739062 0.300000 0.737500 0.300000 0.735938 0.301563 0.734375 0.301563 0.731250 0.303125 0.729688 0.303125 0.726562 0.296875 0.720313 0.296875 0.715625
0 0.940625 0.584375 0.940625 0.604688 0.950000 0.604688 0.951562 0.603125 0.964063 0.603125 0.964063 0.584375
0 0.965625 0.115625 0.965625 0.151562 0.979688 0.151562 0.979688 0.146875 0.982812 0.143750 0.989062 0.143750 0.989062 0.126562 0.984375 0.126562 0.982812 0.125000 0.982812 0.123438 0.981250 0.121875 0.981250 0.115625
0 0.834375 0.721875 0.834375 0.748437 0.839063 0.748437 0.845313 0.742188 0.846875 0.742188 0.851562 0.737500 0.857812 0.737500 0.857812 0.721875
0 0.821875 0.196875 0.821875 0.220312 0.826562 0.220312 0.826562 0.215625 0.828125 0.214062 0.829688 0.214062 0.831250 0.212500 0.834375 0.212500 0.837500 0.209375 0.837500 0.207813 0.835938 0.206250 0.835938 0.196875
0 0.946875 0.134375 0.946875 0.164062 0.960938 0.164062 0.960938 0.156250 0.962500 0.154688 0.962500 0.150000 0.960938 0.148438 0.960938 0.146875 0.959375 0.145313 0.959375 0.143750 0.957812 0.142187 0.957812 0.134375
0 0.846875 0.721875 0.846875 0.743750 0.851562 0.743750 0.854688 0.746875 0.854688 0.751563 0.870313 0.751563 0.870313 0.728125 0.865625 0.728125 0.864062 0.726562 0.864062 0.721875
0 0.759375 0.771875 0.759375 0.795312 0.771875 0.795312 0.771875 0.790625 0.778125 0.784375 0.782813 0.784375 0.782813 0.771875
0 0.903125 0.821875 0.903125 0.848437 0.907813 0.848437 0.909375 0.846875 0.909375 0.845313 0.910937 0.843750 0.910937 0.839063 0.912500 0.837500 0.912500 0.835938 0.915625 0.832812 0.920312 0.832812 0.920312 0.821875
0 0.821875 0.728125 0.821875 0.754687 0.826562 0.754687 0.828125 0.756250 0.831250 0.756250 0.832812 0.757812 0.834375 0.756250 0.834375 0.754687 0.835938 0.753125 0.835938 0.745313 0.834375 0.743750 0.834375 0.742188 0.832812 0.740625 0.832812 0.728125
0 0.890625 0.921875 0.890625 0.935937 0.896875 0.935937 0.898438 0.937500 0.901563 0.937500 0.904687 0.934375 0.906250 0.934375 0.906250 0.932813 0.907813 0.931250 0.907813 0.928125 0.909375 0.926562 0.914062 0.926562 0.914062 0.921875
0 0.884375 0.821875 0.884375 0.850000 0.896875 0.850000 0.898438 0.848437 0.898438 0.832812 0.900000 0.831250 0.900000 0.829688 0.903125 0.826562 0.907813 0.826562 0.907813 0.821875
