0 0.965625 0.615625 0.965625 0.620313 0.964063 0.621875 0.964063 0.623437 0.957812 0.629687 0.953125 0.629687 0.953125 0.650000 0.959375 0.650000 0.960938 0.648438 0.967187 0.648438 0.968750 0.650000 0.970313 0.650000 0.971875 0.651563 0.973437 0.651563 0.978125 0.656250 0.979688 0.656250 0.982812 0.659375 0.984375 0.659375 0.989062 0.664062 0.990625 0.664062 0.993750 0.667188 0.995313 0.667188 0.996875 0.668750 0.998437 0.668750 0.998437 0.637500 0.996875 0.637500 0.995313 0.635938 0.993750 0.635938 0.992188 0.634375 0.990625 0.634375 0.989062 0.632812 0.987500 0.632812 0.984375 0.629687 0.982812 0.629687 0.976562 0.623437 0.976562 0.615625
0 0.003125 0.703125 0.003125 0.814063 0.042188 0.814063 0.042188 0.809375 0.045312 0.806250 0.045312 0.804688 0.054688 0.795312 0.054688 0.793750 0.056250 0.792188 0.056250 0.790625 0.059375 0.787500 0.059375 0.785937 0.062500 0.782813 0.062500 0.781250 0.064062 0.779687 0.064062 0.778125 0.065625 0.776563 0.065625 0.775000 0.067187 0.773438 0.067187 0.771875 0.068750 0.770312 0.068750 0.759375 0.067187 0.757812 0.067187 0.754687 0.065625 0.753125 0.065625 0.751563 0.064062 0.750000 0.064062 0.746875 0.062500 0.745313 0.062500 0.743750 0.060937 0.742188 0.060937 0.740625 0.059375 0.739062 0.059375 0.737500 0.057813 0.735938 0.057813 0.734375 0.054688 0.731250 0.054688 0.729688 0.046875 0.721875 0.046875 0.720313 0.045312 0.718750 0.045312 0.717187 0.043750 0.715625 0.043750 0.710938 0.045312 0.709375 0.045312 0.703125
0 0.315625 0.509375 0.315625 0.521875 0.320312 0.521875 0.331250 0.532813 0.331250 0.534375 0.339062 0.542188 0.340625 0.542188 0.342187 0.540625 0.346875 0.540625 0.353125 0.534375 0.357812 0.534375 0.357812 0.528125 0.353125 0.528125 0.346875 0.521875 0.346875 0.520312 0.345313 0.518750 0.343750 0.518750 0.340625 0.515625 0.340625 0.509375
0 0.515625 0.734375 0.515625 0.764062 0.520312 0.764062 0.523438 0.767188 0.523438 0.768750 0.525000 0.770312 0.525000 0.771875 0.526563 0.773438 0.526563 0.775000 0.528125 0.776563 0.532813 0.776563 0.534375 0.775000 0.534375 0.771875 0.537500 0.768750 0.537500 0.767188 0.539062 0.765625 0.545312 0.765625 0.545312 0.760938 0.540625 0.760938 0.531250 0.751563 0.531250 0.750000 0.523438 0.742188 0.523438 0.740625 0.521875 0.739062 0.521875 0.734375
0 0.571875 0.715625 0.571875 0.742188 0.578125 0.742188 0.579688 0.743750 0.581250 0.743750 0.582812 0.745313 0.584375 0.745313 0.585938 0.746875 0.587500 0.746875 0.590625 0.750000 0.592187 0.750000 0.595313 0.753125 0.595313 0.757812 0.596875 0.757812 0.596875 0.753125 0.603125 0.746875 0.603125 0.745313 0.606250 0.742188 0.606250 0.740625 0.607812 0.739062 0.607812 0.735938 0.609375 0.734375 0.614062 0.734375 0.614062 0.732812 0.609375 0.732812 0.606250 0.729688 0.606250 0.728125 0.604688 0.726562 0.603125 0.726562 0.601562 0.725000 0.600000 0.725000 0.595313 0.720313 0.595313 0.715625
0 0.417187 0.678125 0.417187 0.684375 0.415625 0.685937 0.409375 0.685937 0.409375 0.698438 0.414062 0.698438 0.418750 0.703125 0.418750 0.707812 0.428125 0.707812 0.428125 0.701562 0.429688 0.700000 0.431250 0.700000 0.434375 0.696875 0.435937 0.696875 0.440625 0.692187 0.445312 0.692187 0.445312 0.687500 0.440625 0.687500 0.437500 0.684375 0.437500 0.678125
0 0.890625 0.528125 0.890625 0.550000 0.895312 0.550000 0.901563 0.556250 0.903125 0.556250 0.906250 0.559375 0.907813 0.559375 0.910937 0.562500 0.912500 0.562500 0.914062 0.564063 0.915625 0.564063 0.917188 0.565625 0.921875 0.565625 0.923438 0.567187 0.925000 0.567187 0.926562 0.568750 0.929688 0.568750 0.932813 0.571875 0.934375 0.571875 0.935937 0.573438 0.940625 0.573438 0.942187 0.575000 0.943750 0.575000 0.945312 0.576562 0.945312 0.582812 0.957812 0.582812 0.957812 0.571875 0.956250 0.570312 0.956250 0.568750 0.954688 0.567187 0.954688 0.565625 0.932813 0.543750 0.932813 0.542188 0.931250 0.542188 0.926562 0.537500 0.925000 0.537500 0.920312 0.532813 0.920312 0.528125
0 0.931250 0.578125 0.931250 0.582812 0.929688 0.584375 0.929688 0.585938 0.928125 0.587500 0.928125 0.589063 0.925000 0.592187 0.925000 0.593750 0.921875 0.596875 0.921875 0.600000 0.918750 0.603125 0.918750 0.604688 0.914062 0.609375 0.909375 0.609375 0.909375 0.626563 0.917188 0.626563 0.920312 0.629687 0.921875 0.629687 0.923438 0.631250 0.928125 0.631250 0.931250 0.628125 0.931250 0.626563 0.932813 0.625000 0.932813 0.623437 0.934375 0.621875 0.934375 0.620313 0.937500 0.617188 0.937500 0.615625 0.939063 0.614062 0.939063 0.612500 0.942187 0.609375 0.942187 0.607812 0.943750 0.606250 0.943750 0.604688 0.945312 0.603125 0.945312 0.601562 0.948438 0.598437 0.948438 0.596875 0.951562 0.593750 0.951562 0.592187 0.953125 0.590625 0.953125 0.589063 0.954688 0.587500 0.954688 0.585938 0.957812 0.582812 0.957812 0.578125
0 0.526563 0.778125 0.526563 0.784375 0.520312 0.790625 0.515625 0.790625 0.515625 0.817187 0.520312 0.817187 0.521875 0.818750 0.523438 0.818750 0.526563 0.821875 0.526563 0.826562 0.528125 0.826562 0.528125 0.821875 0.529687 0.820312 0.529687 0.818750 0.532813 0.815625 0.532813 0.814063 0.534375 0.812500 0.534375 0.809375 0.535937 0.807813 0.535937 0.806250 0.540625 0.801562 0.540625 0.800000 0.542188 0.798438 0.542188 0.793750 0.540625 0.792188 0.540625 0.790625 0.532813 0.782813 0.532813 0.778125
0 0.559375 0.746875 0.559375 0.789062 0.565625 0.789062 0.565625 0.784375 0.568750 0.781250 0.570312 0.781250 0.579688 0.771875 0.581250 0.771875 0.589063 0.764062 0.595313 0.764062 0.595313 0.754687 0.589063 0.754687 0.585938 0.751563 0.585938 0.746875
0 0.000000 0.546875 0.000000 0.564063 0.001563 0.564063 0.004687 0.567187 0.004687 0.568750 0.014063 0.578125 0.014063 0.582812 0.010937 0.585938 0.007812 0.585938 0.007812 0.587500 0.006250 0.589063 0.006250 0.595313 0.014063 0.595313 0.014063 0.585938 0.017188 0.582812 0.018750 0.582812 0.021875 0.579688 0.023438 0.579688 0.025000 0.578125 0.032813 0.578125 0.032813 0.576562 0.025000 0.576562 0.021875 0.573438 0.021875 0.570312 0.020313 0.568750 0.020313 0.567187 0.018750 0.565625 0.018750 0.564063 0.017188 0.562500 0.017188 0.560937 0.015625 0.559375 0.015625 0.557813 0.014063 0.556250 0.014063 0.554688 0.012500 0.553125 0.012500 0.546875
0 0.040625 0.684375 0.040625 0.700000 0.045312 0.700000 0.046875 0.701562 0.051562 0.701562 0.053125 0.703125 0.053125 0.707812 0.082812 0.707812 0.082812 0.692187 0.076563 0.692187 0.075000 0.690625 0.075000 0.684375
0 0.328125 0.546875 0.328125 0.565625 0.332813 0.565625 0.339062 0.571875 0.339062 0.573438 0.340625 0.573438 0.343750 0.576562 0.345313 0.576562 0.346875 0.578125 0.359375 0.578125 0.359375 0.568750 0.357812 0.567187 0.357812 0.565625 0.346875 0.554688 0.346875 0.553125 0.345313 0.551562 0.345313 0.546875
0 0.993750 0.640625 0.993750 0.645312 0.995313 0.646875 0.998437 0.646875 0.998437 0.640625
0 0.946875 0.640625 0.946875 0.665625 0.953125 0.665625 0.959375 0.671875 0.960938 0.671875 0.965625 0.676562 0.967187 0.676562 0.968750 0.678125 0.970313 0.678125 0.971875 0.679688 0.973437 0.679688 0.976562 0.682813 0.978125 0.682813 0.981250 0.685937 0.982812 0.685937 0.984375 0.687500 0.985938 0.687500 0.989062 0.690625 0.989062 0.695312 0.998437 0.695312 0.998437 0.675000 0.996875 0.675000 0.989062 0.667188 0.987500 0.667188 0.981250 0.660937 0.981250 0.659375 0.979688 0.659375 0.970313 0.650000 0.970313 0.646875 0.968750 0.645312 0.968750 0.640625
0 0.609375 0.990625 0.609375 0.995313 0.614062 0.995313 0.614062 0.990625
0 0.632812 0.934375 0.632812 0.939063 0.629687 0.942187 0.628125 0.942187 0.625000 0.945312 0.625000 0.946875 0.617188 0.954688 0.615625 0.954688 0.614062 0.956250 0.609375 0.956250 0.609375 0.971875 0.614062 0.971875 0.629687 0.987500 0.631250 0.987500 0.632812 0.989062 0.632812 0.995313 0.634375 0.995313 0.634375 0.990625 0.637500 0.987500 0.639062 0.987500 0.642188 0.984375 0.643750 0.984375 0.648438 0.979688 0.650000 0.979688 0.650000 0.978125 0.653125 0.975000 0.654687 0.975000 0.654687 0.973437 0.656250 0.971875 0.656250 0.965625 0.643750 0.953125 0.643750 0.951562 0.642188 0.950000 0.642188 0.948438 0.640625 0.946875 0.640625 0.945312 0.639062 0.943750 0.639062 0.942187 0.635938 0.939063 0.635938 0.934375
0 0.009375 0.540625 0.009375 0.551562 0.014063 0.551562 0.018750 0.556250 0.018750 0.557813 0.020313 0.559375 0.020313 0.560937 0.032813 0.573438 0.035937 0.573438 0.037500 0.571875 0.040625 0.571875 0.043750 0.568750 0.043750 0.567187 0.045312 0.565625 0.043750 0.565625 0.034375 0.556250 0.034375 0.554688 0.026562 0.546875 0.026562 0.540625
0 0.046875 0.665625 0.046875 0.682813 0.053125 0.682813 0.054688 0.684375 0.054688 0.689063 0.078125 0.689063 0.078125 0.684375 0.079687 0.682813 0.079687 0.679688 0.081250 0.678125 0.081250 0.673438 0.082812 0.671875 0.082812 0.665625
0 0.971875 0.596875 0.971875 0.620313 0.976562 0.620313 0.982812 0.626563 0.984375 0.626563 0.985938 0.628125 0.987500 0.628125 0.992188 0.632812 0.993750 0.632812 0.996875 0.635938 0.996875 0.637500 0.998437 0.637500 0.998437 0.610938 0.995313 0.610938 0.993750 0.609375 0.993750 0.604688 0.992188 0.603125 0.992188 0.596875
0 0.892188 0.565625 0.892188 0.571875 0.889062 0.575000 0.889062 0.576562 0.882812 0.582812 0.878125 0.582812 0.878125 0.601562 0.884375 0.601562 0.885938 0.603125 0.890625 0.603125 0.890625 0.601562 0.893750 0.598437 0.893750 0.596875 0.896875 0.593750 0.896875 0.592187 0.900000 0.589063 0.900000 0.587500 0.906250 0.581250 0.906250 0.579688 0.909375 0.576562 0.920312 0.576562 0.920312 0.565625
0 0.585938 0.959375 0.585938 0.964063 0.582812 0.967187 0.578125 0.967187 0.578125 0.984375 0.584375 0.984375 0.589063 0.989062 0.589063 0.990625 0.590625 0.992188 0.592187 0.990625 0.595313 0.990625 0.596875 0.989062 0.598437 0.989062 0.600000 0.987500 0.601562 0.987500 0.604688 0.984375 0.606250 0.984375 0.607812 0.982812 0.609375 0.982812 0.614062 0.978125 0.614062 0.976562 0.612500 0.975000 0.612500 0.973437 0.610938 0.971875 0.610938 0.970313 0.604688 0.964063 0.604688 0.959375
0 0.534375 0.765625 0.534375 0.784375 0.539062 0.784375 0.540625 0.785937 0.542188 0.785937 0.545312 0.789062 0.545312 0.792188 0.546875 0.793750 0.546875 0.796875 0.545312 0.798438 0.545312 0.801562 0.543750 0.803125 0.543750 0.804688 0.542188 0.806250 0.540625 0.806250 0.539062 0.807813 0.534375 0.807813 0.534375 0.814063 0.557813 0.814063 0.557813 0.807813 0.560937 0.804688 0.562500 0.804688 0.564063 0.803125 0.570312 0.803125 0.570312 0.790625 0.564063 0.790625 0.554688 0.781250 0.554688 0.779687 0.553125 0.778125 0.553125 0.776563 0.551562 0.775000 0.551562 0.773438 0.550000 0.771875 0.550000 0.765625
0 0.607812 0.740625 0.607812 0.745313 0.606250 0.746875 0.606250 0.748437 0.601562 0.753125 0.596875 0.753125 0.596875 0.765625 0.604688 0.765625 0.606250 0.767188 0.607812 0.767188 0.609375 0.768750 0.610938 0.768750 0.614062 0.771875 0.615625 0.771875 0.631250 0.787500 0.632812 0.787500 0.634375 0.789062 0.640625 0.789062 0.642188 0.787500 0.643750 0.787500 0.648438 0.782813 0.648438 0.781250 0.650000 0.779687 0.650000 0.773438 0.651563 0.771875 0.650000 0.770312 0.650000 0.768750 0.648438 0.767188 0.648438 0.765625 0.646875 0.765625 0.643750 0.762500 0.642188 0.762500 0.640625 0.760938 0.639062 0.760938 0.637500 0.759375 0.635938 0.759375 0.632812 0.756250 0.631250 0.756250 0.629687 0.754687 0.628125 0.754687 0.623437 0.750000 0.621875 0.750000 0.618750 0.746875 0.618750 0.740625
0 0.428125 0.696875 0.428125 0.725000 0.434375 0.725000 0.443750 0.715625 0.445312 0.715625 0.446875 0.714063 0.448437 0.714063 0.450000 0.712500 0.457813 0.712500 0.457813 0.696875
0 0.090625 0.965625 0.090625 0.989062 0.139063 0.989062 0.139063 0.984375 0.143750 0.979688 0.143750 0.965625
0 0.628125 0.590625 0.628125 0.610938 0.634375 0.610938 0.635938 0.612500 0.635938 0.614062 0.637500 0.615625 0.637500 0.617188 0.639062 0.618750 0.639062 0.621875 0.640625 0.623437 0.640625 0.626563 0.642188 0.628125 0.642188 0.629687 0.643750 0.631250 0.643750 0.634375 0.645312 0.635938 0.645312 0.637500 0.646875 0.639062 0.646875 0.640625 0.648438 0.642188 0.648438 0.643750 0.650000 0.645312 0.650000 0.646875 0.653125 0.650000 0.654687 0.650000 0.656250 0.651563 0.659375 0.651563 0.660937 0.650000 0.662500 0.650000 0.664062 0.648438 0.670312 0.648438 0.670312 0.628125 0.665625 0.628125 0.664062 0.626563 0.662500 0.626563 0.660937 0.625000 0.660937 0.623437 0.659375 0.621875 0.659375 0.620313 0.657813 0.618750 0.657813 0.617188 0.656250 0.615625 0.656250 0.614062 0.654687 0.612500 0.654687 0.609375 0.645312 0.600000 0.645312 0.598437 0.643750 0.596875 0.643750 0.590625
0 0.237500 0.509375 0.237500 0.517188 0.235937 0.518750 0.235937 0.520312 0.232813 0.523438 0.228125 0.523438 0.228125 0.540625 0.232813 0.540625 0.235937 0.543750 0.237500 0.543750 0.239063 0.545312 0.246875 0.545312 0.251563 0.540625 0.251563 0.539062 0.254688 0.535937 0.254688 0.534375 0.256250 0.532813 0.256250 0.526563 0.251563 0.521875 0.251563 0.520312 0.250000 0.518750 0.250000 0.517188 0.248438 0.515625 0.248438 0.509375
0 0.484375 0.809375 0.484375 0.829688 0.489063 0.829688 0.492188 0.832812 0.493750 0.832812 0.495312 0.834375 0.496875 0.832812 0.496875 0.831250 0.501563 0.826562 0.501563 0.825000 0.503125 0.823438 0.503125 0.821875 0.504687 0.820312 0.504687 0.817187 0.506250 0.815625 0.506250 0.809375
0 0.359375 0.503125 0.359375 0.532813 0.365625 0.532813 0.365625 0.528125 0.367188 0.526563 0.368750 0.526563 0.370312 0.525000 0.373437 0.525000 0.378125 0.520312 0.378125 0.518750 0.379688 0.517188 0.379688 0.514062 0.378125 0.512500 0.378125 0.510938 0.376563 0.509375 0.376563 0.503125
0 0.346875 0.534375 0.346875 0.556250 0.353125 0.556250 0.354687 0.557813 0.356250 0.557813 0.357812 0.559375 0.364063 0.559375 0.364063 0.557813 0.365625 0.556250 0.365625 0.554688 0.367188 0.553125 0.367188 0.543750 0.365625 0.542188 0.365625 0.534375
