0 0.8163 508.93 110.32 526.76 124.07
0 0.7955 589.33 113.73 613.37 130.65
0 0.7870 328.44 156.14 349.88 173.15
0 0.7833 345.67 287.81 360.68 302.64
0 0.7811 513.94 133.55 530.05 155.97
0 0.7804 530.94 135.42 546.83 156.34
0 0.7772 489.33 107.59 507.18 123.05
0 0.7704 322.00 211.35 351.13 224.00
0 0.7687 330.42 175.67 351.66 190.45
0 0.7684 357.03 197.42 378.73 212.31
0 0.7667 476.55 130.30 500.57 152.98
0 0.7664 322.03 199.58 351.18 213.94
0 0.7645 544.36 93.12 561.10 107.62
0 0.7560 486.05 89.83 502.59 102.59
0 0.7550 548.08 113.06 565.31 126.13
0 0.7510 310.22 260.07 336.87 269.61
0 0.7416 309.58 176.01 328.81 193.38
0 0.7413 315.35 138.46 338.21 154.89
0 0.7400 598.77 94.49 612.94 108.89
0 0.7362 582.31 95.23 597.44 107.77
0 0.7331 523.49 92.14 540.34 106.22
0 0.7289 563.63 95.40 580.53 107.45
0 0.7276 297.50 199.98 319.14 216.03
0 0.7268 329.22 54.99 355.41 78.37
0 0.7225 274.88 148.92 293.39 162.03
0 0.7204 567.86 113.37 585.84 127.17
0 0.7185 263.81 152.16 279.54 174.50
0 0.7184 267.43 177.55 281.81 205.84
0 0.7173 506.39 91.25 521.14 103.81
0 0.7162 292.89 260.88 307.93 274.65
0 0.7159 294.87 241.65 309.15 255.15
0 0.7123 355.36 73.01 369.56 105.13
0 0.7112 453.63 383.52 472.33 402.50
0 0.7061 355.97 213.16 369.92 230.07
0 0.7015 320.03 298.46 342.23 310.71
0 0.6978 573.47 19.37 589.98 30.49
0 0.6960 389.55 77.83 411.50 103.19
0 0.6838 366.95 41.84 378.32 64.78
0 0.6823 341.96 68.96 360.89 93.25
0 0.6785 281.23 165.22 306.70 183.12
0 0.6779 298.63 277.28 310.61 288.01
0 0.6774 380.13 40.69 393.98 67.67
0 0.6689 316.19 234.13 340.43 248.96
0 0.6675 487.08 32.16 497.85 60.97
0 0.6630 571.70 38.99 634.10 69.40
0 0.6584 343.46 267.86 358.65 284.56
0 0.6580 426.39 396.07 454.14 416.25
0 0.6550 328.00 51.26 352.48 66.34
0 0.6519 572.59 560.27 587.95 575.70
0 0.6497 336.40 41.28 351.95 56.64
0 0.6495 510.09 33.89 520.21 62.15
0 0.6448 356.71 177.08 378.43 185.72
0 0.6337 328.22 283.54 342.49 297.06
0 0.6307 458.99 396.96 478.83 414.18
0 0.6279 297.17 144.53 312.13 155.51
0 0.6243 524.82 160.63 541.17 171.57
0 0.6220 374.37 258.51 390.24 271.65
0 0.6207 352.37 156.08 368.83 171.67
0 0.6205 504.54 322.72 522.35 340.74
0 0.6176 473.78 378.08 498.71 393.34
0 0.6131 356.41 184.86 378.06 197.76
0 0.6130 324.67 188.27 351.75 200.87
0 0.6098 529.52 175.61 543.13 190.56
0 0.6097 475.82 381.72 503.40 397.96
0 0.6079 497.99 33.46 509.33 61.75
0 0.6033 448.30 192.16 461.68 207.44
0 0.6025 601.35 74.50 619.09 84.32
0 0.6018 578.41 134.59 599.81 155.77
0 0.5932 425.19 170.96 439.41 188.74
0 0.5930 272.37 125.55 284.93 143.21
0 0.5922 340.93 136.97 349.54 153.25
0 0.5871 448.36 171.75 460.24 187.59
0 0.5830 297.14 185.84 311.64 199.19
0 0.5820 313.16 287.47 326.15 298.54
0 0.5686 282.50 185.10 292.67 209.30
0 0.5608 385.83 296.65 404.28 309.50
0 0.5604 282.42 226.84 309.49 238.15
0 0.5527 387.66 97.00 399.59 114.43
0 0.5505 312.64 163.92 328.17 177.63
0 0.5494 296.36 156.31 311.60 165.71
0 0.5481 584.87 73.89 595.65 86.89
0 0.5476 281.94 225.11 309.49 236.05
0 0.5466 398.78 44.58 410.25 78.08
0 0.5460 592.50 554.15 600.98 578.87
0 0.5416 528.45 16.43 538.71 27.10
0 0.5409 364.62 115.17 383.24 126.96
0 0.5303 370.65 76.54 384.28 107.60
0 0.5259 336.47 317.02 348.91 331.64
0 0.5242 298.92 290.62 311.44 302.66
0 0.5239 430.83 191.36 442.99 210.16
0 0.5155 504.37 193.86 516.60 210.22
0 0.5146 364.96 0.16 382.13 5.88
0 0.5135 540.27 174.74 559.89 190.33
0 0.5098 517.05 15.37 527.53 26.77
0 0.5098 402.41 44.25 414.14 82.88
0 0.5041 510.55 173.62 521.80 188.27
0 0.5012 495.81 13.05 504.80 25.69
0 0.5004 393.68 42.40 405.91 73.74
0 0.4972 622.75 538.19 633.85 564.28
0 0.4969 538.66 17.16 550.07 28.23
0 0.4874 568.42 74.78 581.02 87.78
0 0.4861 495.45 193.17 504.82 209.40
0 0.4848 550.16 17.75 560.61 28.72
0 0.4813 627.12 608.02 639.78 622.02
0 0.4767 312.87 274.54 325.12 286.00
0 0.4752 588.37 626.07 607.20 639.47
0 0.4745 560.94 74.17 568.27 86.66
0 0.4694 435.10 190.77 446.86 209.18
0 0.4654 604.95 547.18 614.26 575.25
0 0.4654 362.27 165.31 378.52 174.70
0 0.4648 281.58 216.15 311.69 232.39
0 0.4644 630.75 449.36 639.90 463.38
0 0.4631 570.32 74.78 582.83 89.17
0 0.4618 376.32 76.04 386.35 108.86
0 0.4590 616.10 23.04 626.21 34.04
0 0.4582 354.27 41.59 364.37 60.52
0 0.4581 347.66 25.41 360.97 35.72
0 0.4560 462.43 171.16 472.23 186.45
0 0.4538 385.74 285.62 400.26 296.84
0 0.4514 273.87 121.38 285.72 142.26
0 0.4493 424.48 191.28 436.87 211.37
0 0.4480 477.28 155.78 492.74 166.91
0 0.4472 331.20 60.60 356.04 80.03
0 0.4456 420.02 393.88 452.46 411.04
0 0.4439 542.19 73.50 552.29 84.22
0 0.4422 508.98 194.48 519.01 210.90
0 0.4421 382.46 40.13 397.00 68.92
0 0.4373 340.36 252.92 357.63 264.09
0 0.4358 503.97 131.25 514.57 154.84
0 0.4351 601.11 21.40 609.35 33.25
0 0.4345 555.73 135.24 569.58 157.71
0 0.4302 587.73 556.01 598.27 582.08
0 0.4273 365.83 135.54 377.31 142.56
0 0.4273 386.50 287.00 403.45 297.81
0 0.4258 327.44 114.00 339.06 130.33
0 0.4244 552.28 622.55 561.69 639.70
0 0.4226 524.32 72.58 536.68 83.92
0 0.4158 320.65 205.89 349.42 223.11
0 0.4135 384.24 29.49 398.67 39.24
0 0.4135 492.10 319.98 510.92 331.69
0 0.4122 488.82 192.49 497.09 209.15
0 0.4077 402.15 28.89 420.48 40.05
0 0.4076 375.95 128.61 387.40 140.74
0 0.4064 497.71 130.42 509.16 154.13
0 0.4044 600.86 77.47 617.05 85.77
0 0.4043 303.44 302.05 319.95 317.67
0 0.4036 369.58 68.56 386.76 94.98
