0 0.478125 0.096875 0.478125 0.110937 0.484375 0.110937 0.485938 0.112500 0.495312 0.112500 0.496875 0.114062 0.500000 0.114062 0.501563 0.115625 0.501563 0.120313 0.509375 0.120313 0.509375 0.115625 0.512500 0.112500 0.512500 0.110937 0.515625 0.107813 0.520312 0.107813 0.520312 0.096875
0 0.484375 0.059375 0.484375 0.081250 0.493750 0.081250 0.495312 0.079687 0.504687 0.079687 0.506250 0.081250 0.512500 0.081250 0.514062 0.082812 0.517188 0.079687 0.517188 0.076563 0.518750 0.075000 0.518750 0.059375
0 0.490625 0.003125 0.490625 0.025000 0.503125 0.025000 0.504687 0.026562 0.507812 0.026562 0.509375 0.028125 0.509375 0.032813 0.532813 0.032813 0.532813 0.003125
0 0.278125 0.578125 0.278125 0.598437 0.284375 0.598437 0.285938 0.600000 0.287500 0.600000 0.292187 0.604688 0.293750 0.604688 0.295312 0.606250 0.298438 0.606250 0.300000 0.607812 0.301563 0.607812 0.306250 0.612500 0.314063 0.612500 0.315625 0.610938 0.315625 0.609375 0.318750 0.606250 0.318750 0.604688 0.321875 0.601562 0.326562 0.601562 0.326562 0.598437 0.321875 0.598437 0.317188 0.593750 0.315625 0.593750 0.314063 0.592187 0.310937 0.592187 0.309375 0.590625 0.307812 0.590625 0.304688 0.587500 0.303125 0.587500 0.301563 0.585938 0.300000 0.585938 0.298438 0.584375 0.296875 0.584375 0.295312 0.582812 0.295312 0.578125
0 0.315625 0.603125 0.315625 0.621875 0.321875 0.621875 0.323437 0.623437 0.326562 0.623437 0.328125 0.625000 0.329688 0.625000 0.332813 0.628125 0.334375 0.628125 0.340625 0.634375 0.342187 0.634375 0.345313 0.637500 0.345313 0.639062 0.346875 0.640625 0.346875 0.645312 0.353125 0.645312 0.353125 0.639062 0.357812 0.634375 0.357812 0.632812 0.359375 0.631250 0.359375 0.629687 0.360938 0.628125 0.360938 0.623437 0.357812 0.620313 0.353125 0.620313 0.351562 0.618750 0.350000 0.618750 0.348438 0.617188 0.346875 0.617188 0.339062 0.609375 0.339062 0.603125
0 0.484375 0.040625 0.484375 0.064062 0.526563 0.064062 0.526563 0.048438 0.520312 0.048438 0.518750 0.046875 0.514062 0.046875 0.512500 0.045312 0.512500 0.040625
0 0.484375 0.028125 0.484375 0.040625 0.490625 0.040625 0.492188 0.042188 0.503125 0.042188 0.504687 0.043750 0.509375 0.043750 0.512500 0.046875 0.512500 0.051562 0.521875 0.051562 0.521875 0.046875 0.523438 0.045312 0.523438 0.043750 0.525000 0.042188 0.525000 0.028125
0 0.346875 0.571875 0.346875 0.590625 0.351562 0.590625 0.353125 0.592187 0.356250 0.592187 0.357812 0.593750 0.359375 0.593750 0.364063 0.598437 0.365625 0.598437 0.370312 0.603125 0.371875 0.603125 0.373437 0.604688 0.375000 0.604688 0.376563 0.606250 0.382812 0.606250 0.387500 0.601562 0.387500 0.600000 0.389062 0.598437 0.395313 0.598437 0.395313 0.595313 0.389062 0.595313 0.387500 0.593750 0.384375 0.593750 0.379688 0.589063 0.378125 0.589063 0.371875 0.582812 0.370312 0.582812 0.365625 0.578125 0.365625 0.571875
0 0.507812 0.196875 0.507812 0.203125 0.506250 0.204687 0.506250 0.206250 0.504687 0.207813 0.504687 0.210938 0.503125 0.212500 0.503125 0.218750 0.501563 0.220312 0.501563 0.223438 0.500000 0.225000 0.500000 0.228125 0.498437 0.229687 0.498437 0.231250 0.495312 0.234375 0.490625 0.234375 0.490625 0.264062 0.496875 0.264062 0.498437 0.265625 0.500000 0.265625 0.501563 0.267188 0.509375 0.267188 0.510938 0.265625 0.510938 0.264062 0.514062 0.260937 0.514062 0.259375 0.515625 0.257812 0.515625 0.254688 0.517188 0.253125 0.517188 0.250000 0.518750 0.248438 0.518750 0.245312 0.520312 0.243750 0.520312 0.240625 0.521875 0.239063 0.521875 0.232813 0.523438 0.231250 0.523438 0.226562 0.525000 0.225000 0.525000 0.220312 0.526563 0.218750 0.526563 0.217188 0.528125 0.215625 0.528125 0.210938 0.529687 0.209375 0.528125 0.207813 0.528125 0.206250 0.526563 0.204687 0.525000 0.204687 0.523438 0.203125 0.523438 0.196875
0 0.546875 0.696875 0.546875 0.726562 0.573438 0.726562 0.573438 0.720313 0.575000 0.718750 0.575000 0.717187 0.578125 0.714063 0.582812 0.714063 0.582812 0.712500 0.578125 0.712500 0.576562 0.710938 0.576562 0.709375 0.575000 0.707812 0.575000 0.706250 0.571875 0.703125 0.570312 0.703125 0.568750 0.701562 0.568750 0.696875
0 0.090625 0.765625 0.090625 0.792188 0.096875 0.792188 0.101562 0.796875 0.101562 0.801562 0.110937 0.801562 0.110937 0.796875 0.115625 0.792188 0.115625 0.790625 0.117188 0.789062 0.117188 0.787500 0.118750 0.785937 0.118750 0.782813 0.120313 0.781250 0.120313 0.776563 0.118750 0.775000 0.118750 0.773438 0.117188 0.771875 0.117188 0.765625
0 0.478125 0.109375 0.478125 0.120313 0.489063 0.120313 0.492188 0.123438 0.492188 0.125000 0.493750 0.126562 0.493750 0.132812 0.504687 0.132812 0.504687 0.128125 0.506250 0.126562 0.506250 0.117188 0.504687 0.115625 0.504687 0.109375
0 0.309375 0.621875 0.309375 0.640625 0.315625 0.640625 0.317188 0.642188 0.318750 0.642188 0.320312 0.643750 0.321875 0.643750 0.325000 0.646875 0.326562 0.646875 0.334375 0.654687 0.335938 0.654687 0.337500 0.656250 0.340625 0.656250 0.343750 0.653125 0.345313 0.653125 0.345313 0.651563 0.346875 0.650000 0.346875 0.645312 0.345313 0.645312 0.332813 0.632812 0.332813 0.631250 0.331250 0.631250 0.326562 0.626563 0.326562 0.621875
0 0.546875 0.671875 0.546875 0.698438 0.554688 0.698438 0.556250 0.700000 0.559375 0.700000 0.560937 0.701562 0.562500 0.701562 0.564063 0.703125 0.564063 0.707812 0.575000 0.707812 0.575000 0.703125 0.576562 0.701562 0.576562 0.695312 0.578125 0.693750 0.578125 0.687500 0.579688 0.685937 0.579688 0.681250 0.576562 0.678125 0.576562 0.671875
0 0.578125 0.678125 0.578125 0.709375 0.584375 0.709375 0.585938 0.710938 0.590625 0.710938 0.592187 0.709375 0.595313 0.709375 0.596875 0.707812 0.596875 0.701562 0.598437 0.700000 0.598437 0.692187 0.600000 0.690625 0.600000 0.678125
0 0.103125 0.684375 0.103125 0.704688 0.109375 0.704688 0.110937 0.706250 0.112500 0.706250 0.115625 0.709375 0.117188 0.709375 0.123438 0.715625 0.123438 0.720313 0.128125 0.720313 0.128125 0.714063 0.134375 0.707812 0.134375 0.706250 0.139063 0.701562 0.139063 0.696875 0.135937 0.693750 0.134375 0.693750 0.129688 0.689063 0.129688 0.684375
0 0.484375 0.078125 0.484375 0.093750 0.503125 0.093750 0.504687 0.095312 0.506250 0.095312 0.507812 0.096875 0.507812 0.101562 0.520312 0.101562 0.520312 0.078125
0 0.671875 0.184375 0.671875 0.207813 0.728125 0.207813 0.728125 0.201563 0.729688 0.200000 0.729688 0.198437 0.731250 0.196875 0.731250 0.184375
0 0.521875 0.090625 0.521875 0.132812 0.546875 0.132812 0.546875 0.126562 0.548438 0.125000 0.548438 0.123438 0.550000 0.121875 0.550000 0.114062 0.551562 0.112500 0.551562 0.107813 0.553125 0.106250 0.557813 0.106250 0.557813 0.090625
0 0.528125 0.003125 0.528125 0.046875 0.534375 0.046875 0.535937 0.048438 0.540625 0.048438 0.542188 0.050000 0.557813 0.050000 0.560937 0.046875 0.560937 0.040625 0.562500 0.039062 0.562500 0.032813 0.564063 0.031250 0.564063 0.029687 0.565625 0.028125 0.570312 0.028125 0.570312 0.003125
0 0.839063 0.253125 0.839063 0.259375 0.835938 0.262500 0.835938 0.264062 0.834375 0.265625 0.828125 0.265625 0.828125 0.287500 0.834375 0.287500 0.835938 0.289062 0.840625 0.289062 0.842187 0.290625 0.843750 0.290625 0.845313 0.292187 0.848437 0.292187 0.850000 0.293750 0.854688 0.293750 0.857812 0.296875 0.857812 0.301563 0.859375 0.301563 0.859375 0.296875 0.862500 0.293750 0.864062 0.293750 0.865625 0.292187 0.865625 0.290625 0.867188 0.289062 0.867188 0.279687 0.868750 0.278125 0.868750 0.273438 0.870313 0.271875 0.870313 0.268750 0.868750 0.267188 0.868750 0.264062 0.871875 0.260937 0.876563 0.260937 0.876563 0.253125
0 0.290625 0.559375 0.290625 0.579688 0.296875 0.579688 0.298438 0.581250 0.301563 0.581250 0.303125 0.582812 0.304688 0.582812 0.306250 0.584375 0.307812 0.584375 0.309375 0.585938 0.312500 0.585938 0.314063 0.587500 0.315625 0.587500 0.318750 0.584375 0.318750 0.581250 0.320312 0.579688 0.320312 0.576562 0.318750 0.575000 0.318750 0.571875 0.317188 0.571875 0.314063 0.568750 0.312500 0.568750 0.309375 0.565625 0.309375 0.559375
0 0.421875 0.303125 0.421875 0.325000 0.428125 0.325000 0.429688 0.326562 0.432812 0.326562 0.434375 0.328125 0.435937 0.328125 0.437500 0.329688 0.440625 0.329688 0.442188 0.331250 0.446875 0.331250 0.450000 0.328125 0.450000 0.326562 0.451562 0.325000 0.451562 0.321875 0.453125 0.320312 0.453125 0.317188 0.454688 0.315625 0.454688 0.314063 0.451562 0.310937 0.451562 0.309375 0.450000 0.307812 0.450000 0.303125
0 0.209375 0.553125 0.209375 0.567187 0.218750 0.567187 0.220312 0.568750 0.221875 0.568750 0.223438 0.570312 0.226562 0.570312 0.228125 0.571875 0.229687 0.571875 0.232813 0.575000 0.234375 0.575000 0.237500 0.578125 0.239063 0.578125 0.240625 0.579688 0.242188 0.579688 0.243750 0.581250 0.246875 0.581250 0.246875 0.579688 0.250000 0.576562 0.250000 0.573438 0.251563 0.571875 0.257812 0.571875 0.245312 0.571875 0.243750 0.570312 0.242188 0.570312 0.235937 0.564063 0.234375 0.564063 0.228125 0.557813 0.228125 0.553125
0 0.546875 0.721875 0.546875 0.754687 0.553125 0.754687 0.554688 0.756250 0.564063 0.756250 0.565625 0.754687 0.565625 0.753125 0.567187 0.751563 0.567187 0.748437 0.568750 0.746875 0.568750 0.745313 0.571875 0.742188 0.576562 0.742188 0.576562 0.721875
0 0.298438 0.596875 0.298438 0.601562 0.300000 0.603125 0.301563 0.603125 0.303125 0.604688 0.304688 0.604688 0.306250 0.606250 0.307812 0.606250 0.309375 0.607812 0.312500 0.607812 0.314063 0.609375 0.320312 0.609375 0.320312 0.596875
0 0.271875 0.596875 0.271875 0.626563 0.276562 0.626563 0.278125 0.628125 0.278125 0.632812 0.304688 0.632812 0.304688 0.628125 0.303125 0.626563 0.303125 0.625000 0.300000 0.625000 0.298438 0.626563 0.290625 0.626563 0.287500 0.623437 0.287500 0.620313 0.285938 0.618750 0.285938 0.614062 0.284375 0.612500 0.284375 0.610938 0.282813 0.609375 0.282813 0.607812 0.281250 0.606250 0.281250 0.604688 0.278125 0.601562 0.278125 0.596875
0 0.821875 0.296875 0.821875 0.318750 0.835938 0.318750 0.837500 0.320312 0.839063 0.320312 0.840625 0.321875 0.840625 0.326562 0.851562 0.326562 0.851562 0.318750 0.853125 0.317188 0.853125 0.315625 0.854688 0.314063 0.854688 0.312500 0.856250 0.310937 0.856250 0.304688 0.853125 0.301563 0.853125 0.296875
0 0.093750 0.603125 0.093750 0.607812 0.089063 0.612500 0.089063 0.614062 0.087500 0.615625 0.087500 0.617188 0.085938 0.618750 0.085938 0.620313 0.076563 0.629687 0.071875 0.629687 0.071875 0.651563 0.078125 0.651563 0.082812 0.656250 0.082812 0.657813 0.084375 0.657813 0.085938 0.659375 0.087500 0.659375 0.089063 0.660937 0.090625 0.660937 0.092188 0.659375 0.093750 0.659375 0.101562 0.651563 0.101562 0.650000 0.103125 0.648438 0.103125 0.646875 0.107813 0.642188 0.107813 0.640625 0.110937 0.637500 0.110937 0.635938 0.114062 0.632812 0.114062 0.631250 0.115625 0.629687 0.115625 0.628125 0.117188 0.626563 0.117188 0.625000 0.118750 0.623437 0.118750 0.620313 0.115625 0.617188 0.114062 0.617188 0.107813 0.610938 0.106250 0.610938 0.103125 0.607812 0.103125 0.603125
