0 0.328125 0.540625 0.328125 0.576562 0.350000 0.576562 0.350000 0.571875 0.351562 0.570312 0.354687 0.570312 0.356250 0.568750 0.360938 0.568750 0.362500 0.567187 0.365625 0.567187 0.367188 0.565625 0.371875 0.565625 0.373437 0.564063 0.382812 0.564063 0.382812 0.548438 0.376563 0.548438 0.375000 0.546875 0.375000 0.540625
0 0.271875 0.528125 0.271875 0.564063 0.282813 0.564063 0.282813 0.559375 0.285938 0.556250 0.289062 0.556250 0.290625 0.554688 0.293750 0.554688 0.295312 0.553125 0.300000 0.553125 0.301563 0.551562 0.306250 0.551562 0.307812 0.550000 0.310937 0.550000 0.312500 0.548438 0.315625 0.548438 0.317188 0.546875 0.318750 0.546875 0.318750 0.537500 0.315625 0.534375 0.315625 0.528125
0 0.434375 0.434375 0.434375 0.457813 0.440625 0.457813 0.442188 0.459375 0.442188 0.464062 0.475000 0.464062 0.475000 0.459375 0.478125 0.456250 0.482812 0.456250 0.482812 0.451562 0.478125 0.451562 0.475000 0.448437 0.475000 0.446875 0.471875 0.443750 0.471875 0.442188 0.470313 0.440625 0.470313 0.434375
0 0.289062 0.553125 0.289062 0.557813 0.287500 0.559375 0.285938 0.559375 0.284375 0.560937 0.278125 0.560937 0.278125 0.589063 0.295312 0.589063 0.295312 0.584375 0.296875 0.582812 0.298438 0.582812 0.300000 0.581250 0.303125 0.581250 0.304688 0.579688 0.309375 0.579688 0.310937 0.578125 0.314063 0.578125 0.315625 0.576562 0.320312 0.576562 0.321875 0.575000 0.325000 0.575000 0.328125 0.571875 0.332813 0.571875 0.332813 0.568750 0.328125 0.568750 0.326562 0.567187 0.326562 0.565625 0.325000 0.564063 0.325000 0.553125
0 0.367188 0.615625 0.367188 0.620313 0.365625 0.621875 0.362500 0.621875 0.360938 0.623437 0.353125 0.623437 0.353125 0.650000 0.370312 0.650000 0.371875 0.648438 0.382812 0.648438 0.384375 0.646875 0.396875 0.646875 0.398438 0.645312 0.400000 0.645312 0.403125 0.642188 0.407813 0.642188 0.407813 0.632812 0.403125 0.632812 0.401562 0.631250 0.401562 0.629687 0.400000 0.628125 0.400000 0.625000 0.398438 0.623437 0.398438 0.615625
0 0.446875 0.459375 0.446875 0.489063 0.468750 0.489063 0.468750 0.484375 0.470313 0.482812 0.479687 0.482812 0.481250 0.481250 0.484375 0.481250 0.489063 0.476562 0.489063 0.471875 0.487500 0.470313 0.487500 0.459375
0 0.265625 0.496875 0.265625 0.518750 0.289062 0.518750 0.290625 0.517188 0.303125 0.517188 0.304688 0.515625 0.314063 0.515625 0.315625 0.514062 0.317188 0.514062 0.323437 0.507812 0.323437 0.504687 0.325000 0.503125 0.325000 0.496875
0 0.671875 0.828125 0.671875 0.876563 0.707812 0.876563 0.707812 0.860938 0.703125 0.860938 0.701562 0.859375 0.701562 0.856250 0.700000 0.854688 0.700000 0.843750 0.698438 0.842187 0.698438 0.835938 0.696875 0.834375 0.696875 0.828125
0 0.046875 0.678125 0.046875 0.700000 0.067187 0.700000 0.068750 0.698438 0.068750 0.696875 0.070312 0.695312 0.070312 0.693750 0.071875 0.692187 0.076563 0.692187 0.076563 0.678125
0 0.146875 0.696875 0.146875 0.726562 0.164062 0.726562 0.164062 0.720313 0.165625 0.718750 0.165625 0.717187 0.167187 0.715625 0.167187 0.712500 0.168750 0.710938 0.168750 0.696875
0 0.121875 0.690625 0.121875 0.720313 0.137500 0.720313 0.137500 0.715625 0.139063 0.714063 0.139063 0.712500 0.140625 0.710938 0.140625 0.709375 0.142187 0.707812 0.142187 0.706250 0.143750 0.704688 0.143750 0.701562 0.145313 0.700000 0.145313 0.696875 0.146875 0.695312 0.151562 0.695312 0.151562 0.690625
0 0.296875 0.609375 0.296875 0.639062 0.301563 0.639062 0.303125 0.637500 0.307812 0.637500 0.309375 0.635938 0.312500 0.635938 0.314063 0.634375 0.317188 0.634375 0.318750 0.632812 0.326562 0.632812 0.328125 0.631250 0.329688 0.631250 0.331250 0.629687 0.334375 0.629687 0.335938 0.628125 0.345313 0.628125 0.345313 0.609375
0 0.103125 0.871875 0.103125 0.898438 0.109375 0.898438 0.110937 0.900000 0.117188 0.900000 0.121875 0.895312 0.126562 0.895312 0.126562 0.871875
0 0.809375 0.809375 0.809375 0.851562 0.839063 0.851562 0.839063 0.839063 0.834375 0.839063 0.832812 0.837500 0.832812 0.835938 0.831250 0.834375 0.831250 0.825000 0.829688 0.823438 0.829688 0.818750 0.828125 0.817187 0.828125 0.809375
0 0.415625 0.534375 0.415625 0.551562 0.475000 0.551562 0.475000 0.546875 0.478125 0.543750 0.482812 0.543750 0.482812 0.534375
0 0.096875 0.684375 0.096875 0.714063 0.114062 0.714063 0.114062 0.707812 0.115625 0.706250 0.115625 0.704688 0.117188 0.703125 0.117188 0.700000 0.118750 0.698438 0.118750 0.684375
0 0.703125 0.828125 0.703125 0.868750 0.720313 0.868750 0.721875 0.867188 0.723437 0.867188 0.725000 0.865625 0.732812 0.865625 0.732812 0.848437 0.728125 0.848437 0.726562 0.846875 0.726562 0.837500 0.725000 0.835938 0.725000 0.828125
0 0.312500 0.634375 0.312500 0.639062 0.310937 0.640625 0.309375 0.640625 0.307812 0.642188 0.303125 0.642188 0.303125 0.656250 0.326562 0.656250 0.328125 0.654687 0.340625 0.654687 0.342187 0.653125 0.351562 0.653125 0.351562 0.634375
0 0.784375 0.815625 0.784375 0.851562 0.798438 0.851562 0.800000 0.850000 0.806250 0.850000 0.807813 0.848437 0.814063 0.848437 0.814063 0.837500 0.809375 0.837500 0.807813 0.835938 0.807813 0.831250 0.806250 0.829688 0.806250 0.815625
0 0.334375 0.496875 0.334375 0.514062 0.342187 0.514062 0.343750 0.512500 0.354687 0.512500 0.356250 0.510938 0.359375 0.510938 0.360938 0.509375 0.362500 0.509375 0.364063 0.507812 0.365625 0.507812 0.367188 0.506250 0.368750 0.506250 0.371875 0.503125 0.373437 0.503125 0.373437 0.496875
0 0.428125 0.403125 0.428125 0.439063 0.456250 0.439063 0.456250 0.434375 0.457813 0.432812 0.464062 0.432812 0.464062 0.403125
0 0.734375 0.821875 0.734375 0.864062 0.754687 0.864062 0.754687 0.857812 0.757812 0.854688 0.757812 0.853125 0.759375 0.851562 0.764062 0.851562 0.764062 0.845313 0.759375 0.845313 0.757812 0.843750 0.757812 0.831250 0.756250 0.829688 0.756250 0.821875
0 0.071875 0.678125 0.071875 0.704688 0.089063 0.704688 0.092188 0.701562 0.092188 0.700000 0.093750 0.698438 0.093750 0.693750 0.095312 0.692187 0.095312 0.685937 0.093750 0.684375 0.093750 0.678125
0 0.759375 0.815625 0.759375 0.857812 0.782813 0.857812 0.782813 0.853125 0.781250 0.851562 0.781250 0.843750 0.779687 0.842187 0.779687 0.832812 0.778125 0.831250 0.778125 0.825000 0.776563 0.823438 0.776563 0.815625
0 0.065625 0.540625 0.065625 0.553125 0.071875 0.553125 0.076563 0.557813 0.078125 0.557813 0.079687 0.559375 0.082812 0.559375 0.084375 0.560937 0.085938 0.560937 0.087500 0.562500 0.089063 0.562500 0.092188 0.565625 0.093750 0.565625 0.095312 0.567187 0.096875 0.567187 0.101562 0.571875 0.101562 0.576562 0.107813 0.576562 0.107813 0.571875 0.114062 0.565625 0.120313 0.565625 0.120313 0.559375 0.114062 0.559375 0.112500 0.557813 0.110937 0.557813 0.109375 0.556250 0.107813 0.556250 0.104688 0.553125 0.103125 0.553125 0.100000 0.550000 0.098437 0.550000 0.093750 0.545312 0.093750 0.540625
0 0.353125 0.453125 0.353125 0.470313 0.357812 0.470313 0.359375 0.468750 0.387500 0.468750 0.389062 0.470313 0.401562 0.470313 0.403125 0.468750 0.404687 0.468750 0.406250 0.467187 0.406250 0.465625 0.409375 0.462500 0.414062 0.462500 0.414062 0.453125
0 0.021875 0.665625 0.021875 0.690625 0.026562 0.690625 0.032813 0.696875 0.032813 0.701562 0.039062 0.701562 0.039062 0.696875 0.042188 0.693750 0.042188 0.692187 0.043750 0.690625 0.043750 0.685937 0.045312 0.684375 0.045312 0.681250 0.046875 0.679688 0.051562 0.679688 0.051562 0.673438 0.046875 0.673438 0.045312 0.671875 0.045312 0.665625
0 0.234375 0.628125 0.234375 0.648438 0.240625 0.648438 0.245312 0.653125 0.245312 0.654687 0.250000 0.659375 0.250000 0.664062 0.257812 0.664062 0.257812 0.640625 0.253125 0.640625 0.250000 0.637500 0.250000 0.635938 0.246875 0.632812 0.246875 0.628125
0 0.464062 0.784375 0.464062 0.789062 0.465625 0.790625 0.470313 0.790625 0.470313 0.784375
0 0.404687 0.784375 0.404687 0.789062 0.403125 0.790625 0.396875 0.790625 0.396875 0.801562 0.404687 0.801562 0.406250 0.803125 0.409375 0.803125 0.410938 0.804688 0.412500 0.804688 0.414062 0.806250 0.415625 0.806250 0.417187 0.807813 0.418750 0.807813 0.420312 0.809375 0.426563 0.809375 0.428125 0.807813 0.429688 0.807813 0.431250 0.806250 0.432812 0.806250 0.435937 0.803125 0.437500 0.803125 0.439063 0.801562 0.440625 0.801562 0.450000 0.792188 0.451562 0.792188 0.454688 0.789062 0.454688 0.784375
0 0.340625 0.471875 0.340625 0.495312 0.389062 0.495312 0.389062 0.490625 0.392188 0.487500 0.393750 0.487500 0.395313 0.485938 0.395313 0.484375 0.396875 0.482812 0.396875 0.481250 0.398438 0.479687 0.398438 0.478125 0.400000 0.476562 0.400000 0.471875
0 0.034375 0.640625 0.034375 0.660937 0.046875 0.660937 0.046875 0.659375 0.048438 0.657813 0.048438 0.656250 0.050000 0.654687 0.050000 0.650000 0.051562 0.648438 0.051562 0.640625
0 0.146875 0.884375 0.146875 0.912500 0.164062 0.912500 0.165625 0.910937 0.165625 0.909375 0.167187 0.907813 0.167187 0.906250 0.168750 0.904687 0.168750 0.898438 0.170313 0.896875 0.170313 0.884375
0 0.471875 0.846875 0.471875 0.851562 0.470313 0.853125 0.468750 0.853125 0.467187 0.854688 0.464062 0.854688 0.456250 0.862500 0.454688 0.862500 0.448437 0.868750 0.448437 0.870313 0.446875 0.871875 0.440625 0.871875 0.440625 0.893750 0.445312 0.893750 0.451562 0.900000 0.451562 0.901563 0.453125 0.903125 0.453125 0.907813 0.459375 0.907813 0.459375 0.901563 0.462500 0.898438 0.462500 0.896875 0.464062 0.895312 0.464062 0.892188 0.465625 0.890625 0.465625 0.887500 0.467187 0.885938 0.467187 0.884375 0.468750 0.882812 0.468750 0.879687 0.470313 0.878125 0.470313 0.875000 0.471875 0.873437 0.471875 0.871875 0.473438 0.870313 0.473438 0.867188 0.475000 0.865625 0.475000 0.862500 0.478125 0.859375 0.482812 0.859375 0.482812 0.846875
0 0.459375 0.809375 0.459375 0.818750 0.454688 0.823438 0.453125 0.823438 0.450000 0.826562 0.440625 0.826562 0.440625 0.840625 0.446875 0.840625 0.453125 0.846875 0.454688 0.846875 0.457813 0.850000 0.464062 0.850000 0.467187 0.846875 0.468750 0.846875 0.471875 0.843750 0.473438 0.843750 0.484375 0.832812 0.489063 0.832812 0.489063 0.809375
0 0.371875 0.834375 0.371875 0.839063 0.370312 0.840625 0.370312 0.842187 0.368750 0.843750 0.368750 0.845313 0.367188 0.846875 0.367188 0.848437 0.365625 0.850000 0.359375 0.850000 0.359375 0.870313 0.367188 0.870313 0.368750 0.871875 0.370312 0.871875 0.378125 0.864062 0.378125 0.862500 0.379688 0.860938 0.379688 0.859375 0.381250 0.857812 0.381250 0.856250 0.387500 0.850000 0.387500 0.848437 0.389062 0.846875 0.395313 0.846875 0.395313 0.845313 0.389062 0.845313 0.387500 0.843750 0.387500 0.842187 0.385937 0.840625 0.385937 0.834375
0 0.053125 0.646875 0.053125 0.665625 0.064062 0.665625 0.065625 0.667188 0.071875 0.667188 0.073438 0.665625 0.075000 0.665625 0.078125 0.662500 0.082812 0.662500 0.082812 0.646875
0 0.190625 0.465625 0.190625 0.470313 0.189062 0.471875 0.184375 0.471875 0.184375 0.489063 0.221875 0.489063 0.221875 0.482812 0.226562 0.478125 0.232813 0.478125 0.232813 0.465625
0 0.459375 0.509375 0.459375 0.525000 0.475000 0.525000 0.476562 0.526563 0.478125 0.525000 0.479687 0.525000 0.481250 0.523438 0.481250 0.521875 0.482812 0.520312 0.482812 0.518750 0.484375 0.517188 0.489063 0.517188 0.489063 0.509375
0 0.178125 0.490625 0.178125 0.514062 0.214062 0.514062 0.214062 0.509375 0.217188 0.506250 0.217188 0.504687 0.218750 0.503125 0.218750 0.490625
0 0.378125 0.409375 0.378125 0.426563 0.384375 0.426563 0.385937 0.425000 0.417187 0.425000 0.418750 0.423438 0.426563 0.423438 0.426563 0.409375
0 0.809375 0.771875 0.809375 0.795312 0.814063 0.795312 0.817187 0.798438 0.817187 0.800000 0.818750 0.800000 0.820312 0.801562 0.820312 0.807813 0.837500 0.807813 0.837500 0.803125 0.839063 0.801562 0.840625 0.801562 0.842187 0.800000 0.845313 0.800000 0.846875 0.798438 0.851562 0.798438 0.851562 0.771875
0 0.384375 0.803125 0.384375 0.820312 0.389062 0.820312 0.390625 0.821875 0.390625 0.823438 0.392188 0.825000 0.392188 0.826562 0.395313 0.829688 0.398438 0.829688 0.400000 0.828125 0.401562 0.828125 0.410938 0.818750 0.410938 0.817187 0.414062 0.814063 0.412500 0.812500 0.412500 0.810937 0.409375 0.807813 0.409375 0.803125
0 0.971875 0.453125 0.971875 0.487500 0.981250 0.487500 0.982812 0.489063 0.985938 0.489063 0.987500 0.487500 0.990625 0.487500 0.996875 0.481250 0.998437 0.481250 0.998437 0.453125
0 0.378125 0.315625 0.378125 0.345313 0.384375 0.345313 0.384375 0.340625 0.396875 0.328125 0.401562 0.328125 0.401562 0.315625
0 0.121875 0.878125 0.121875 0.904687 0.129688 0.904687 0.131250 0.906250 0.135937 0.906250 0.137500 0.904687 0.140625 0.904687 0.140625 0.903125 0.142187 0.901563 0.142187 0.900000 0.143750 0.898438 0.143750 0.896875 0.145313 0.895312 0.145313 0.893750 0.146875 0.892188 0.151562 0.892188 0.151562 0.878125
0 0.284375 0.784375 0.284375 0.807813 0.290625 0.807813 0.292187 0.809375 0.292187 0.814063 0.300000 0.814063 0.300000 0.807813 0.301563 0.806250 0.307812 0.806250 0.307812 0.793750 0.303125 0.793750 0.300000 0.790625 0.300000 0.784375
0 0.346875 0.590625 0.346875 0.626563 0.359375 0.626563 0.359375 0.621875 0.360938 0.620313 0.364063 0.620313 0.365625 0.618750 0.370312 0.618750 0.371875 0.617188 0.373437 0.617188 0.375000 0.615625 0.379688 0.615625 0.381250 0.614062 0.387500 0.614062 0.389062 0.612500 0.390625 0.612500 0.395313 0.607812 0.393750 0.606250 0.393750 0.601562 0.392188 0.600000 0.392188 0.590625
0 0.721875 0.646875 0.721875 0.670312 0.742188 0.670312 0.742188 0.664062 0.743750 0.662500 0.743750 0.656250 0.745313 0.654687 0.745313 0.646875
0 0.171875 0.890625 0.171875 0.920312 0.190625 0.920312 0.190625 0.915625 0.193750 0.912500 0.195312 0.912500 0.196875 0.910937 0.201563 0.910937 0.201563 0.890625
0 0.015625 0.609375 0.015625 0.626563 0.028125 0.626563 0.029687 0.628125 0.035937 0.628125 0.037500 0.629687 0.048438 0.629687 0.050000 0.628125 0.051562 0.628125 0.051562 0.626563 0.048438 0.623437 0.048438 0.621875 0.042188 0.615625 0.042188 0.609375
0 0.404687 0.190625 0.404687 0.196875 0.401562 0.200000 0.396875 0.200000 0.396875 0.223438 0.404687 0.223438 0.406250 0.221875 0.407813 0.221875 0.409375 0.220312 0.409375 0.218750 0.410938 0.217188 0.410938 0.215625 0.412500 0.214062 0.412500 0.212500 0.415625 0.209375 0.420312 0.209375 0.420312 0.190625
0 0.951562 0.434375 0.951562 0.439063 0.948438 0.442188 0.946875 0.442188 0.945312 0.443750 0.940625 0.443750 0.940625 0.456250 0.945312 0.456250 0.946875 0.457813 0.950000 0.457813 0.951562 0.459375 0.953125 0.459375 0.956250 0.462500 0.957812 0.462500 0.960938 0.465625 0.960938 0.470313 0.970313 0.470313 0.970313 0.465625 0.971875 0.464062 0.971875 0.462500 0.973437 0.460938 0.973437 0.459375 0.975000 0.457813 0.975000 0.456250 0.976562 0.454688 0.976562 0.453125 0.978125 0.451562 0.982812 0.451562 0.982812 0.443750 0.978125 0.443750 0.976562 0.442188 0.976562 0.440625 0.975000 0.439063 0.975000 0.434375
0 0.178125 0.509375 0.178125 0.532813 0.185938 0.532813 0.185938 0.528125 0.187500 0.526563 0.203125 0.526563 0.204687 0.525000 0.210938 0.525000 0.214062 0.521875 0.220312 0.521875 0.220312 0.509375
0 0.171875 0.703125 0.171875 0.732812 0.185938 0.732812 0.185938 0.728125 0.187500 0.726562 0.187500 0.725000 0.189062 0.723437 0.189062 0.721875 0.190625 0.720313 0.190625 0.717187 0.192188 0.715625 0.192188 0.710938 0.193750 0.709375 0.193750 0.703125
0 0.390625 0.846875 0.390625 0.851562 0.389062 0.853125 0.389062 0.854688 0.382812 0.860938 0.378125 0.860938 0.378125 0.879687 0.389062 0.879687 0.390625 0.878125 0.392188 0.878125 0.395313 0.875000 0.395313 0.873437 0.401562 0.867188 0.407813 0.867188 0.407813 0.857812 0.401562 0.857812 0.400000 0.856250 0.400000 0.854688 0.396875 0.851562 0.396875 0.846875
0 0.834375 0.803125 0.834375 0.845313 0.854688 0.845313 0.854688 0.840625 0.857812 0.837500 0.857812 0.828125 0.856250 0.826562 0.856250 0.820312 0.854688 0.818750 0.854688 0.814063 0.853125 0.812500 0.853125 0.809375 0.851562 0.807813 0.851562 0.803125
0 0.228125 0.534375 0.228125 0.551562 0.264062 0.551562 0.264062 0.534375
0 0.028125 0.571875 0.028125 0.576562 0.026562 0.578125 0.021875 0.578125 0.021875 0.592187 0.035937 0.592187 0.039062 0.595313 0.040625 0.595313 0.042188 0.596875 0.043750 0.596875 0.046875 0.600000 0.048438 0.600000 0.051562 0.603125 0.054688 0.603125 0.056250 0.604688 0.057813 0.604688 0.062500 0.609375 0.062500 0.614062 0.075000 0.614062 0.075000 0.609375 0.078125 0.606250 0.082812 0.606250 0.082812 0.585938 0.075000 0.585938 0.073438 0.584375 0.065625 0.584375 0.059375 0.578125 0.059375 0.571875
0 0.103125 0.659375 0.103125 0.678125 0.109375 0.678125 0.110937 0.679688 0.114062 0.679688 0.115625 0.681250 0.121875 0.681250 0.125000 0.678125 0.125000 0.675000 0.126562 0.673438 0.126562 0.668750 0.128125 0.667188 0.132812 0.667188 0.132812 0.659375
0 0.446875 0.484375 0.446875 0.501563 0.453125 0.501563 0.454688 0.503125 0.457813 0.503125 0.459375 0.504687 0.471875 0.504687 0.473438 0.506250 0.481250 0.506250 0.482812 0.507812 0.489063 0.507812 0.489063 0.484375
0 0.367188 0.428125 0.367188 0.432812 0.364063 0.435937 0.359375 0.435937 0.359375 0.451562 0.421875 0.451562 0.421875 0.445312 0.428125 0.439063 0.432812 0.439063 0.428125 0.439063 0.425000 0.435937 0.425000 0.434375 0.423438 0.432812 0.423438 0.428125
0 0.703125 0.709375 0.703125 0.732812 0.718750 0.732812 0.718750 0.726562 0.721875 0.723437 0.726562 0.723437 0.726562 0.718750 0.721875 0.718750 0.720313 0.717187 0.720313 0.715625 0.718750 0.714063 0.718750 0.709375
0 0.696875 0.728125 0.696875 0.751563 0.718750 0.751563 0.718750 0.734375 0.717187 0.732812 0.717187 0.728125
0 0.428125 0.559375 0.428125 0.576562 0.470313 0.576562 0.470313 0.571875 0.471875 0.570312 0.476562 0.570312 0.476562 0.559375
0 0.332813 0.409375 0.332813 0.415625 0.331250 0.417187 0.329688 0.417187 0.328125 0.418750 0.326562 0.418750 0.325000 0.420312 0.323437 0.420312 0.321875 0.421875 0.320312 0.421875 0.317188 0.425000 0.315625 0.425000 0.314063 0.426563 0.312500 0.426563 0.306250 0.432812 0.304688 0.432812 0.303125 0.434375 0.301563 0.434375 0.300000 0.435937 0.298438 0.435937 0.296875 0.437500 0.295312 0.437500 0.293750 0.439063 0.290625 0.439063 0.289062 0.440625 0.287500 0.440625 0.287500 0.445312 0.320312 0.445312 0.320312 0.440625 0.323437 0.437500 0.325000 0.437500 0.326562 0.435937 0.329688 0.435937 0.331250 0.434375 0.334375 0.434375 0.335938 0.432812 0.339062 0.432812 0.340625 0.431250 0.351562 0.431250 0.353125 0.429688 0.359375 0.429688 0.365625 0.423438 0.370312 0.423438 0.370312 0.409375
0 0.396875 0.290625 0.396875 0.326562 0.404687 0.326562 0.404687 0.321875 0.407813 0.318750 0.409375 0.318750 0.410938 0.317188 0.412500 0.317188 0.420312 0.309375 0.420312 0.307812 0.426563 0.301563 0.432812 0.301563 0.432812 0.290625
0 0.290625 0.590625 0.290625 0.614062 0.314063 0.614062 0.314063 0.609375 0.317188 0.606250 0.320312 0.606250 0.321875 0.604688 0.325000 0.604688 0.326562 0.603125 0.329688 0.603125 0.331250 0.601562 0.331250 0.598437 0.332813 0.596875 0.332813 0.590625
0 0.409375 0.615625 0.409375 0.632812 0.417187 0.632812 0.418750 0.631250 0.434375 0.631250 0.435937 0.629687 0.446875 0.629687 0.448437 0.628125 0.453125 0.628125 0.459375 0.621875 0.464062 0.621875 0.464062 0.615625
0 0.009375 0.634375 0.009375 0.656250 0.014063 0.656250 0.017188 0.659375 0.017188 0.664062 0.025000 0.664062 0.025000 0.659375 0.026562 0.657813 0.026562 0.653125 0.028125 0.651563 0.028125 0.634375
0 0.282813 0.453125 0.282813 0.457813 0.281250 0.459375 0.279687 0.459375 0.278125 0.460938 0.276562 0.460938 0.275000 0.462500 0.271875 0.462500 0.270313 0.464062 0.265625 0.464062 0.265625 0.482812 0.289062 0.482812 0.289062 0.478125 0.290625 0.476562 0.292187 0.476562 0.293750 0.475000 0.300000 0.475000 0.301563 0.473438 0.315625 0.473438 0.317188 0.471875 0.328125 0.471875 0.329688 0.473438 0.334375 0.473438 0.342187 0.465625 0.342187 0.453125
0 0.253125 0.865625 0.253125 0.878125 0.264062 0.878125 0.265625 0.876563 0.270313 0.876563 0.271875 0.878125 0.275000 0.878125 0.276562 0.879687 0.279687 0.879687 0.281250 0.881250 0.282813 0.881250 0.284375 0.882812 0.295312 0.882812 0.295312 0.873437 0.290625 0.873437 0.287500 0.870313 0.287500 0.865625
0 0.412500 0.815625 0.412500 0.820312 0.407813 0.825000 0.403125 0.825000 0.403125 0.845313 0.409375 0.845313 0.410938 0.843750 0.412500 0.843750 0.415625 0.840625 0.417187 0.840625 0.417187 0.839063 0.420312 0.835938 0.421875 0.835938 0.423438 0.837500 0.425000 0.837500 0.426563 0.839063 0.432812 0.839063 0.432812 0.826562 0.426563 0.826562 0.423438 0.823438 0.423438 0.821875 0.421875 0.820312 0.421875 0.815625
0 0.034375 0.559375 0.034375 0.578125 0.042188 0.578125 0.043750 0.579688 0.045312 0.579688 0.051562 0.585938 0.054688 0.585938 0.056250 0.587500 0.060937 0.587500 0.062500 0.589063 0.064062 0.589063 0.065625 0.590625 0.067187 0.590625 0.068750 0.592187 0.071875 0.592187 0.078125 0.598437 0.079687 0.596875 0.081250 0.596875 0.082812 0.595313 0.084375 0.595313 0.085938 0.593750 0.095312 0.593750 0.095312 0.584375 0.090625 0.584375 0.084375 0.578125 0.084375 0.570312 0.082812 0.570312 0.078125 0.565625 0.078125 0.559375
0 0.703125 0.671875 0.703125 0.695312 0.726562 0.695312 0.726562 0.671875
0 0.103125 0.503125 0.103125 0.518750 0.109375 0.518750 0.112500 0.521875 0.112500 0.523438 0.118750 0.529687 0.118750 0.531250 0.121875 0.534375 0.121875 0.535937 0.126562 0.540625 0.126562 0.545312 0.139063 0.545312 0.139063 0.525000 0.132812 0.525000 0.131250 0.523438 0.131250 0.521875 0.126562 0.517188 0.126562 0.515625 0.121875 0.510938 0.121875 0.503125
0 0.353125 0.884375 0.353125 0.889062 0.351562 0.890625 0.346875 0.890625 0.346875 0.914062 0.353125 0.914062 0.353125 0.909375 0.354687 0.907813 0.357812 0.907813 0.362500 0.903125 0.364063 0.903125 0.365625 0.901563 0.365625 0.900000 0.367188 0.898438 0.367188 0.896875 0.368750 0.895312 0.368750 0.892188 0.370312 0.890625 0.370312 0.884375
0 0.059375 0.553125 0.059375 0.575000 0.070312 0.575000 0.071875 0.576562 0.075000 0.576562 0.076563 0.578125 0.081250 0.578125 0.082812 0.579688 0.084375 0.579688 0.089063 0.584375 0.089063 0.589063 0.096875 0.589063 0.096875 0.581250 0.101562 0.576562 0.098437 0.576562 0.096875 0.575000 0.095312 0.575000 0.090625 0.570312 0.090625 0.568750 0.089063 0.567187 0.089063 0.565625 0.084375 0.560937 0.084375 0.559375 0.082812 0.557813 0.082812 0.553125
0 0.128125 0.665625 0.128125 0.687500 0.148438 0.687500 0.148438 0.685937 0.150000 0.684375 0.150000 0.682813 0.151562 0.681250 0.151562 0.678125 0.153125 0.676562 0.157812 0.676562 0.157812 0.665625
0 0.696875 0.753125 0.696875 0.767188 0.710938 0.767188 0.712500 0.768750 0.715625 0.768750 0.717187 0.767188 0.718750 0.767188 0.718750 0.765625 0.720313 0.764062 0.720313 0.753125
0 0.334375 0.828125 0.334375 0.864062 0.340625 0.864062 0.340625 0.857812 0.342187 0.856250 0.343750 0.856250 0.345313 0.854688 0.345313 0.853125 0.348438 0.850000 0.348438 0.848437 0.350000 0.846875 0.350000 0.845313 0.351562 0.843750 0.351562 0.842187 0.353125 0.840625 0.357812 0.840625 0.357812 0.828125
0 0.053125 0.703125 0.053125 0.748437 0.059375 0.748437 0.062500 0.745313 0.062500 0.743750 0.060937 0.742188 0.060937 0.726562 0.062500 0.725000 0.062500 0.720313 0.064062 0.718750 0.070312 0.718750 0.070312 0.703125
0 0.259375 0.646875 0.259375 0.664062 0.295312 0.664062 0.295312 0.646875
0 0.203125 0.584375 0.203125 0.607812 0.221875 0.607812 0.221875 0.603125 0.223438 0.601562 0.228125 0.601562 0.229687 0.600000 0.239063 0.600000 0.239063 0.584375
0 0.284375 0.584375 0.284375 0.607812 0.332813 0.607812 0.332813 0.584375
0 0.353125 0.921875 0.353125 0.942187 0.362500 0.942187 0.364063 0.943750 0.373437 0.943750 0.375000 0.942187 0.378125 0.942187 0.381250 0.939063 0.381250 0.937500 0.379688 0.935937 0.379688 0.934375 0.371875 0.926562 0.371875 0.921875
0 0.190625 0.709375 0.190625 0.739062 0.214062 0.739062 0.214062 0.734375 0.215625 0.732812 0.215625 0.729688 0.217188 0.728125 0.217188 0.723437 0.218750 0.721875 0.218750 0.720313 0.217188 0.718750 0.217188 0.709375
0 0.409375 0.909375 0.409375 0.945312 0.432812 0.945312 0.432812 0.931250 0.431250 0.929688 0.431250 0.928125 0.426563 0.923438 0.426563 0.920312 0.425000 0.918750 0.425000 0.917188 0.423438 0.915625 0.423438 0.909375
0 0.054688 0.612500 0.054688 0.615625 0.056250 0.615625 0.057813 0.617188 0.059375 0.617188 0.060937 0.615625 0.070312 0.615625 0.065625 0.615625 0.064062 0.614062 0.060937 0.614062 0.059375 0.612500
0 0.015625 0.590625 0.015625 0.614062 0.021875 0.614062 0.023438 0.612500 0.025000 0.612500 0.026562 0.610938 0.032813 0.610938 0.034375 0.612500 0.042188 0.612500 0.042188 0.610938 0.043750 0.609375 0.043750 0.607812 0.042188 0.606250 0.042188 0.604688 0.040625 0.603125 0.040625 0.601562 0.039062 0.600000 0.039062 0.598437 0.037500 0.596875 0.037500 0.590625
0 0.203125 0.903125 0.203125 0.918750 0.214062 0.918750 0.217188 0.921875 0.217188 0.926562 0.239063 0.926562 0.239063 0.903125
0 0.209375 0.796875 0.209375 0.857812 0.218750 0.857812 0.218750 0.850000 0.220312 0.848437 0.220312 0.839063 0.221875 0.837500 0.221875 0.818750 0.218750 0.815625 0.218750 0.812500 0.221875 0.809375 0.221875 0.807813 0.228125 0.801562 0.232813 0.801562 0.232813 0.796875
0 0.428125 0.271875 0.428125 0.290625 0.434375 0.290625 0.435937 0.292187 0.437500 0.292187 0.439063 0.293750 0.443750 0.293750 0.445312 0.295312 0.450000 0.295312 0.454688 0.290625 0.454688 0.279687 0.453125 0.278125 0.453125 0.271875
0 0.454688 0.784375 0.454688 0.790625 0.451562 0.793750 0.450000 0.793750 0.442188 0.801562 0.440625 0.801562 0.439063 0.803125 0.437500 0.803125 0.434375 0.806250 0.428125 0.806250 0.428125 0.826562 0.440625 0.826562 0.440625 0.821875 0.445312 0.817187 0.446875 0.817187 0.450000 0.814063 0.451562 0.814063 0.457813 0.807813 0.459375 0.807813 0.462500 0.804688 0.464062 0.804688 0.467187 0.801562 0.468750 0.801562 0.473438 0.796875 0.475000 0.796875 0.478125 0.793750 0.479687 0.793750 0.481250 0.792188 0.482812 0.792188 0.484375 0.790625 0.489063 0.790625 0.489063 0.784375
0 0.190625 0.540625 0.190625 0.557813 0.217188 0.557813 0.217188 0.553125 0.221875 0.548438 0.226562 0.548438 0.226562 0.540625
0 0.090625 0.515625 0.090625 0.535937 0.095312 0.535937 0.096875 0.537500 0.098437 0.537500 0.103125 0.542188 0.104688 0.542188 0.106250 0.543750 0.107813 0.543750 0.114062 0.550000 0.114062 0.551562 0.115625 0.553125 0.115625 0.557813 0.118750 0.557813 0.118750 0.553125 0.121875 0.550000 0.132812 0.550000 0.132812 0.537500 0.126562 0.537500 0.117188 0.528125 0.117188 0.526563 0.114062 0.523438 0.114062 0.521875 0.112500 0.520312 0.112500 0.515625
0 0.340625 0.571875 0.340625 0.601562 0.351562 0.601562 0.351562 0.596875 0.356250 0.592187 0.357812 0.592187 0.359375 0.590625 0.364063 0.590625 0.365625 0.589063 0.371875 0.589063 0.373437 0.587500 0.376563 0.587500 0.379688 0.584375 0.382812 0.584375 0.384375 0.582812 0.389062 0.582812 0.389062 0.571875
0 0.121875 0.803125 0.121875 0.831250 0.131250 0.831250 0.132812 0.829688 0.134375 0.829688 0.134375 0.828125 0.135937 0.826562 0.135937 0.825000 0.137500 0.823438 0.137500 0.821875 0.140625 0.818750 0.145313 0.818750 0.145313 0.803125
0 0.153125 0.665625 0.153125 0.690625 0.160938 0.690625 0.162500 0.692187 0.171875 0.692187 0.175000 0.689063 0.175000 0.665625
0 0.259375 0.671875 0.259375 0.689063 0.265625 0.689063 0.271875 0.695312 0.276562 0.695312 0.281250 0.690625 0.281250 0.689063 0.279687 0.687500 0.279687 0.679688 0.278125 0.678125 0.278125 0.671875
0 0.409375 0.134375 0.409375 0.156250 0.420312 0.156250 0.426563 0.150000 0.426563 0.148438 0.428125 0.146875 0.428125 0.143750 0.429688 0.142187 0.429688 0.134375
0 0.084375 0.528125 0.084375 0.542188 0.089063 0.542188 0.090625 0.543750 0.092188 0.543750 0.093750 0.545312 0.095312 0.545312 0.096875 0.546875 0.098437 0.546875 0.100000 0.548438 0.101562 0.548438 0.103125 0.550000 0.104688 0.550000 0.107813 0.553125 0.110937 0.553125 0.115625 0.557813 0.118750 0.557813 0.125000 0.551562 0.125000 0.550000 0.126562 0.548438 0.132812 0.548438 0.132812 0.545312 0.121875 0.545312 0.118750 0.542188 0.118750 0.540625 0.117188 0.539062 0.117188 0.537500 0.115625 0.535937 0.115625 0.528125
0 0.071875 0.534375 0.071875 0.553125 0.079687 0.553125 0.081250 0.551562 0.082812 0.551562 0.084375 0.553125 0.085938 0.553125 0.087500 0.554688 0.087500 0.556250 0.089063 0.557813 0.090625 0.557813 0.092188 0.559375 0.093750 0.559375 0.095312 0.560937 0.095312 0.562500 0.098437 0.565625 0.098437 0.570312 0.103125 0.570312 0.103125 0.565625 0.104688 0.564063 0.104688 0.559375 0.107813 0.556250 0.109375 0.556250 0.114062 0.560937 0.115625 0.560937 0.120313 0.556250 0.126562 0.556250 0.126562 0.551562 0.114062 0.551562 0.112500 0.550000 0.112500 0.548438 0.110937 0.546875 0.110937 0.545312 0.109375 0.543750 0.109375 0.542188 0.107813 0.540625 0.107813 0.534375
0 0.409375 0.571875 0.409375 0.595313 0.470313 0.595313 0.470313 0.582812 0.464062 0.582812 0.462500 0.581250 0.457813 0.581250 0.456250 0.579688 0.448437 0.579688 0.445312 0.576562 0.445312 0.571875
0 0.490625 0.003125 0.490625 0.009375 0.495312 0.009375 0.496875 0.010937 0.498437 0.010937 0.500000 0.012500 0.503125 0.012500 0.504687 0.014063 0.506250 0.014063 0.507812 0.015625 0.507812 0.020313 0.507812 0.015625 0.509375 0.014063 0.509375 0.012500 0.510938 0.010937 0.510938 0.009375 0.512500 0.007812 0.512500 0.003125
0 0.121875 0.771875 0.121875 0.795312 0.145313 0.795312 0.145313 0.771875
0 0.314063 0.428125 0.314063 0.434375 0.312500 0.435937 0.312500 0.437500 0.309375 0.440625 0.307812 0.440625 0.306250 0.442188 0.303125 0.442188 0.301563 0.443750 0.300000 0.443750 0.295312 0.448437 0.293750 0.448437 0.290625 0.451562 0.289062 0.451562 0.285938 0.454688 0.284375 0.454688 0.282813 0.456250 0.281250 0.456250 0.278125 0.459375 0.271875 0.459375 0.271875 0.470313 0.340625 0.470313 0.340625 0.465625 0.337500 0.462500 0.335938 0.462500 0.334375 0.460938 0.331250 0.460938 0.329688 0.459375 0.329688 0.457813 0.331250 0.456250 0.335938 0.456250 0.337500 0.454688 0.339062 0.454688 0.342187 0.451562 0.343750 0.451562 0.351562 0.443750 0.351562 0.440625 0.353125 0.439063 0.351562 0.437500 0.351562 0.435937 0.348438 0.432812 0.348438 0.428125 0.339062 0.428125 0.339062 0.432812 0.337500 0.434375 0.335938 0.434375 0.334375 0.435937 0.326562 0.435937 0.323437 0.432812 0.323437 0.428125
0 0.692187 0.771875 0.692187 0.779687 0.690625 0.781250 0.690625 0.782813 0.689063 0.784375 0.689063 0.789062 0.687500 0.790625 0.687500 0.792188 0.685937 0.793750 0.685937 0.795312 0.682813 0.798438 0.678125 0.798438 0.678125 0.832812 0.687500 0.832812 0.687500 0.828125 0.689063 0.826562 0.696875 0.826562 0.698438 0.825000 0.703125 0.825000 0.704688 0.823438 0.709375 0.823438 0.710938 0.821875 0.718750 0.821875 0.720313 0.820312 0.726562 0.820312 0.726562 0.803125 0.721875 0.803125 0.720313 0.801562 0.720313 0.793750 0.718750 0.792188 0.718750 0.785937 0.720313 0.784375 0.720313 0.771875
0 0.096875 0.584375 0.096875 0.607812 0.112500 0.607812 0.112500 0.603125 0.115625 0.600000 0.115625 0.598437 0.117188 0.596875 0.117188 0.584375
0 0.240625 0.584375 0.240625 0.601562 0.264062 0.601562 0.264062 0.596875 0.267188 0.593750 0.268750 0.593750 0.270313 0.592187 0.276562 0.592187 0.276562 0.584375
0 0.546875 0.009375 0.546875 0.028125 0.553125 0.028125 0.554688 0.029687 0.562500 0.029687 0.564063 0.031250 0.571875 0.031250 0.573438 0.029687 0.575000 0.029687 0.576562 0.028125 0.582812 0.028125 0.582812 0.018750 0.578125 0.018750 0.573438 0.014063 0.573438 0.009375
0 0.265625 0.478125 0.265625 0.501563 0.293750 0.501563 0.293750 0.496875 0.295312 0.495312 0.301563 0.495312 0.303125 0.493750 0.321875 0.493750 0.323437 0.492188 0.328125 0.492188 0.329688 0.490625 0.329688 0.489063 0.331250 0.487500 0.331250 0.478125
0 0.284375 0.671875 0.284375 0.695312 0.298438 0.695312 0.298438 0.671875
0 0.378125 0.290625 0.378125 0.314063 0.390625 0.314063 0.390625 0.307812 0.396875 0.301563 0.396875 0.298438 0.398438 0.296875 0.398438 0.290625
0 0.096875 0.509375 0.096875 0.535937 0.103125 0.535937 0.104688 0.537500 0.109375 0.537500 0.114062 0.542188 0.117188 0.542188 0.118750 0.543750 0.121875 0.543750 0.123438 0.545312 0.123438 0.551562 0.129688 0.551562 0.129688 0.545312 0.134375 0.540625 0.139063 0.540625 0.139063 0.532813 0.131250 0.532813 0.129688 0.531250 0.125000 0.531250 0.123438 0.529687 0.121875 0.529687 0.120313 0.528125 0.120313 0.526563 0.118750 0.525000 0.118750 0.523438 0.117188 0.521875 0.117188 0.509375
0 0.253125 0.615625 0.253125 0.631250 0.259375 0.631250 0.260937 0.629687 0.268750 0.629687 0.271875 0.632812 0.271875 0.639062 0.289062 0.639062 0.289062 0.632812 0.284375 0.632812 0.281250 0.629687 0.281250 0.623437 0.282813 0.621875 0.282813 0.615625
0 0.340625 0.578125 0.340625 0.601562 0.354687 0.601562 0.354687 0.595313 0.357812 0.592187 0.359375 0.592187 0.360938 0.590625 0.364063 0.590625 0.365625 0.589063 0.370312 0.589063 0.371875 0.587500 0.376563 0.587500 0.378125 0.585938 0.379688 0.585938 0.381250 0.584375 0.389062 0.584375 0.389062 0.578125
0 0.434375 0.840625 0.434375 0.846875 0.432812 0.848437 0.432812 0.850000 0.431250 0.851562 0.429688 0.851562 0.428125 0.853125 0.421875 0.853125 0.421875 0.867188 0.431250 0.867188 0.432812 0.865625 0.432812 0.864062 0.435937 0.860938 0.435937 0.859375 0.442188 0.853125 0.445312 0.853125 0.446875 0.851562 0.451562 0.851562 0.451562 0.850000 0.446875 0.850000 0.445312 0.848437 0.445312 0.840625
0 0.321875 0.665625 0.321875 0.695312 0.348438 0.695312 0.348438 0.690625 0.353125 0.685937 0.353125 0.676562 0.351562 0.675000 0.351562 0.673438 0.350000 0.671875 0.350000 0.665625
0 0.703125 0.690625 0.703125 0.714063 0.726562 0.714063 0.726562 0.690625
0 0.139063 0.471875 0.139063 0.476562 0.132812 0.482812 0.131250 0.482812 0.126562 0.487500 0.121875 0.487500 0.121875 0.509375 0.126562 0.509375 0.129688 0.512500 0.129688 0.514062 0.132812 0.517188 0.132812 0.518750 0.139063 0.525000 0.139063 0.526563 0.140625 0.528125 0.145313 0.528125 0.145313 0.526563 0.146875 0.525000 0.146875 0.520312 0.148438 0.518750 0.148438 0.514062 0.150000 0.512500 0.150000 0.507812 0.151562 0.506250 0.151562 0.501563 0.153125 0.500000 0.153125 0.496875 0.154688 0.495312 0.154688 0.492188 0.156250 0.490625 0.156250 0.485938 0.157812 0.484375 0.157812 0.478125 0.156250 0.476562 0.156250 0.471875
0 0.071875 0.709375 0.071875 0.748437 0.078125 0.748437 0.078125 0.746875 0.079687 0.745313 0.079687 0.743750 0.081250 0.742188 0.081250 0.740625 0.082812 0.739062 0.082812 0.737500 0.084375 0.735938 0.089063 0.735938 0.089063 0.709375
0 0.228125 0.553125 0.228125 0.567187 0.235937 0.567187 0.237500 0.568750 0.240625 0.568750 0.242188 0.567187 0.245312 0.567187 0.246875 0.565625 0.253125 0.565625 0.254688 0.564063 0.257812 0.564063 0.259375 0.562500 0.262500 0.565625 0.259375 0.568750 0.259375 0.576562 0.270313 0.576562 0.270313 0.553125
0 0.428125 0.903125 0.428125 0.932813 0.440625 0.932813 0.440625 0.926562 0.442188 0.925000 0.443750 0.925000 0.445312 0.923438 0.451562 0.923438 0.451562 0.910937 0.446875 0.910937 0.443750 0.907813 0.443750 0.903125
0 0.246875 0.603125 0.246875 0.620313 0.251563 0.620313 0.251563 0.615625 0.253125 0.614062 0.254688 0.614062 0.256250 0.612500 0.265625 0.612500 0.267188 0.610938 0.282813 0.610938 0.282813 0.603125
0 0.203125 0.571875 0.203125 0.589063 0.239063 0.589063 0.239063 0.571875
0 0.453125 0.184375 0.453125 0.207813 0.467187 0.207813 0.467187 0.201563 0.468750 0.200000 0.468750 0.198437 0.470313 0.196875 0.470313 0.184375
0 0.328125 0.790625 0.328125 0.814063 0.353125 0.814063 0.353125 0.809375 0.356250 0.806250 0.356250 0.804688 0.357812 0.803125 0.357812 0.801562 0.351562 0.795312 0.351562 0.790625
0 0.334375 0.921875 0.334375 0.943750 0.348438 0.943750 0.350000 0.942187 0.351562 0.942187 0.354687 0.939063 0.354687 0.931250 0.356250 0.929688 0.356250 0.921875
0 0.390625 0.259375 0.390625 0.281250 0.400000 0.281250 0.401562 0.279687 0.407813 0.279687 0.407813 0.259375
0 0.437500 0.840625 0.437500 0.846875 0.439063 0.848437 0.439063 0.853125 0.432812 0.859375 0.428125 0.859375 0.428125 0.882812 0.439063 0.882812 0.439063 0.876563 0.440625 0.875000 0.440625 0.873437 0.442188 0.871875 0.442188 0.870313 0.448437 0.864062 0.448437 0.862500 0.451562 0.859375 0.457813 0.859375 0.457813 0.851562 0.451562 0.851562 0.450000 0.850000 0.448437 0.850000 0.443750 0.845313 0.443750 0.840625
0 0.078125 0.653125 0.078125 0.676562 0.100000 0.676562 0.100000 0.668750 0.101562 0.667188 0.101562 0.665625 0.103125 0.664062 0.107813 0.664062 0.107813 0.653125
0 0.471875 0.221875 0.471875 0.245312 0.478125 0.245312 0.485938 0.237500 0.487500 0.237500 0.489063 0.235937 0.495312 0.235937 0.495312 0.221875
0 0.071875 0.759375 0.071875 0.782813 0.085938 0.782813 0.085938 0.776563 0.087500 0.775000 0.087500 0.773438 0.089063 0.771875 0.089063 0.767188 0.087500 0.765625 0.087500 0.759375
0 0.053125 0.365625 0.053125 0.381250 0.059375 0.381250 0.060937 0.382812 0.062500 0.382812 0.064062 0.384375 0.064062 0.389062 0.081250 0.389062 0.081250 0.384375 0.087500 0.378125 0.087500 0.371875 0.085938 0.370312 0.085938 0.365625
0 0.971875 0.503125 0.971875 0.542188 0.976562 0.542188 0.982812 0.548438 0.982812 0.550000 0.985938 0.553125 0.985938 0.554688 0.987500 0.556250 0.987500 0.559375 0.989062 0.560937 0.989062 0.562500 0.992188 0.565625 0.992188 0.570312 0.998437 0.570312 0.998437 0.515625 0.996875 0.515625 0.995313 0.514062 0.995313 0.512500 0.993750 0.510938 0.992188 0.510938 0.989062 0.507812 0.989062 0.503125
0 0.342187 0.878125 0.342187 0.884375 0.340625 0.885938 0.340625 0.887500 0.339062 0.889062 0.339062 0.890625 0.337500 0.892188 0.337500 0.893750 0.334375 0.896875 0.334375 0.898438 0.331250 0.901563 0.321875 0.901563 0.321875 0.920312 0.326562 0.920312 0.326562 0.915625 0.332813 0.909375 0.332813 0.906250 0.334375 0.904687 0.334375 0.903125 0.335938 0.901563 0.337500 0.901563 0.339062 0.900000 0.339062 0.898438 0.342187 0.895312 0.342187 0.893750 0.346875 0.889062 0.346875 0.885938 0.350000 0.882812 0.350000 0.878125
0 0.428125 0.178125 0.428125 0.201563 0.443750 0.201563 0.443750 0.195312 0.446875 0.192188 0.446875 0.190625 0.448437 0.189062 0.448437 0.185938 0.450000 0.184375 0.450000 0.178125
0 0.340625 0.892188 0.339062 0.893750 0.339062 0.895312 0.334375 0.900000 0.328125 0.900000 0.328125 0.910937 0.332813 0.910937 0.334375 0.909375 0.335938 0.909375 0.335938 0.907813 0.339062 0.904687 0.339062 0.903125 0.340625 0.901563 0.340625 0.898438 0.342187 0.896875 0.342187 0.893750
0 0.865625 0.821875 0.865625 0.845313 0.871875 0.845313 0.873437 0.846875 0.873437 0.851562 0.881250 0.851562 0.881250 0.846875 0.882812 0.845313 0.884375 0.845313 0.885938 0.843750 0.890625 0.843750 0.892188 0.842187 0.903125 0.842187 0.904687 0.840625 0.914062 0.840625 0.914062 0.821875
0 0.271875 0.340625 0.271875 0.356250 0.276562 0.356250 0.278125 0.357812 0.279687 0.357812 0.281250 0.359375 0.281250 0.364063 0.284375 0.364063 0.284375 0.359375 0.290625 0.353125 0.295312 0.353125 0.295312 0.348438 0.290625 0.348438 0.289062 0.346875 0.289062 0.340625
0 0.209375 0.603125 0.209375 0.617188 0.214062 0.617188 0.215625 0.618750 0.218750 0.618750 0.220312 0.620313 0.228125 0.620313 0.229687 0.618750 0.237500 0.618750 0.239063 0.620313 0.239063 0.626563 0.239063 0.617188 0.240625 0.615625 0.240625 0.603125
0 0.184375 0.790625 0.184375 0.801562 0.189062 0.801562 0.190625 0.803125 0.189062 0.804688 0.184375 0.804688 0.184375 0.843750 0.190625 0.843750 0.193750 0.846875 0.193750 0.851562 0.196875 0.851562 0.196875 0.846875 0.198437 0.845313 0.198437 0.843750 0.200000 0.842187 0.200000 0.840625 0.201563 0.839063 0.201563 0.835938 0.203125 0.834375 0.207813 0.834375 0.207813 0.804688 0.203125 0.804688 0.201563 0.803125 0.201563 0.801562 0.203125 0.800000 0.207813 0.800000 0.207813 0.790625
0 0.409375 0.590625 0.409375 0.607812 0.431250 0.607812 0.432812 0.609375 0.432812 0.614062 0.459375 0.614062 0.459375 0.603125 0.460938 0.601562 0.459375 0.600000 0.459375 0.590625
0 0.515625 0.003125 0.515625 0.015625 0.520312 0.015625 0.521875 0.017188 0.525000 0.017188 0.526563 0.018750 0.528125 0.018750 0.531250 0.021875 0.531250 0.026562 0.542188 0.026562 0.542188 0.018750 0.543750 0.017188 0.543750 0.012500 0.545312 0.010937 0.545312 0.003125
0 0.259375 0.834375 0.259375 0.864062 0.300000 0.864062 0.300000 0.845313 0.298438 0.843750 0.298438 0.842187 0.296875 0.840625 0.296875 0.834375
0 0.196875 0.559375 0.196875 0.576562 0.226562 0.576562 0.226562 0.570312 0.228125 0.568750 0.232813 0.568750 0.232813 0.559375
0 0.234375 0.571875 0.234375 0.589063 0.267188 0.589063 0.267188 0.581250 0.268750 0.579688 0.268750 0.571875
0 0.103125 0.796875 0.103125 0.832812 0.114062 0.832812 0.114062 0.828125 0.115625 0.826562 0.115625 0.823438 0.117188 0.821875 0.117188 0.820312 0.118750 0.818750 0.118750 0.815625 0.120313 0.814063 0.126562 0.814063 0.126562 0.796875
0 0.015625 0.596875 0.015625 0.623437 0.026562 0.623437 0.028125 0.625000 0.034375 0.625000 0.035937 0.626563 0.035937 0.632812 0.048438 0.632812 0.048438 0.628125 0.046875 0.626563 0.045312 0.626563 0.043750 0.625000 0.043750 0.623437 0.042188 0.621875 0.042188 0.609375 0.039062 0.606250 0.039062 0.604688 0.037500 0.603125 0.037500 0.596875
0 0.046875 0.553125 0.046875 0.579688 0.053125 0.579688 0.054688 0.578125 0.056250 0.578125 0.057813 0.576562 0.064062 0.582812 0.073438 0.582812 0.075000 0.581250 0.078125 0.581250 0.079687 0.582812 0.082812 0.582812 0.084375 0.584375 0.085938 0.584375 0.089063 0.587500 0.089063 0.595313 0.090625 0.595313 0.090625 0.589063 0.093750 0.585938 0.095312 0.585938 0.096875 0.584375 0.101562 0.584375 0.101562 0.573438 0.096875 0.573438 0.089063 0.565625 0.089063 0.564063 0.087500 0.564063 0.082812 0.559375 0.082812 0.553125
0 0.409375 0.265625 0.409375 0.289062 0.423438 0.289062 0.423438 0.282813 0.425000 0.281250 0.425000 0.279687 0.426563 0.278125 0.426563 0.275000 0.425000 0.273438 0.425000 0.265625
0 0.490625 0.053125 0.490625 0.068750 0.498437 0.068750 0.500000 0.070312 0.501563 0.070312 0.503125 0.071875 0.503125 0.076563 0.515625 0.076563 0.515625 0.070312 0.517188 0.068750 0.517188 0.067187 0.518750 0.065625 0.518750 0.053125
0 0.396875 0.359375 0.396875 0.382812 0.421875 0.382812 0.421875 0.378125 0.423438 0.376563 0.423438 0.375000 0.428125 0.370312 0.432812 0.370312 0.432812 0.368750 0.428125 0.368750 0.426563 0.367188 0.426563 0.359375
0 0.359375 0.915625 0.359375 0.923438 0.371875 0.923438 0.378125 0.929688 0.379688 0.929688 0.381250 0.931250 0.381250 0.932813 0.382812 0.934375 0.382812 0.939063 0.398438 0.939063 0.398438 0.915625
0 0.071875 0.790625 0.071875 0.815625 0.078125 0.815625 0.079687 0.817187 0.081250 0.817187 0.082812 0.818750 0.084375 0.818750 0.085938 0.817187 0.085938 0.814063 0.087500 0.812500 0.087500 0.809375 0.090625 0.806250 0.095312 0.806250 0.095312 0.790625
0 0.265625 0.815625 0.265625 0.829688 0.275000 0.829688 0.276562 0.828125 0.278125 0.828125 0.279687 0.829688 0.284375 0.829688 0.285938 0.831250 0.287500 0.831250 0.289062 0.832812 0.290625 0.832812 0.292187 0.834375 0.292187 0.839063 0.307812 0.839063 0.307812 0.821875 0.303125 0.821875 0.301563 0.820312 0.301563 0.815625
0 0.446875 0.215625 0.446875 0.239063 0.453125 0.239063 0.454688 0.240625 0.454688 0.245312 0.460938 0.245312 0.460938 0.239063 0.462500 0.237500 0.462500 0.235937 0.465625 0.232813 0.470313 0.232813 0.470313 0.215625
0 0.440625 0.921875 0.440625 0.942187 0.470313 0.942187 0.470313 0.935937 0.465625 0.935937 0.462500 0.932813 0.462500 0.931250 0.459375 0.928125 0.459375 0.921875
0 0.471875 0.053125 0.471875 0.070312 0.490625 0.070312 0.490625 0.060937 0.492188 0.059375 0.492188 0.053125
0 0.428125 0.203125 0.428125 0.239063 0.432812 0.239063 0.432812 0.234375 0.434375 0.232813 0.435937 0.232813 0.437500 0.231250 0.440625 0.231250 0.440625 0.229687 0.443750 0.226562 0.443750 0.223438 0.446875 0.220312 0.451562 0.220312 0.451562 0.203125
0 0.878125 0.846875 0.878125 0.859375 0.882812 0.859375 0.884375 0.860938 0.887500 0.860938 0.889062 0.862500 0.892188 0.862500 0.893750 0.864062 0.895312 0.864062 0.896875 0.865625 0.896875 0.867188 0.898438 0.868750 0.898438 0.870313 0.900000 0.871875 0.900000 0.876563 0.907813 0.876563 0.907813 0.871875 0.909375 0.870313 0.914062 0.870313 0.914062 0.846875
0 0.518750 0.871875 0.518750 0.876563 0.515625 0.879687 0.514062 0.879687 0.512500 0.881250 0.510938 0.881250 0.507812 0.884375 0.506250 0.884375 0.504687 0.885938 0.503125 0.885938 0.498437 0.890625 0.498437 0.892188 0.496875 0.893750 0.496875 0.895312 0.495312 0.896875 0.490625 0.896875 0.495312 0.896875 0.498437 0.900000 0.512500 0.900000 0.514062 0.898438 0.517188 0.898438 0.518750 0.896875 0.521875 0.896875 0.523438 0.895312 0.526563 0.895312 0.528125 0.893750 0.532813 0.893750 0.534375 0.892188 0.539062 0.892188 0.540625 0.890625 0.542188 0.890625 0.543750 0.889062 0.546875 0.889062 0.548438 0.887500 0.557813 0.887500 0.559375 0.885938 0.562500 0.885938 0.564063 0.884375 0.570312 0.884375 0.570312 0.871875
0 0.409375 0.578125 0.409375 0.607812 0.460938 0.607812 0.460938 0.601562 0.459375 0.600000 0.459375 0.596875 0.464062 0.592187 0.470313 0.592187 0.470313 0.578125
0 0.321875 0.521875 0.321875 0.539062 0.345313 0.539062 0.345313 0.521875
0 0.571875 0.440625 0.571875 0.446875 0.570312 0.448437 0.568750 0.448437 0.567187 0.450000 0.565625 0.450000 0.562500 0.453125 0.560937 0.453125 0.559375 0.454688 0.553125 0.454688 0.553125 0.464062 0.598437 0.464062 0.598437 0.459375 0.603125 0.454688 0.607812 0.454688 0.607812 0.446875 0.603125 0.446875 0.601562 0.445312 0.601562 0.440625
0 0.428125 0.365625 0.428125 0.382812 0.457813 0.382812 0.457813 0.365625
0 0.082812 0.609375 0.082812 0.614062 0.078125 0.618750 0.071875 0.618750 0.071875 0.637500 0.082812 0.637500 0.085938 0.634375 0.085938 0.632812 0.087500 0.631250 0.087500 0.628125 0.089063 0.626563 0.089063 0.625000 0.090625 0.623437 0.090625 0.621875 0.092188 0.620313 0.092188 0.618750 0.095312 0.615625 0.101562 0.615625 0.101562 0.609375
0 0.415625 0.203125 0.415625 0.229687 0.423438 0.229687 0.425000 0.228125 0.426563 0.228125 0.429688 0.225000 0.429688 0.217188 0.431250 0.215625 0.431250 0.212500 0.432812 0.210938 0.434375 0.210938 0.439063 0.215625 0.439063 0.225000 0.437500 0.226562 0.439063 0.228125 0.445312 0.228125 0.445312 0.203125
0 0.140625 0.728125 0.140625 0.759375 0.145313 0.759375 0.146875 0.757812 0.146875 0.754687 0.148438 0.753125 0.148438 0.739062 0.151562 0.735938 0.151562 0.734375 0.153125 0.732812 0.153125 0.728125
0 0.404687 0.871875 0.404687 0.878125 0.403125 0.879687 0.396875 0.879687 0.396875 0.884375 0.404687 0.884375 0.406250 0.882812 0.407813 0.882812 0.410938 0.885938 0.410938 0.887500 0.414062 0.890625 0.415625 0.890625 0.417187 0.889062 0.418750 0.889062 0.418750 0.887500 0.420312 0.885938 0.426563 0.885938 0.426563 0.878125 0.421875 0.878125 0.420312 0.876563 0.420312 0.871875
0 0.215625 0.715625 0.215625 0.737500 0.220312 0.737500 0.223438 0.740625 0.223438 0.745313 0.245312 0.745313 0.245312 0.732812 0.240625 0.732812 0.237500 0.729688 0.237500 0.726562 0.234375 0.723437 0.234375 0.715625
0 0.287500 0.876563 0.287500 0.878125 0.289062 0.879687 0.295312 0.879687 0.295312 0.876563
0 0.253125 0.865625 0.253125 0.881250 0.259375 0.881250 0.260937 0.879687 0.264062 0.879687 0.265625 0.878125 0.268750 0.878125 0.270313 0.876563 0.278125 0.876563 0.278125 0.865625
0 0.090625 0.715625 0.090625 0.754687 0.096875 0.754687 0.098437 0.753125 0.100000 0.753125 0.101562 0.751563 0.101562 0.750000 0.103125 0.748437 0.103125 0.743750 0.104688 0.742188 0.104688 0.740625 0.106250 0.739062 0.106250 0.737500 0.109375 0.734375 0.114062 0.734375 0.114062 0.715625
0 0.234375 0.565625 0.234375 0.589063 0.256250 0.589063 0.256250 0.584375 0.257812 0.582812 0.259375 0.582812 0.260937 0.584375 0.260937 0.589063 0.270313 0.589063 0.270313 0.565625
0 0.368750 0.828125 0.368750 0.837500 0.367188 0.839063 0.367188 0.840625 0.360938 0.846875 0.353125 0.846875 0.353125 0.868750 0.357812 0.868750 0.360938 0.865625 0.360938 0.864062 0.362500 0.862500 0.362500 0.857812 0.367188 0.853125 0.367188 0.851562 0.370312 0.848437 0.371875 0.848437 0.373437 0.850000 0.373437 0.851562 0.375000 0.853125 0.375000 0.857812 0.376563 0.859375 0.376563 0.862500 0.378125 0.860938 0.378125 0.859375 0.382812 0.854688 0.389062 0.854688 0.389062 0.837500 0.384375 0.837500 0.379688 0.832812 0.379688 0.828125
0 0.221875 0.746875 0.221875 0.767188 0.226562 0.767188 0.234375 0.759375 0.239063 0.759375 0.239063 0.746875
0 0.278125 0.328125 0.278125 0.351562 0.292187 0.351562 0.292187 0.346875 0.296875 0.342187 0.296875 0.340625 0.298438 0.339062 0.298438 0.337500 0.300000 0.335938 0.300000 0.328125
0 0.971875 0.490625 0.971875 0.510938 0.987500 0.510938 0.989062 0.512500 0.993750 0.512500 0.996875 0.515625 0.996875 0.520312 0.998437 0.520312 0.998437 0.490625
0 0.484375 0.078125 0.484375 0.095312 0.490625 0.095312 0.495312 0.100000 0.500000 0.100000 0.501563 0.098437 0.507812 0.098437 0.507812 0.078125
0 0.021875 0.584375 0.021875 0.601562 0.032813 0.601562 0.034375 0.603125 0.035937 0.603125 0.039062 0.606250 0.046875 0.606250 0.048438 0.607812 0.050000 0.607812 0.053125 0.610938 0.054688 0.610938 0.057813 0.614062 0.059375 0.614062 0.060937 0.615625 0.065625 0.615625 0.065625 0.614062 0.070312 0.609375 0.076563 0.609375 0.076563 0.600000 0.068750 0.600000 0.067187 0.598437 0.067187 0.596875 0.065625 0.596875 0.062500 0.593750 0.060937 0.593750 0.059375 0.592187 0.057813 0.592187 0.054688 0.589063 0.054688 0.584375
0 0.475000 0.790625 0.475000 0.796875 0.460938 0.810937 0.460938 0.812500 0.457813 0.815625 0.457813 0.817187 0.450000 0.825000 0.440625 0.825000 0.440625 0.835938 0.445312 0.835938 0.446875 0.837500 0.446875 0.839063 0.448437 0.840625 0.448437 0.845313 0.476562 0.845313 0.476562 0.834375 0.473438 0.831250 0.471875 0.831250 0.470313 0.829688 0.468750 0.829688 0.465625 0.826562 0.467187 0.825000 0.467187 0.823438 0.470313 0.820312 0.471875 0.820312 0.473438 0.818750 0.475000 0.818750 0.476562 0.817187 0.478125 0.817187 0.484375 0.810937 0.484375 0.809375 0.485938 0.807813 0.485938 0.806250 0.487500 0.804688 0.487500 0.798438 0.489063 0.796875 0.489063 0.790625
0 0.278125 0.340625 0.278125 0.364063 0.282813 0.364063 0.282813 0.359375 0.289062 0.353125 0.289062 0.350000 0.290625 0.348438 0.290625 0.340625
0 0.303125 0.440625 0.303125 0.445312 0.296875 0.451562 0.295312 0.451562 0.293750 0.453125 0.292187 0.453125 0.290625 0.454688 0.289062 0.454688 0.287500 0.456250 0.285938 0.456250 0.284375 0.457813 0.281250 0.457813 0.279687 0.459375 0.276562 0.459375 0.275000 0.460938 0.271875 0.460938 0.270313 0.462500 0.265625 0.462500 0.265625 0.482812 0.284375 0.482812 0.284375 0.478125 0.285938 0.476562 0.289062 0.476562 0.290625 0.475000 0.293750 0.475000 0.295312 0.473438 0.303125 0.473438 0.304688 0.471875 0.335938 0.471875 0.340625 0.467187 0.340625 0.460938 0.339062 0.459375 0.339062 0.457813 0.342187 0.454688 0.342187 0.453125 0.346875 0.448437 0.348438 0.448437 0.350000 0.446875 0.350000 0.440625
0 0.284375 0.328125 0.284375 0.351562 0.289062 0.351562 0.289062 0.346875 0.290625 0.345313 0.295312 0.345313 0.296875 0.343750 0.296875 0.342187 0.298438 0.340625 0.298438 0.337500 0.300000 0.335938 0.300000 0.334375 0.301563 0.332813 0.301563 0.328125
0 0.196875 0.748437 0.196875 0.779687 0.201563 0.779687 0.203125 0.778125 0.203125 0.776563 0.204687 0.775000 0.204687 0.773438 0.209375 0.768750 0.209375 0.767188 0.212500 0.764062 0.212500 0.762500 0.214062 0.760938 0.214062 0.759375 0.215625 0.757812 0.220312 0.757812 0.215625 0.757812 0.214062 0.756250 0.214062 0.753125 0.212500 0.751563 0.210938 0.751563 0.209375 0.750000 0.204687 0.750000 0.203125 0.748437
0 0.206250 0.796875 0.206250 0.801562 0.203125 0.804688 0.196875 0.804688 0.196875 0.846875 0.206250 0.846875 0.207813 0.848437 0.209375 0.848437 0.212500 0.845313 0.210938 0.843750 0.209375 0.843750 0.206250 0.840625 0.206250 0.834375 0.207813 0.832812 0.207813 0.817187 0.206250 0.815625 0.207813 0.814063 0.207813 0.812500 0.215625 0.804688 0.220312 0.804688 0.220312 0.796875
0 0.496875 0.234375 0.496875 0.256250 0.501563 0.256250 0.503125 0.254688 0.504687 0.254688 0.509375 0.250000 0.509375 0.246875 0.510938 0.245312 0.510938 0.242188 0.512500 0.240625 0.512500 0.234375
0 0.046875 0.703125 0.046875 0.748437 0.059375 0.748437 0.060937 0.746875 0.060937 0.729688 0.059375 0.728125 0.059375 0.721875 0.064062 0.717187 0.070312 0.717187 0.070312 0.703125
0 0.265625 0.278125 0.265625 0.296875 0.273438 0.296875 0.275000 0.298438 0.276562 0.298438 0.279687 0.295312 0.279687 0.293750 0.281250 0.292187 0.281250 0.285938 0.279687 0.284375 0.279687 0.278125
0 0.671875 0.709375 0.671875 0.732812 0.695312 0.732812 0.695312 0.718750 0.693750 0.717187 0.693750 0.709375
0 0.253125 0.759375 0.253125 0.801562 0.265625 0.801562 0.265625 0.793750 0.264062 0.792188 0.264062 0.785937 0.265625 0.784375 0.265625 0.781250 0.267188 0.779687 0.267188 0.778125 0.268750 0.776563 0.268750 0.773438 0.270313 0.771875 0.270313 0.770312 0.268750 0.768750 0.268750 0.759375
0 0.409375 0.821875 0.409375 0.828125 0.415625 0.828125 0.417187 0.829688 0.418750 0.829688 0.421875 0.832812 0.421875 0.837500 0.418750 0.840625 0.409375 0.840625 0.409375 0.853125 0.421875 0.853125 0.423438 0.851562 0.423438 0.850000 0.426563 0.846875 0.426563 0.845313 0.428125 0.843750 0.428125 0.842187 0.431250 0.839063 0.432812 0.839063 0.434375 0.837500 0.439063 0.837500 0.439063 0.832812 0.432812 0.832812 0.428125 0.828125 0.428125 0.821875
0 0.162500 0.734375 0.162500 0.739062 0.160938 0.740625 0.160938 0.742188 0.159375 0.743750 0.153125 0.743750 0.153125 0.776563 0.159375 0.776563 0.159375 0.770312 0.165625 0.764062 0.165625 0.760938 0.167187 0.759375 0.167187 0.756250 0.170313 0.753125 0.170313 0.751563 0.171875 0.750000 0.176563 0.750000 0.176563 0.734375
0 0.259375 0.846875 0.259375 0.862500 0.278125 0.862500 0.279687 0.860938 0.281250 0.860938 0.282813 0.859375 0.284375 0.859375 0.287500 0.862500 0.287500 0.864062 0.289062 0.865625 0.289062 0.868750 0.290625 0.870313 0.290625 0.876563 0.295312 0.876563 0.295312 0.862500 0.292187 0.859375 0.292187 0.854688 0.290625 0.853125 0.290625 0.846875
0 0.265625 0.284375 0.265625 0.298438 0.273438 0.298438 0.275000 0.300000 0.278125 0.300000 0.279687 0.298438 0.279687 0.296875 0.281250 0.295312 0.281250 0.293750 0.282813 0.292187 0.282813 0.284375
0 0.365625 0.909375 0.365625 0.921875 0.375000 0.921875 0.376563 0.923438 0.376563 0.925000 0.378125 0.926562 0.378125 0.928125 0.379688 0.928125 0.382812 0.931250 0.382812 0.939063 0.398438 0.939063 0.398438 0.923438 0.396875 0.921875 0.396875 0.918750 0.400000 0.915625 0.407813 0.915625 0.407813 0.909375
0 0.209375 0.746875 0.209375 0.773438 0.214062 0.773438 0.214062 0.771875 0.215625 0.770312 0.215625 0.768750 0.221875 0.762500 0.226562 0.762500 0.226562 0.746875
0 0.409375 0.815625 0.409375 0.820312 0.407813 0.821875 0.406250 0.821875 0.404687 0.823438 0.396875 0.823438 0.396875 0.842187 0.410938 0.842187 0.412500 0.840625 0.414062 0.840625 0.421875 0.832812 0.423438 0.832812 0.428125 0.828125 0.432812 0.828125 0.428125 0.828125 0.421875 0.821875 0.421875 0.815625
0 0.975000 0.400000 0.971875 0.403125 0.965625 0.403125 0.965625 0.431250 0.970313 0.431250 0.971875 0.432812 0.973437 0.432812 0.978125 0.437500 0.978125 0.439063 0.985938 0.446875 0.985938 0.451562 0.998437 0.451562 0.998437 0.410938 0.996875 0.410938 0.989062 0.403125 0.987500 0.403125 0.984375 0.400000
0 0.334375 0.409375 0.334375 0.414062 0.331250 0.417187 0.329688 0.417187 0.328125 0.418750 0.326562 0.418750 0.325000 0.420312 0.323437 0.420312 0.321875 0.421875 0.320312 0.421875 0.317188 0.425000 0.315625 0.425000 0.314063 0.426563 0.312500 0.426563 0.307812 0.431250 0.306250 0.431250 0.303125 0.434375 0.301563 0.434375 0.298438 0.437500 0.295312 0.437500 0.293750 0.439063 0.290625 0.439063 0.289062 0.440625 0.287500 0.440625 0.285938 0.442188 0.284375 0.442188 0.282813 0.443750 0.276562 0.443750 0.275000 0.445312 0.265625 0.445312 0.265625 0.457813 0.307812 0.457813 0.307812 0.453125 0.310937 0.450000 0.312500 0.450000 0.315625 0.446875 0.317188 0.446875 0.320312 0.443750 0.321875 0.443750 0.323437 0.445312 0.323437 0.450000 0.325000 0.451562 0.325000 0.457813 0.335938 0.457813 0.335938 0.453125 0.340625 0.448437 0.342187 0.448437 0.342187 0.445312 0.337500 0.445312 0.335938 0.443750 0.323437 0.443750 0.321875 0.442188 0.321875 0.440625 0.325000 0.437500 0.328125 0.437500 0.329688 0.435937 0.331250 0.435937 0.332813 0.434375 0.334375 0.434375 0.335938 0.432812 0.340625 0.432812 0.342187 0.431250 0.351562 0.431250 0.353125 0.429688 0.357812 0.429688 0.359375 0.428125 0.360938 0.428125 0.362500 0.426563 0.362500 0.425000 0.364063 0.423438 0.370312 0.423438 0.370312 0.409375
0 0.371875 0.884375 0.371875 0.914062 0.414062 0.914062 0.414062 0.903125 0.407813 0.903125 0.406250 0.901563 0.404687 0.901563 0.403125 0.900000 0.398438 0.900000 0.393750 0.895312 0.392188 0.895312 0.390625 0.893750 0.389062 0.893750 0.384375 0.889062 0.384375 0.884375
0 0.034375 0.565625 0.034375 0.581250 0.042188 0.581250 0.043750 0.582812 0.045312 0.582812 0.053125 0.590625 0.057813 0.590625 0.059375 0.592187 0.060937 0.592187 0.062500 0.593750 0.065625 0.593750 0.067187 0.595313 0.068750 0.595313 0.070312 0.596875 0.068750 0.598437 0.068750 0.600000 0.065625 0.603125 0.065625 0.607812 0.081250 0.607812 0.081250 0.603125 0.084375 0.600000 0.089063 0.600000 0.089063 0.578125 0.082812 0.578125 0.081250 0.576562 0.081250 0.573438 0.078125 0.570312 0.078125 0.565625
0 0.490625 0.196875 0.490625 0.220312 0.501563 0.220312 0.501563 0.215625 0.503125 0.214062 0.507812 0.214062 0.507812 0.196875
0 0.128125 0.728125 0.128125 0.760938 0.132812 0.760938 0.134375 0.759375 0.134375 0.757812 0.135937 0.756250 0.135937 0.754687 0.137500 0.753125 0.137500 0.751563 0.139063 0.750000 0.139063 0.746875 0.140625 0.745313 0.142187 0.745313 0.143750 0.743750 0.145313 0.743750 0.145313 0.742188 0.148438 0.739062 0.148438 0.737500 0.151562 0.734375 0.157812 0.734375 0.157812 0.728125
0 0.515625 0.240625 0.515625 0.264062 0.525000 0.264062 0.525000 0.257812 0.531250 0.251563 0.531250 0.250000 0.529687 0.248438 0.529687 0.240625
0 0.403125 0.484375 0.403125 0.490625 0.401562 0.492188 0.400000 0.492188 0.393750 0.498437 0.392188 0.498437 0.390625 0.500000 0.389062 0.500000 0.385937 0.503125 0.382812 0.503125 0.381250 0.504687 0.378125 0.504687 0.371875 0.510938 0.370312 0.510938 0.368750 0.512500 0.368750 0.514062 0.364063 0.518750 0.362500 0.518750 0.359375 0.521875 0.353125 0.521875 0.353125 0.539062 0.371875 0.539062 0.371875 0.534375 0.375000 0.531250 0.376563 0.531250 0.378125 0.529687 0.379688 0.529687 0.381250 0.528125 0.382812 0.528125 0.385937 0.525000 0.387500 0.525000 0.390625 0.521875 0.392188 0.521875 0.393750 0.520312 0.395313 0.520312 0.396875 0.518750 0.398438 0.518750 0.401562 0.515625 0.403125 0.515625 0.409375 0.509375 0.410938 0.509375 0.414062 0.506250 0.415625 0.506250 0.426563 0.495312 0.426563 0.493750 0.428125 0.492188 0.428125 0.490625 0.429688 0.489063 0.429688 0.484375
0 0.109375 0.771875 0.109375 0.795312 0.115625 0.795312 0.115625 0.790625 0.118750 0.787500 0.126562 0.787500 0.126562 0.771875
0 0.390625 0.128125 0.390625 0.157812 0.404687 0.157812 0.404687 0.151562 0.406250 0.150000 0.406250 0.146875 0.407813 0.145313 0.407813 0.143750 0.409375 0.142187 0.414062 0.142187 0.414062 0.128125
0 0.171875 0.790625 0.171875 0.839063 0.176563 0.839063 0.178125 0.837500 0.179688 0.837500 0.182812 0.834375 0.182812 0.829688 0.181250 0.828125 0.182812 0.826562 0.182812 0.821875 0.184375 0.820312 0.184375 0.818750 0.189062 0.814063 0.195312 0.814063 0.195312 0.804688 0.189062 0.804688 0.187500 0.803125 0.189062 0.801562 0.195312 0.801562 0.195312 0.790625
0 0.259375 0.840625 0.259375 0.857812 0.265625 0.857812 0.267188 0.859375 0.282813 0.859375 0.285938 0.862500 0.285938 0.864062 0.287500 0.865625 0.287500 0.870313 0.296875 0.870313 0.296875 0.862500 0.298438 0.860938 0.298438 0.840625
0 0.234375 0.753125 0.234375 0.759375 0.232813 0.760938 0.228125 0.760938 0.228125 0.789062 0.232813 0.789062 0.232813 0.787500 0.234375 0.785937 0.234375 0.779687 0.235937 0.778125 0.235937 0.773438 0.237500 0.771875 0.237500 0.770312 0.242188 0.765625 0.242188 0.764062 0.243750 0.762500 0.243750 0.759375 0.245312 0.757812 0.245312 0.753125
0 0.453125 0.365625 0.453125 0.382812 0.485938 0.382812 0.485938 0.376563 0.487500 0.375000 0.487500 0.365625
0 0.326562 0.895312 0.325000 0.896875 0.323437 0.896875 0.321875 0.898438 0.315625 0.898438 0.315625 0.920312 0.320312 0.920312 0.320312 0.915625 0.323437 0.912500 0.323437 0.910937 0.325000 0.909375 0.325000 0.907813 0.326562 0.906250 0.326562 0.904687 0.328125 0.903125 0.328125 0.895312
0 0.340625 0.878125 0.340625 0.882812 0.343750 0.882812 0.345313 0.884375 0.345313 0.878125
0 0.109375 0.340625 0.109375 0.357812 0.114062 0.357812 0.120313 0.364063 0.121875 0.364063 0.125000 0.367188 0.126562 0.367188 0.128125 0.368750 0.131250 0.368750 0.132812 0.370312 0.134375 0.370312 0.135937 0.368750 0.137500 0.368750 0.139063 0.367188 0.145313 0.367188 0.145313 0.362500 0.140625 0.362500 0.134375 0.356250 0.132812 0.356250 0.128125 0.351562 0.128125 0.350000 0.126562 0.350000 0.123438 0.346875 0.123438 0.340625
0 0.428125 0.259375 0.428125 0.276562 0.464062 0.276562 0.464062 0.259375
0 0.265625 0.821875 0.265625 0.839063 0.307812 0.839063 0.307812 0.821875
0 0.128125 0.615625 0.128125 0.629687 0.139063 0.629687 0.139063 0.615625
0 0.371875 0.915625 0.371875 0.928125 0.378125 0.928125 0.379688 0.929688 0.379688 0.931250 0.381250 0.932813 0.381250 0.934375 0.382812 0.935937 0.382812 0.937500 0.384375 0.939063 0.384375 0.945312 0.398438 0.945312 0.398438 0.937500 0.400000 0.935937 0.400000 0.929688 0.401562 0.928125 0.401562 0.923438 0.403125 0.921875 0.407813 0.921875 0.407813 0.915625
0 0.521875 0.065625 0.521875 0.082812 0.539062 0.082812 0.539062 0.076563 0.540625 0.075000 0.540625 0.071875 0.542188 0.070312 0.542188 0.065625
0 0.484375 0.228125 0.484375 0.250000 0.489063 0.250000 0.492188 0.246875 0.492188 0.243750 0.493750 0.242188 0.493750 0.239063 0.496875 0.235937 0.501563 0.235937 0.501563 0.228125
0 0.459375 0.484375 0.459375 0.504687 0.470313 0.504687 0.471875 0.506250 0.479687 0.506250 0.481250 0.507812 0.482812 0.507812 0.484375 0.509375 0.484375 0.514062 0.489063 0.514062 0.489063 0.484375
0 0.259375 0.634375 0.259375 0.651563 0.271875 0.651563 0.271875 0.646875 0.273438 0.645312 0.279687 0.645312 0.281250 0.643750 0.284375 0.643750 0.285938 0.642188 0.285938 0.634375
0 0.609375 0.453125 0.609375 0.482812 0.615625 0.482812 0.620313 0.487500 0.623437 0.487500 0.626563 0.484375 0.632812 0.484375 0.632812 0.476562 0.628125 0.476562 0.625000 0.473438 0.625000 0.471875 0.620313 0.467187 0.620313 0.465625 0.618750 0.464062 0.618750 0.453125
0 0.220312 0.346875 0.220312 0.353125 0.217188 0.356250 0.215625 0.356250 0.212500 0.359375 0.212500 0.362500 0.214062 0.364063 0.215625 0.362500 0.218750 0.362500 0.220312 0.360938 0.225000 0.360938 0.226562 0.359375 0.228125 0.359375 0.229687 0.357812 0.229687 0.354687 0.228125 0.353125 0.228125 0.346875
0 0.521875 0.240625 0.521875 0.262500 0.526563 0.262500 0.528125 0.264062 0.529687 0.264062 0.531250 0.265625 0.531250 0.270313 0.535937 0.270313 0.535937 0.265625 0.540625 0.260937 0.540625 0.257812 0.542188 0.256250 0.542188 0.253125 0.543750 0.251563 0.543750 0.240625
0 0.165625 0.735938 0.162500 0.739062 0.162500 0.740625 0.157812 0.745313 0.156250 0.745313 0.153125 0.748437 0.146875 0.748437 0.146875 0.776563 0.151562 0.776563 0.151562 0.771875 0.153125 0.770312 0.153125 0.768750 0.157812 0.764062 0.157812 0.762500 0.159375 0.760938 0.159375 0.759375 0.160938 0.757812 0.160938 0.756250 0.167187 0.750000 0.167187 0.748437 0.168750 0.746875 0.168750 0.745313 0.171875 0.742188 0.176563 0.742188 0.176563 0.737500 0.168750 0.737500 0.167187 0.735938
0 0.403125 0.165625 0.403125 0.187500 0.409375 0.187500 0.412500 0.190625 0.412500 0.195312 0.418750 0.195312 0.418750 0.190625 0.421875 0.187500 0.421875 0.185938 0.423438 0.184375 0.423438 0.181250 0.425000 0.179688 0.425000 0.171875 0.423438 0.170313 0.423438 0.165625
0 0.259375 0.759375 0.259375 0.800000 0.270313 0.800000 0.271875 0.798438 0.282813 0.798438 0.282813 0.782813 0.275000 0.782813 0.270313 0.778125 0.270313 0.768750 0.268750 0.767188 0.268750 0.759375
0 0.178125 0.740625 0.178125 0.760938 0.182812 0.760938 0.187500 0.756250 0.189062 0.756250 0.189062 0.754687 0.190625 0.753125 0.190625 0.750000 0.192188 0.748437 0.192188 0.740625
0 0.284375 0.578125 0.284375 0.607812 0.300000 0.607812 0.300000 0.603125 0.301563 0.601562 0.314063 0.601562 0.315625 0.603125 0.315625 0.607812 0.326562 0.607812 0.326562 0.600000 0.328125 0.598437 0.332813 0.598437 0.332813 0.578125 0.306250 0.578125 0.306250 0.582812 0.303125 0.585938 0.295312 0.585938 0.292187 0.582812 0.292187 0.578125
0 0.471875 0.221875 0.471875 0.251563 0.479687 0.251563 0.479687 0.246875 0.484375 0.242188 0.495312 0.242188 0.495312 0.221875
0 0.134375 0.540625 0.134375 0.560937 0.142187 0.560937 0.143750 0.562500 0.145313 0.562500 0.146875 0.560937 0.146875 0.559375 0.148438 0.557813 0.148438 0.554688 0.150000 0.553125 0.150000 0.551562 0.148438 0.550000 0.148438 0.540625
0 0.090625 0.378125 0.090625 0.395313 0.095312 0.395313 0.096875 0.396875 0.096875 0.401562 0.110937 0.401562 0.110937 0.396875 0.112500 0.395313 0.112500 0.393750 0.114062 0.392188 0.114062 0.389062 0.109375 0.384375 0.109375 0.378125
0 0.376563 0.473438 0.375000 0.475000 0.370312 0.475000 0.368750 0.476562 0.368750 0.478125 0.370312 0.478125 0.371875 0.479687 0.382812 0.479687 0.385937 0.476562 0.384375 0.475000 0.378125 0.475000
0 0.420312 0.453125 0.420312 0.460938 0.418750 0.462500 0.418750 0.465625 0.417187 0.467187 0.417187 0.468750 0.415625 0.470313 0.415625 0.471875 0.414062 0.473438 0.414062 0.475000 0.410938 0.478125 0.410938 0.479687 0.406250 0.484375 0.406250 0.485938 0.403125 0.489063 0.403125 0.490625 0.395313 0.498437 0.393750 0.498437 0.389062 0.503125 0.387500 0.503125 0.385937 0.504687 0.382812 0.504687 0.381250 0.506250 0.378125 0.506250 0.371875 0.512500 0.370312 0.512500 0.370312 0.514062 0.365625 0.518750 0.359375 0.518750 0.359375 0.532813 0.382812 0.532813 0.382812 0.528125 0.387500 0.523438 0.389062 0.523438 0.390625 0.521875 0.392188 0.521875 0.393750 0.520312 0.395313 0.520312 0.396875 0.518750 0.398438 0.518750 0.401562 0.515625 0.403125 0.515625 0.407813 0.510938 0.409375 0.510938 0.412500 0.507812 0.414062 0.507812 0.425000 0.496875 0.425000 0.495312 0.428125 0.492188 0.428125 0.490625 0.429688 0.489063 0.429688 0.485938 0.431250 0.484375 0.431250 0.473438 0.432812 0.471875 0.432812 0.470313 0.434375 0.468750 0.439063 0.468750 0.439063 0.453125
0 0.121875 0.550000 0.118750 0.553125 0.120313 0.554688 0.120313 0.556250 0.126562 0.556250 0.126562 0.550000
0 0.228125 0.746875 0.228125 0.781250 0.232813 0.781250 0.232813 0.779687 0.234375 0.778125 0.234375 0.773438 0.235937 0.771875 0.235937 0.768750 0.243750 0.760938 0.243750 0.756250 0.242188 0.754687 0.242188 0.746875
0 0.509375 0.090625 0.509375 0.107813 0.520312 0.107813 0.520312 0.103125 0.523438 0.100000 0.526563 0.100000 0.528125 0.098437 0.532813 0.098437 0.532813 0.090625
0 0.246875 0.759375 0.246875 0.801562 0.251563 0.801562 0.251563 0.795312 0.253125 0.793750 0.253125 0.792188 0.254688 0.790625 0.254688 0.782813 0.256250 0.781250 0.256250 0.778125 0.257812 0.776563 0.257812 0.775000 0.259375 0.773438 0.264062 0.773438 0.264062 0.759375
