0 0.784375 0.515625 0.784375 0.545312 0.793750 0.545312 0.795312 0.546875 0.795312 0.551562 0.795312 0.546875 0.798438 0.543750 0.800000 0.543750 0.801562 0.542188 0.801562 0.540625 0.803125 0.539062 0.803125 0.528125 0.804688 0.526563 0.804688 0.525000 0.803125 0.523438 0.803125 0.515625
0 0.878125 0.628125 0.878125 0.660937 0.887500 0.660937 0.889062 0.662500 0.893750 0.662500 0.895312 0.664062 0.896875 0.664062 0.898438 0.662500 0.900000 0.662500 0.903125 0.659375 0.907813 0.659375 0.907813 0.650000 0.901563 0.650000 0.895312 0.643750 0.895312 0.642188 0.892188 0.639062 0.892188 0.635938 0.890625 0.634375 0.890625 0.628125
0 0.928125 0.471875 0.928125 0.487500 0.934375 0.487500 0.940625 0.493750 0.942187 0.493750 0.945312 0.496875 0.948438 0.496875 0.950000 0.495312 0.951562 0.495312 0.953125 0.493750 0.953125 0.492188 0.954688 0.490625 0.954688 0.487500 0.956250 0.485938 0.956250 0.484375 0.954688 0.482812 0.953125 0.482812 0.951562 0.481250 0.950000 0.481250 0.945312 0.476562 0.945312 0.471875
0 0.746875 0.646875 0.746875 0.681250 0.754687 0.681250 0.756250 0.682813 0.760938 0.682813 0.762500 0.684375 0.776563 0.684375 0.778125 0.682813 0.778125 0.681250 0.781250 0.678125 0.781250 0.676562 0.782813 0.675000 0.782813 0.673438 0.784375 0.671875 0.784375 0.670312 0.785937 0.668750 0.785937 0.667188 0.787500 0.665625 0.787500 0.662500 0.785937 0.660937 0.785937 0.657813 0.784375 0.656250 0.784375 0.654687 0.782813 0.653125 0.779687 0.653125 0.778125 0.651563 0.778125 0.646875
0 0.746875 0.573438 0.746875 0.582812 0.765625 0.582812 0.765625 0.578125 0.764062 0.576562 0.757812 0.576562 0.756250 0.575000 0.754687 0.575000 0.753125 0.573438
0 0.746875 0.546875 0.746875 0.568750 0.756250 0.568750 0.757812 0.567187 0.767188 0.567187 0.768750 0.568750 0.775000 0.568750 0.776563 0.570312 0.778125 0.570312 0.779687 0.571875 0.779687 0.575000 0.781250 0.576562 0.781250 0.582812 0.796875 0.582812 0.796875 0.578125 0.798438 0.576562 0.798438 0.570312 0.800000 0.568750 0.800000 0.565625 0.801562 0.564063 0.801562 0.557813 0.800000 0.556250 0.800000 0.554688 0.798438 0.553125 0.798438 0.546875
0 0.809375 0.515625 0.809375 0.551562 0.829688 0.551562 0.829688 0.545312 0.834375 0.540625 0.839063 0.540625 0.839063 0.515625
0 0.221875 0.440625 0.221875 0.445312 0.220312 0.446875 0.215625 0.446875 0.215625 0.475000 0.226562 0.475000 0.228125 0.473438 0.231250 0.473438 0.232813 0.471875 0.232813 0.470313 0.234375 0.468750 0.234375 0.460938 0.235937 0.459375 0.235937 0.450000 0.237500 0.448437 0.237500 0.440625
0 0.953125 0.484375 0.953125 0.506250 0.959375 0.506250 0.960938 0.507812 0.962500 0.507812 0.965625 0.510938 0.967187 0.510938 0.970313 0.514062 0.971875 0.514062 0.975000 0.510938 0.976562 0.510938 0.982812 0.504687 0.982812 0.501563 0.978125 0.496875 0.976562 0.496875 0.973437 0.493750 0.971875 0.493750 0.968750 0.490625 0.968750 0.484375
0 0.746875 0.515625 0.746875 0.539062 0.760938 0.539062 0.760938 0.534375 0.764062 0.531250 0.764062 0.529687 0.765625 0.528125 0.765625 0.523438 0.767188 0.521875 0.767188 0.515625
0 0.209375 0.428125 0.209375 0.435937 0.217188 0.435937 0.218750 0.437500 0.221875 0.437500 0.223438 0.435937 0.229687 0.435937 0.231250 0.434375 0.240625 0.434375 0.242188 0.435937 0.250000 0.435937 0.251563 0.437500 0.257812 0.437500 0.257812 0.428125
0 0.878125 0.621875 0.878125 0.640625 0.882812 0.640625 0.884375 0.639062 0.885938 0.639062 0.887500 0.637500 0.890625 0.637500 0.898438 0.645312 0.900000 0.645312 0.903125 0.648438 0.904687 0.646875 0.914062 0.646875 0.914062 0.643750 0.909375 0.643750 0.907813 0.642188 0.907813 0.640625 0.904687 0.637500 0.904687 0.635938 0.903125 0.634375 0.903125 0.632812 0.898438 0.628125 0.898438 0.621875
0 0.734375 0.615625 0.734375 0.643750 0.746875 0.643750 0.748437 0.645312 0.762500 0.645312 0.764062 0.646875 0.771875 0.646875 0.773438 0.648438 0.776563 0.648438 0.778125 0.650000 0.779687 0.650000 0.782813 0.653125 0.782813 0.657813 0.782813 0.653125 0.784375 0.651563 0.784375 0.648438 0.785937 0.646875 0.785937 0.645312 0.789062 0.642188 0.789062 0.639062 0.790625 0.637500 0.790625 0.632812 0.792188 0.631250 0.792188 0.623437 0.790625 0.621875 0.790625 0.615625
0 0.978125 0.509375 0.978125 0.525000 0.984375 0.525000 0.989062 0.529687 0.992188 0.529687 0.995313 0.532813 0.998437 0.532813 0.998437 0.509375
0 0.759375 0.584375 0.759375 0.600000 0.765625 0.600000 0.767188 0.601562 0.771875 0.601562 0.773438 0.603125 0.775000 0.603125 0.776563 0.604688 0.779687 0.604688 0.781250 0.606250 0.787500 0.606250 0.789062 0.607812 0.790625 0.607812 0.792188 0.606250 0.793750 0.606250 0.795312 0.604688 0.801562 0.604688 0.801562 0.584375
0 0.934375 0.453125 0.934375 0.471875 0.940625 0.471875 0.942187 0.473438 0.943750 0.473438 0.945312 0.475000 0.946875 0.475000 0.950000 0.478125 0.953125 0.478125 0.954688 0.479687 0.956250 0.479687 0.957812 0.481250 0.960938 0.481250 0.965625 0.476562 0.970313 0.476562 0.970313 0.465625 0.964063 0.465625 0.962500 0.464062 0.960938 0.464062 0.957812 0.460938 0.956250 0.460938 0.954688 0.459375 0.954688 0.453125
0 0.884375 0.596875 0.884375 0.634375 0.890625 0.634375 0.893750 0.637500 0.893750 0.639062 0.896875 0.642188 0.900000 0.642188 0.901563 0.643750 0.903125 0.643750 0.904687 0.642188 0.904687 0.640625 0.903125 0.639062 0.903125 0.637500 0.901563 0.635938 0.901563 0.634375 0.898438 0.634375 0.895312 0.631250 0.895312 0.628125 0.900000 0.623437 0.900000 0.620313 0.901563 0.618750 0.901563 0.609375 0.900000 0.607812 0.900000 0.596875
0 0.765625 0.515625 0.765625 0.545312 0.778125 0.545312 0.778125 0.537500 0.779687 0.535937 0.779687 0.534375 0.781250 0.532813 0.781250 0.531250 0.784375 0.528125 0.789062 0.528125 0.789062 0.515625
