0 0.059375 0.596875 0.059375 0.626563 0.098437 0.626563 0.098437 0.621875 0.100000 0.620313 0.100000 0.618750 0.101562 0.617188 0.101562 0.615625 0.103125 0.614062 0.107813 0.614062 0.103125 0.614062 0.101562 0.612500 0.101562 0.596875
0 0.103125 0.590625 0.103125 0.645312 0.110937 0.645312 0.110937 0.640625 0.112500 0.639062 0.115625 0.639062 0.117188 0.637500 0.120313 0.637500 0.121875 0.635938 0.129688 0.635938 0.131250 0.634375 0.142187 0.634375 0.143750 0.632812 0.145313 0.632812 0.145313 0.621875 0.143750 0.620313 0.143750 0.610938 0.145313 0.609375 0.143750 0.607812 0.143750 0.601562 0.142187 0.600000 0.142187 0.590625
0 0.021875 0.603125 0.021875 0.632812 0.040625 0.632812 0.040625 0.628125 0.042188 0.626563 0.043750 0.626563 0.045312 0.625000 0.050000 0.625000 0.051562 0.623437 0.064062 0.623437 0.064062 0.603125
0 0.015625 0.578125 0.015625 0.607812 0.021875 0.607812 0.021875 0.603125 0.023438 0.601562 0.031250 0.601562 0.032813 0.600000 0.043750 0.600000 0.045312 0.598437 0.050000 0.598437 0.051562 0.600000 0.057813 0.600000 0.057813 0.578125
0 0.115625 0.659375 0.115625 0.689063 0.150000 0.689063 0.150000 0.684375 0.151562 0.682813 0.151562 0.681250 0.153125 0.679688 0.157812 0.679688 0.157812 0.675000 0.153125 0.675000 0.151562 0.673438 0.151562 0.659375
0 0.103125 0.609375 0.103125 0.645312 0.110937 0.645312 0.110937 0.640625 0.112500 0.639062 0.115625 0.639062 0.117188 0.637500 0.125000 0.637500 0.126562 0.635938 0.134375 0.635938 0.135937 0.634375 0.142187 0.634375 0.145313 0.631250 0.145313 0.621875 0.143750 0.620313 0.143750 0.609375
0 0.046875 0.503125 0.046875 0.526563 0.076563 0.526563 0.076563 0.521875 0.082812 0.515625 0.082812 0.514062 0.081250 0.512500 0.081250 0.503125
0 0.084375 0.496875 0.084375 0.520312 0.117188 0.520312 0.117188 0.512500 0.118750 0.510938 0.118750 0.506250 0.117188 0.504687 0.117188 0.496875
0 0.403125 0.246875 0.403125 0.276562 0.425000 0.276562 0.425000 0.271875 0.428125 0.268750 0.432812 0.268750 0.432812 0.259375 0.428125 0.259375 0.426563 0.257812 0.426563 0.254688 0.425000 0.253125 0.425000 0.246875
0 0.046875 0.521875 0.046875 0.551562 0.071875 0.551562 0.071875 0.546875 0.073438 0.545312 0.079687 0.545312 0.081250 0.543750 0.089063 0.543750 0.089063 0.521875
0 0.146875 0.559375 0.146875 0.582812 0.157812 0.582812 0.157812 0.578125 0.159375 0.576562 0.162500 0.576562 0.164062 0.575000 0.175000 0.575000 0.176563 0.573438 0.185938 0.573438 0.187500 0.571875 0.195312 0.571875 0.196875 0.570312 0.201563 0.570312 0.201563 0.559375
0 0.003125 0.678125 0.003125 0.701562 0.014063 0.701562 0.015625 0.700000 0.018750 0.700000 0.020313 0.698438 0.023438 0.698438 0.025000 0.696875 0.032813 0.696875 0.032813 0.678125
0 0.034375 0.671875 0.034375 0.701562 0.048438 0.701562 0.048438 0.696875 0.050000 0.695312 0.056250 0.695312 0.057813 0.693750 0.064062 0.693750 0.065625 0.692187 0.067187 0.692187 0.068750 0.690625 0.068750 0.671875
0 0.478125 0.215625 0.478125 0.242188 0.482812 0.242188 0.484375 0.243750 0.484375 0.245312 0.485938 0.246875 0.485938 0.253125 0.487500 0.254688 0.487500 0.256250 0.489063 0.256250 0.490625 0.257812 0.501563 0.257812 0.503125 0.256250 0.507812 0.256250 0.509375 0.254688 0.510938 0.254688 0.512500 0.253125 0.512500 0.245312 0.510938 0.243750 0.510938 0.237500 0.509375 0.235937 0.509375 0.229687 0.507812 0.228125 0.507812 0.223438 0.506250 0.221875 0.506250 0.215625
0 0.065625 0.621875 0.065625 0.651563 0.071875 0.651563 0.071875 0.646875 0.073438 0.645312 0.081250 0.645312 0.082812 0.643750 0.096875 0.643750 0.098437 0.642188 0.107813 0.642188 0.107813 0.628125 0.103125 0.628125 0.101562 0.626563 0.101562 0.621875
0 0.096875 0.565625 0.096875 0.587500 0.129688 0.587500 0.131250 0.585938 0.139063 0.585938 0.139063 0.565625
0 0.053125 0.546875 0.053125 0.576562 0.059375 0.576562 0.059375 0.571875 0.060937 0.570312 0.067187 0.570312 0.068750 0.568750 0.076563 0.568750 0.078125 0.567187 0.085938 0.567187 0.087500 0.565625 0.095312 0.565625 0.095312 0.546875
0 0.028125 0.653125 0.028125 0.676562 0.064062 0.676562 0.064062 0.653125
0 0.071875 0.646875 0.071875 0.695312 0.103125 0.695312 0.103125 0.690625 0.106250 0.687500 0.114062 0.687500 0.114062 0.675000 0.109375 0.675000 0.106250 0.671875 0.106250 0.667188 0.107813 0.665625 0.107813 0.662500 0.109375 0.660937 0.114062 0.660937 0.114062 0.657813 0.109375 0.657813 0.107813 0.656250 0.107813 0.646875
0 0.096875 0.396875 0.096875 0.414062 0.139063 0.414062 0.139063 0.396875
0 0.171875 0.734375 0.171875 0.764062 0.207813 0.764062 0.207813 0.734375
0 0.071875 0.659375 0.071875 0.695312 0.106250 0.695312 0.106250 0.690625 0.112500 0.684375 0.112500 0.678125 0.110937 0.676562 0.110937 0.667188 0.109375 0.665625 0.109375 0.659375
0 0.034375 0.628125 0.034375 0.651563 0.062500 0.651563 0.062500 0.628125
0 0.109375 0.640625 0.109375 0.664062 0.135937 0.664062 0.135937 0.659375 0.137500 0.657813 0.140625 0.657813 0.142187 0.656250 0.145313 0.656250 0.146875 0.654687 0.151562 0.654687 0.151562 0.640625
0 0.084375 0.515625 0.084375 0.534375 0.089063 0.534375 0.090625 0.535937 0.090625 0.537500 0.092188 0.539062 0.092188 0.545312 0.110937 0.545312 0.110937 0.540625 0.112500 0.539062 0.115625 0.539062 0.117188 0.537500 0.118750 0.537500 0.120313 0.535937 0.125000 0.535937 0.126562 0.534375 0.126562 0.532813 0.125000 0.531250 0.125000 0.529687 0.123438 0.528125 0.123438 0.526563 0.121875 0.525000 0.121875 0.523438 0.120313 0.521875 0.120313 0.515625
0 0.053125 0.721875 0.053125 0.757812 0.076563 0.757812 0.076563 0.729688 0.071875 0.729688 0.070312 0.728125 0.070312 0.721875
0 0.178125 0.765625 0.178125 0.789062 0.214062 0.789062 0.214062 0.776563 0.209375 0.776563 0.207813 0.775000 0.207813 0.773438 0.206250 0.771875 0.206250 0.765625
0 0.440625 0.228125 0.440625 0.251563 0.464062 0.251563 0.464062 0.246875 0.465625 0.245312 0.465625 0.243750 0.467187 0.242188 0.467187 0.240625 0.468750 0.239063 0.468750 0.235937 0.470313 0.234375 0.470313 0.228125
0 0.009375 0.546875 0.009375 0.575000 0.017188 0.575000 0.018750 0.576562 0.023438 0.576562 0.025000 0.578125 0.025000 0.582812 0.051562 0.582812 0.051562 0.546875
0 0.509375 0.221875 0.509375 0.257812 0.537500 0.257812 0.537500 0.250000 0.539062 0.248438 0.539062 0.242188 0.537500 0.240625 0.537500 0.229687 0.535937 0.228125 0.535937 0.221875
0 0.328125 0.334375 0.328125 0.356250 0.339062 0.356250 0.340625 0.354687 0.353125 0.354687 0.354687 0.353125 0.364063 0.353125 0.364063 0.346875 0.359375 0.346875 0.357812 0.345313 0.357812 0.342187 0.356250 0.340625 0.356250 0.334375
0 0.003125 0.653125 0.003125 0.682813 0.012500 0.682813 0.012500 0.678125 0.014063 0.676562 0.015625 0.676562 0.017188 0.675000 0.021875 0.675000 0.023438 0.673438 0.025000 0.673438 0.026562 0.671875 0.026562 0.670312 0.025000 0.668750 0.025000 0.665625 0.023438 0.664062 0.023438 0.653125
0 0.184375 0.796875 0.184375 0.820312 0.206250 0.820312 0.206250 0.815625 0.207813 0.814063 0.209375 0.814063 0.212500 0.810937 0.212500 0.796875
0 0.165625 0.709375 0.165625 0.739062 0.182812 0.739062 0.182812 0.734375 0.185938 0.731250 0.187500 0.731250 0.189062 0.729688 0.195312 0.729688 0.195312 0.721875 0.190625 0.721875 0.189062 0.720313 0.189062 0.718750 0.187500 0.717187 0.187500 0.715625 0.185938 0.714063 0.185938 0.709375
0 0.146875 0.578125 0.146875 0.595313 0.176563 0.595313 0.176563 0.590625 0.179688 0.587500 0.185938 0.587500 0.187500 0.585938 0.195312 0.585938 0.196875 0.584375 0.198437 0.584375 0.200000 0.582812 0.200000 0.578125
0 0.403125 0.271875 0.403125 0.301563 0.428125 0.301563 0.428125 0.296875 0.431250 0.293750 0.432812 0.293750 0.434375 0.292187 0.439063 0.292187 0.439063 0.282813 0.434375 0.282813 0.431250 0.279687 0.431250 0.271875
0 0.190625 0.840625 0.190625 0.881250 0.196875 0.881250 0.201563 0.885938 0.214062 0.885938 0.215625 0.884375 0.223438 0.884375 0.225000 0.882812 0.232813 0.882812 0.232813 0.864062 0.228125 0.864062 0.226562 0.862500 0.226562 0.860938 0.225000 0.859375 0.225000 0.856250 0.223438 0.854688 0.223438 0.853125 0.221875 0.851562 0.221875 0.850000 0.220312 0.848437 0.220312 0.846875 0.218750 0.845313 0.218750 0.840625
0 0.171875 0.709375 0.171875 0.739062 0.187500 0.739062 0.187500 0.734375 0.190625 0.731250 0.195312 0.731250 0.195312 0.723437 0.190625 0.723437 0.187500 0.720313 0.187500 0.718750 0.185938 0.717187 0.185938 0.709375
0 0.109375 0.440625 0.109375 0.476562 0.145313 0.476562 0.145313 0.450000 0.140625 0.450000 0.139063 0.448437 0.139063 0.446875 0.137500 0.445312 0.137500 0.440625
0 0.071875 0.634375 0.071875 0.645312 0.084375 0.645312 0.085938 0.643750 0.098437 0.643750 0.100000 0.642188 0.107813 0.642188 0.107813 0.634375
0 0.178125 0.771875 0.178125 0.795312 0.196875 0.795312 0.196875 0.790625 0.198437 0.789062 0.201563 0.789062 0.203125 0.787500 0.206250 0.787500 0.207813 0.785937 0.214062 0.785937 0.214062 0.771875
0 0.190625 0.828125 0.190625 0.845313 0.212500 0.845313 0.212500 0.839063 0.214062 0.837500 0.214062 0.835938 0.215625 0.834375 0.215625 0.828125
0 0.034375 0.728125 0.034375 0.756250 0.039062 0.756250 0.040625 0.757812 0.042188 0.757812 0.043750 0.759375 0.043750 0.764062 0.053125 0.764062 0.053125 0.759375 0.057813 0.754687 0.057813 0.753125 0.059375 0.751563 0.064062 0.751563 0.059375 0.751563 0.057813 0.750000 0.057813 0.748437 0.056250 0.746875 0.056250 0.740625 0.054688 0.739062 0.054688 0.728125
0 0.184375 0.790625 0.184375 0.814063 0.214062 0.814063 0.214062 0.790625
0 0.403125 0.209375 0.403125 0.245312 0.432812 0.245312 0.432812 0.226562 0.428125 0.226562 0.426563 0.225000 0.426563 0.223438 0.425000 0.221875 0.425000 0.218750 0.421875 0.215625 0.421875 0.209375
0 0.153125 0.571875 0.153125 0.595313 0.167187 0.595313 0.167187 0.590625 0.168750 0.589063 0.175000 0.589063 0.176563 0.587500 0.179688 0.587500 0.181250 0.585938 0.193750 0.585938 0.195312 0.584375 0.198437 0.584375 0.198437 0.571875 0.178125 0.571875 0.178125 0.576562 0.176563 0.578125 0.164062 0.578125 0.162500 0.576562 0.162500 0.571875
0 0.153125 0.603125 0.153125 0.626563 0.182812 0.626563 0.182812 0.603125
0 0.365625 0.215625 0.365625 0.237500 0.370312 0.237500 0.371875 0.239063 0.371875 0.240625 0.373437 0.242188 0.373437 0.243750 0.375000 0.245312 0.375000 0.246875 0.376563 0.248438 0.379688 0.248438 0.381250 0.246875 0.389062 0.246875 0.389062 0.229687 0.384375 0.229687 0.382812 0.228125 0.382812 0.226562 0.381250 0.225000 0.381250 0.215625
0 0.096875 0.540625 0.096875 0.570312 0.103125 0.570312 0.103125 0.565625 0.104688 0.564063 0.112500 0.564063 0.114062 0.562500 0.121875 0.562500 0.123438 0.560937 0.132812 0.560937 0.132812 0.540625
