0 0.8339 220.82 542.84 279.45 596.63
0 0.8284 199.67 306.13 246.71 347.90
0 0.8284 478.49 500.13 569.40 601.69
0 0.8065 365.93 502.64 411.32 559.78
0 0.8014 540.15 358.63 591.57 415.12
0 0.8009 91.81 535.00 110.29 553.19
0 0.7981 487.08 359.18 532.55 407.78
0 0.7972 386.70 515.90 426.62 567.84
0 0.7962 248.55 595.18 301.73 639.59
0 0.7932 188.24 475.35 222.62 497.56
0 0.7907 436.58 426.06 490.98 468.90
0 0.7777 83.51 514.72 106.22 535.26
0 0.7733 113.99 547.28 142.27 563.27
0 0.7704 428.31 406.21 466.64 445.04
0 0.7646 472.32 411.00 511.35 448.82
0 0.7621 417.22 336.57 511.08 415.97
0 0.7526 430.07 559.00 487.19 620.57
0 0.7523 109.59 587.26 127.26 606.04
0 0.7448 451.82 378.97 494.40 424.43
0 0.7310 96.37 551.65 114.86 568.61
0 0.7309 113.15 600.03 129.82 614.62
0 0.7304 580.81 389.05 636.63 437.64
0 0.7260 590.16 428.75 639.99 529.78
0 0.7233 120.49 613.63 137.20 639.63
0 0.7208 102.44 569.37 121.66 589.92
0 0.7194 190.90 378.87 221.56 405.54
0 0.7158 134.71 611.17 173.03 625.14
0 0.7117 495.92 447.54 547.04 495.48
0 0.7043 165.62 391.67 190.72 405.69
0 0.6991 107.00 524.57 128.40 547.70
0 0.6962 394.24 526.18 430.74 585.46
0 0.6866 393.12 385.06 425.58 414.66
0 0.6859 194.50 363.27 242.34 404.74
0 0.6846 126.19 592.06 154.88 605.18
0 0.6844 453.00 543.92 520.68 612.26
0 0.6841 399.70 419.21 418.69 440.20
0 0.6784 354.69 507.42 377.57 535.76
0 0.6770 138.46 623.29 173.33 637.00
0 0.6580 517.54 473.45 607.79 586.08
0 0.6565 0.27 531.99 32.10 563.09
0 0.6451 3.73 619.74 46.79 639.69
0 0.6387 573.62 343.90 624.33 393.08
0 0.6360 123.77 580.53 155.86 592.22
0 0.6352 504.07 384.02 565.91 446.87
0 0.6331 493.68 332.51 546.27 382.58
0 0.6331 389.04 419.88 416.54 470.76
0 0.6279 609.76 319.65 639.93 386.37
0 0.6278 541.85 440.44 573.67 468.77
0 0.6214 116.98 562.09 147.36 573.70
0 0.6170 121.00 570.26 151.77 584.69
0 0.6005 363.74 494.00 382.20 511.68
0 0.5991 0.38 556.99 35.46 637.19
0 0.5870 626.82 387.77 639.79 417.17
0 0.5846 218.27 471.64 265.35 497.86
0 0.5825 365.44 551.27 385.23 613.69
0 0.5755 215.11 453.43 275.67 473.27
0 0.5653 118.71 567.70 148.98 579.02
0 0.5653 326.46 528.50 350.94 557.18
0 0.5610 45.12 318.34 63.62 335.09
0 0.5585 447.16 459.19 512.50 523.56
0 0.5536 404.16 568.94 452.52 619.46
0 0.5484 259.14 394.95 280.17 407.29
0 0.5416 631.53 422.28 639.80 443.24
0 0.5414 562.86 428.81 582.80 454.31
0 0.5309 339.30 506.68 358.85 520.52
0 0.5183 94.71 575.33 112.04 614.01
0 0.5155 494.80 330.68 537.20 375.31
0 0.5064 565.76 427.91 587.33 449.45
0 0.5051 568.95 423.73 595.86 445.89
0 0.4967 278.04 399.33 297.07 407.13
0 0.4964 139.73 632.43 175.50 639.44
0 0.4943 96.93 574.23 110.85 598.18
0 0.4880 203.38 532.30 238.70 564.25
0 0.4825 139.95 629.84 174.94 639.24
0 0.4801 389.60 422.41 432.75 512.86
0 0.4701 451.37 532.41 476.72 557.80
0 0.4570 181.26 354.68 201.37 374.83
0 0.4560 0.10 585.09 34.55 638.82
0 0.4494 133.81 595.04 170.15 610.60
0 0.4455 119.95 569.59 151.54 580.63
0 0.4416 418.54 389.57 475.46 418.25
0 0.4397 200.75 458.72 211.75 473.31
0 0.4293 336.35 517.76 354.52 535.82
0 0.4289 187.98 497.77 229.68 537.53
0 0.4277 132.53 603.08 171.25 614.48
0 0.4199 203.30 457.65 215.20 473.50
0 0.4142 254.20 460.87 293.65 498.14
0 0.4094 224.29 497.86 279.17 533.37
0 0.4090 35.63 329.50 51.75 344.00
0 0.4058 561.89 433.17 580.49 458.06
0 0.4027 241.11 317.98 287.56 390.07
