0 0.084851 0.048238 0.134267 0.048238 0.134267 0.079608 0.084851 0.079608
0 0.138189 0.070105 0.180395 0.070105 0.180395 0.126011 0.138189 0.126011
0 0.167850 0.171826 0.199012 0.171826 0.199012 0.199478 0.167850 0.199478
0 0.065327 0.141634 0.109126 0.141634 0.109126 0.172785 0.065327 0.172785
0 0.362140 0.274591 0.393524 0.274591 0.393524 0.308807 0.362140 0.308807
0 0.342792 0.261235 0.372555 0.261235 0.372555 0.292877 0.342792 0.292877
0 0.314332 0.284800 0.355736 0.284800 0.355736 0.327304 0.314332 0.327304
0 0.015945 0.038006 0.039693 0.038006 0.039693 0.095144 0.015945 0.095144
0 0.289349 0.352128 0.315819 0.352128 0.315819 0.379596 0.289349 0.379596
0 0.112312 0.081072 0.139751 0.081072 0.139751 0.115168 0.112312 0.115168
0 0.293422 0.252548 0.337248 0.252548 0.337248 0.291320 0.293422 0.291320
0 0.102167 0.180318 0.133462 0.180318 0.133462 0.207813 0.102167 0.207813
0 0.165580 0.089422 0.243370 0.089422 0.243370 0.149921 0.165580 0.149921
0 0.048122 0.198420 0.072557 0.198420 0.072557 0.235686 0.048122 0.235686
0 0.120607 0.230650 0.149282 0.230650 0.149282 0.274621 0.120607 0.274621
0 0.039007 0.062234 0.066793 0.062234 0.066793 0.098224 0.039007 0.098224
0 0.139741 0.025096 0.264663 0.025096 0.264663 0.135303 0.139741 0.135303
0 0.273190 0.282736 0.316557 0.282736 0.316557 0.317186 0.273190 0.317186
0 0.105636 0.142947 0.132192 0.142947 0.132192 0.177094 0.105636 0.177094
0 0.139112 0.165001 0.171803 0.165001 0.171803 0.186974 0.139112 0.186974
0 0.087002 0.077702 0.113274 0.077702 0.113274 0.118517 0.087002 0.118517
0 0.000000 0.028179 0.014290 0.028179 0.014290 0.086580 0.000000 0.086580
0 0.026243 0.177556 0.061055 0.177556 0.061055 0.221065 0.026243 0.221065
0 0.364662 0.236316 0.392979 0.236316 0.392979 0.269208 0.364662 0.269208
0 0.332766 0.315539 0.370019 0.315539 0.370019 0.351308 0.332766 0.351308
0 0.142991 0.238040 0.171391 0.238040 0.171391 0.278332 0.142991 0.278332
0 0.095403 0.197038 0.126314 0.197038 0.126314 0.222236 0.095403 0.222236
0 0.060666 0.174676 0.089536 0.174676 0.089536 0.200872 0.060666 0.200872
0 0.066603 0.075523 0.086079 0.075523 0.086079 0.118576 0.066603 0.118576
0 0.118423 0.159661 0.140251 0.159661 0.140251 0.181148 0.118423 0.181148
0 0.261590 0.373244 0.299261 0.373244 0.299261 0.419109 0.261590 0.419109
0 0.157330 0.249206 0.193655 0.249206 0.193655 0.288342 0.157330 0.288342
0 0.156709 0.207673 0.183732 0.207673 0.183732 0.230125 0.156709 0.230125
0 0.331318 0.325788 0.368743 0.325788 0.368743 0.353649 0.331318 0.353649
0 0.324030 0.343867 0.361399 0.343867 0.361399 0.368579 0.324030 0.368579
0 0.150380 0.291419 0.178992 0.291419 0.178992 0.320819 0.150380 0.320819
0 0.134484 0.198806 0.158337 0.198806 0.158337 0.219813 0.134484 0.219813
0 0.166178 0.269275 0.200999 0.269275 0.200999 0.299977 0.166178 0.299977
0 0.320434 0.345986 0.354000 0.345986 0.354000 0.372467 0.320434 0.372467
0 0.234742 0.177818 0.319970 0.177818 0.319970 0.261825 0.234742 0.261825
0 0.380145 0.258769 0.404134 0.258769 0.404134 0.284171 0.380145 0.284171
0 0.020492 0.115451 0.048899 0.115451 0.048899 0.167941 0.020492 0.167941
0 0.299628 0.336476 0.321442 0.336476 0.321442 0.355911 0.299628 0.355911
0 0.245362 0.204829 0.319571 0.204829 0.319571 0.261743 0.245362 0.261743
0 0.013074 0.170520 0.038386 0.170520 0.038386 0.207029 0.013074 0.207029
0 0.327739 0.339516 0.362680 0.339516 0.362680 0.361791 0.327739 0.361791
0 0.175372 0.148873 0.213115 0.148873 0.213115 0.175789 0.175372 0.175789
0 0.339624 0.302760 0.374336 0.302760 0.374336 0.333980 0.339624 0.333980
0 0.153801 0.218980 0.176894 0.218980 0.176894 0.237692 0.153801 0.237692
0 0.066089 0.175637 0.094401 0.175637 0.094401 0.200613 0.066089 0.200613
0 0.078301 0.176300 0.099521 0.176300 0.099521 0.205518 0.078301 0.205518
0 0.000000 0.146583 0.014467 0.146583 0.014467 0.185531 0.000000 0.185531
0 0.130831 0.213460 0.155041 0.213460 0.155041 0.233287 0.130831 0.233287
0 0.346911 0.260436 0.373245 0.260436 0.373245 0.287678 0.346911 0.287678
0 0.158174 0.193714 0.187111 0.193714 0.187111 0.219465 0.158174 0.219465
0 0.064567 0.130608 0.109555 0.130608 0.109555 0.174128 0.064567 0.174128
0 0.329268 0.330498 0.364986 0.330498 0.364986 0.355936 0.329268 0.355936
0 0.301501 0.367135 0.344022 0.367135 0.344022 0.410838 0.301501 0.410838
0 0.160373 0.255149 0.195934 0.255149 0.195934 0.292752 0.160373 0.292752
0 0.318661 0.353611 0.352482 0.353611 0.352482 0.377108 0.318661 0.377108
0 0.070133 0.176161 0.100484 0.176161 0.100484 0.203769 0.070133 0.203769
