0 0.331104 0.000374 0.416845 0.000374 0.416845 0.055666 0.331104 0.055666
0 0.204436 0.041519 0.261085 0.041519 0.261085 0.098086 0.204436 0.098086
0 0.070893 0.093434 0.131224 0.093434 0.131224 0.147620 0.070893 0.147620
0 0.049515 0.075350 0.113743 0.075350 0.113743 0.149316 0.049515 0.149316
0 0.182041 0.032666 0.216423 0.032666 0.216423 0.062599 0.182041 0.062599
0 0.168063 0.051692 0.203003 0.051692 0.203003 0.081001 0.168063 0.081001
0 0.084486 0.094730 0.165156 0.094730 0.165156 0.142613 0.084486 0.142613
0 0.213949 0.006124 0.276654 0.006124 0.276654 0.066688 0.213949 0.066688
0 0.032436 0.000278 0.071609 0.000278 0.071609 0.031524 0.032436 0.031524
0 0.027184 0.058438 0.090741 0.058438 0.090741 0.128424 0.027184 0.128424
