0 0.006693 0.066008 0.077439 0.066008 0.077439 0.106736 0.006693 0.106736
0 0.900665 0.074375 0.927826 0.074375 0.927826 0.119710 0.900665 0.119710
0 0.014147 0.092837 0.082626 0.092837 0.082626 0.125950 0.014147 0.125950
0 0.057619 0.225811 0.133599 0.225811 0.133599 0.255397 0.057619 0.255397
0 0.911454 0.042920 0.936483 0.042920 0.936483 0.066782 0.911454 0.066782
0 0.018608 0.099446 0.081390 0.099446 0.081390 0.128313 0.018608 0.128313
0 0.893446 0.010074 0.923425 0.010074 0.923425 0.034513 0.893446 0.034513
0 0.041760 0.164548 0.112811 0.164548 0.112811 0.202398 0.041760 0.202398
0 0.055422 0.206784 0.129930 0.206784 0.129930 0.242630 0.055422 0.242630
0 0.000352 0.040165 0.062440 0.040165 0.062440 0.077560 0.000352 0.077560
0 0.034759 0.142039 0.105438 0.142039 0.105438 0.179364 0.034759 0.179364
0 0.062445 0.234215 0.141054 0.234215 0.141054 0.280901 0.062445 0.280901
0 0.046611 0.183793 0.119750 0.183793 0.119750 0.219061 0.046611 0.219061
0 0.870008 0.000000 0.897258 0.000000 0.897258 0.025857 0.870008 0.025857
0 0.877831 0.014933 0.905485 0.014933 0.905485 0.048360 0.877831 0.048360
0 0.905143 0.027977 0.929701 0.027977 0.929701 0.051607 0.905143 0.051607
0 0.033376 0.131632 0.103685 0.131632 0.103685 0.168498 0.033376 0.168498
0 0.924223 0.118845 0.956165 0.118845 0.956165 0.140799 0.924223 0.140799
0 0.900480 0.026795 0.925896 0.026795 0.925896 0.048479 0.900480 0.048479
0 0.917329 0.063924 0.952709 0.063924 0.952709 0.101354 0.917329 0.101354
0 0.085436 0.004331 0.104710 0.004331 0.104710 0.026729 0.085436 0.026729
0 0.000163 0.016251 0.050754 0.016251 0.050754 0.041444 0.000163 0.041444
0 0.010914 0.086220 0.081540 0.086220 0.081540 0.119782 0.010914 0.119782
0 0.875545 0.008115 0.906934 0.008115 0.906934 0.056094 0.875545 0.056094
0 0.091054 0.023125 0.117394 0.023125 0.117394 0.044230 0.091054 0.044230
0 0.877705 0.014895 0.908432 0.014895 0.908432 0.073311 0.877705 0.073311
0 0.043439 0.175280 0.115788 0.175280 0.115788 0.209762 0.043439 0.209762
