0 0.704172 0.232354 0.726781 0.232354 0.726781 0.258236 0.704172 0.258236
0 0.406854 0.215345 0.438646 0.215345 0.438646 0.245918 0.406854 0.245918
0 0.620571 0.076526 0.647306 0.076526 0.647306 0.108698 0.620571 0.108698
0 0.652866 0.192460 0.683424 0.192460 0.683424 0.213420 0.652866 0.213420
0 0.468902 0.130360 0.509945 0.130360 0.509945 0.163749 0.468902 0.163749
0 0.821492 0.081316 0.851701 0.081316 0.851701 0.109624 0.821492 0.109624
0 0.623082 0.193223 0.653672 0.193223 0.653672 0.218942 0.623082 0.218942
0 0.663046 0.213871 0.697570 0.213871 0.697570 0.239124 0.663046 0.239124
0 0.639405 0.216894 0.672577 0.216894 0.672577 0.245375 0.639405 0.245375
0 0.631616 0.101547 0.664322 0.101547 0.664322 0.142648 0.631616 0.142648
0 0.451077 0.112460 0.489625 0.112460 0.489625 0.143362 0.451077 0.143362
0 0.548285 0.208418 0.596339 0.208418 0.596339 0.227339 0.548285 0.227339
0 0.679216 0.234515 0.706407 0.234515 0.706407 0.262835 0.679216 0.262835
0 0.506996 0.356019 0.537891 0.356019 0.537891 0.384555 0.506996 0.384555
0 0.868309 0.122383 0.904761 0.122383 0.904761 0.140028 0.868309 0.140028
0 0.691287 0.209312 0.716382 0.209312 0.716382 0.234627 0.691287 0.234627
0 0.372045 0.170515 0.405998 0.170515 0.405998 0.197650 0.372045 0.197650
0 0.655911 0.242970 0.682698 0.242970 0.682698 0.271202 0.655911 0.271202
0 0.531959 0.383379 0.561961 0.383379 0.561961 0.411792 0.531959 0.411792
0 0.691067 0.254753 0.716855 0.254753 0.716855 0.275771 0.691067 0.275771
0 0.586779 0.097031 0.609952 0.097031 0.609952 0.118645 0.586779 0.118645
0 0.591290 0.109725 0.614470 0.109725 0.614470 0.131332 0.591290 0.131332
0 0.600126 0.131078 0.626676 0.131078 0.626676 0.150306 0.600126 0.150306
0 0.484207 0.150776 0.521615 0.150776 0.521615 0.177460 0.484207 0.177460
0 0.088272 0.339228 0.112131 0.339228 0.112131 0.365131 0.088272 0.365131
0 0.703697 0.271087 0.725239 0.271087 0.725239 0.297231 0.703697 0.297231
0 0.295588 0.375442 0.351811 0.375442 0.351811 0.445169 0.295588 0.445169
0 0.026333 0.478768 0.056921 0.478768 0.056921 0.517122 0.026333 0.517122
0 0.694373 0.307467 0.719661 0.307467 0.719661 0.330723 0.694373 0.330723
0 0.669531 0.253959 0.693122 0.253959 0.693122 0.279356 0.669531 0.279356
0 0.052089 0.362545 0.078427 0.362545 0.078427 0.385296 0.052089 0.385296
0 0.753466 0.332626 0.776302 0.332626 0.776302 0.361589 0.753466 0.361589
0 0.556917 0.221378 0.608393 0.221378 0.608393 0.246209 0.556917 0.246209
0 0.898125 0.234035 0.918007 0.234035 0.918007 0.254070 0.898125 0.254070
0 0.658663 0.279810 0.683289 0.279810 0.683289 0.312304 0.658663 0.312304
0 0.729740 0.324654 0.752560 0.324654 0.752560 0.351482 0.729740 0.351482
0 0.365441 0.464995 0.396815 0.464995 0.396815 0.498560 0.365441 0.498560
0 0.007434 0.456578 0.036225 0.456578 0.036225 0.487984 0.007434 0.487984
0 0.384053 0.185245 0.417897 0.185245 0.417897 0.215107 0.384053 0.215107
0 0.220210 0.593767 0.245834 0.593767 0.245834 0.620422 0.220210 0.620422
0 0.034488 0.482193 0.064728 0.482193 0.064728 0.525716 0.034488 0.525716
0 0.178676 0.553036 0.208537 0.553036 0.208537 0.581238 0.178676 0.581238
0 0.618541 0.224328 0.639757 0.224328 0.639757 0.245714 0.618541 0.245714
0 0.511911 0.328325 0.534749 0.328325 0.534749 0.354281 0.511911 0.354281
0 0.520366 0.370760 0.548760 0.370760 0.548760 0.396386 0.520366 0.396386
0 0.379432 0.229401 0.417084 0.229401 0.417084 0.266045 0.379432 0.266045
0 0.145866 0.521372 0.172660 0.521372 0.172660 0.548241 0.145866 0.548241
0 0.397723 0.154081 0.430638 0.154081 0.430638 0.180466 0.397723 0.180466
0 0.620582 0.119200 0.643640 0.119200 0.643640 0.145639 0.620582 0.145639
0 0.805027 0.256419 0.825742 0.256419 0.825742 0.278199 0.805027 0.278199
0 0.422838 0.183214 0.459957 0.183214 0.459957 0.209653 0.422838 0.209653
0 0.683246 0.190413 0.710251 0.190413 0.710251 0.212546 0.683246 0.212546
0 0.902267 0.248380 0.926490 0.248380 0.926490 0.277279 0.902267 0.277279
0 0.457152 0.163851 0.489469 0.163851 0.489469 0.189081 0.457152 0.189081
0 0.585607 0.261759 0.633645 0.261759 0.633645 0.282248 0.585607 0.282248
0 0.481296 0.147641 0.519219 0.147641 0.519219 0.172917 0.481296 0.172917
0 0.202028 0.574825 0.228465 0.574825 0.228465 0.601798 0.202028 0.601798
0 0.609152 0.281520 0.644934 0.281520 0.644934 0.299690 0.609152 0.299690
0 0.134500 0.394944 0.155812 0.394944 0.155812 0.418562 0.134500 0.418562
0 0.715798 0.255104 0.742421 0.255104 0.742421 0.291748 0.715798 0.291748
0 0.346541 0.443280 0.377398 0.443280 0.377398 0.477436 0.346541 0.477436
0 0.398244 0.504211 0.427458 0.504211 0.427458 0.533157 0.398244 0.533157
0 0.120982 0.379080 0.143135 0.379080 0.143135 0.404568 0.120982 0.404568
0 0.945012 0.191027 0.966892 0.191027 0.966892 0.213857 0.945012 0.213857
0 0.031098 0.472295 0.058220 0.472295 0.058220 0.512816 0.031098 0.512816
0 0.176301 0.550774 0.205920 0.550774 0.205920 0.575038 0.176301 0.575038
0 0.075816 0.329613 0.100503 0.329613 0.100503 0.348453 0.075816 0.348453
0 0.014970 0.452043 0.040193 0.452043 0.040193 0.483815 0.014970 0.483815
0 0.390858 0.199107 0.427524 0.199107 0.427524 0.228529 0.390858 0.228529
0 0.197505 0.570872 0.226660 0.570872 0.226660 0.598777 0.197505 0.598777
0 0.624638 0.233145 0.649738 0.233145 0.649738 0.254959 0.624638 0.254959
0 0.762929 0.347107 0.786813 0.347107 0.786813 0.381340 0.762929 0.381340
0 0.919125 0.039443 0.939326 0.039443 0.939326 0.077831 0.919125 0.077831
0 0.158534 0.534958 0.188139 0.534958 0.188139 0.561137 0.158534 0.561137
0 0.676738 0.274540 0.698190 0.274540 0.698190 0.294932 0.676738 0.294932
0 0.038116 0.346814 0.067442 0.346814 0.067442 0.372043 0.038116 0.372043
0 0.959313 0.227001 0.980748 0.227001 0.980748 0.249455 0.959313 0.249455
0 0.112197 0.362386 0.137812 0.362386 0.137812 0.392907 0.112197 0.392907
0 0.606343 0.273815 0.642744 0.273815 0.642744 0.296428 0.606343 0.296428
0 0.342718 0.432720 0.371499 0.432720 0.371499 0.462034 0.342718 0.462034
0 0.582763 0.254140 0.630652 0.254140 0.630652 0.278579 0.582763 0.278579
0 0.645518 0.264327 0.669155 0.264327 0.669155 0.292472 0.645518 0.292472
0 0.062978 0.505554 0.087148 0.505554 0.087148 0.530821 0.062978 0.530821
0 0.575459 0.238932 0.617767 0.238932 0.617767 0.260844 0.575459 0.260844
0 0.356397 0.152220 0.387805 0.152220 0.387805 0.176046 0.356397 0.176046
0 0.686774 0.287497 0.710501 0.287497 0.710501 0.309919 0.686774 0.309919
0 0.429047 0.134191 0.460031 0.134191 0.460031 0.161389 0.429047 0.161389
0 0.579393 0.249702 0.627298 0.249702 0.627298 0.271425 0.579393 0.271425
0 0.907407 0.268686 0.931604 0.268686 0.931604 0.293277 0.907407 0.293277
0 0.814132 0.052987 0.836371 0.052987 0.836371 0.074429 0.814132 0.074429
0 0.223098 0.484547 0.249845 0.484547 0.249845 0.514009 0.223098 0.514009
0 0.018017 0.329502 0.047683 0.329502 0.047683 0.352648 0.018017 0.352648
0 0.596255 0.117566 0.622754 0.117566 0.622754 0.141231 0.596255 0.141231
0 0.575805 0.240732 0.622328 0.240732 0.622328 0.265650 0.575805 0.265650
0 0.589243 0.105478 0.613566 0.105478 0.613566 0.126801 0.589243 0.126801
0 0.814708 0.050215 0.833941 0.050215 0.833941 0.071303 0.814708 0.071303
0 0.974446 0.075063 0.996912 0.075063 0.996912 0.100668 0.974446 0.100668
0 0.409773 0.165186 0.445665 0.165186 0.445665 0.194861 0.409773 0.194861
0 0.824221 0.297675 0.845475 0.297675 0.845475 0.320660 0.824221 0.320660
0 0.066455 0.352086 0.093439 0.352086 0.093439 0.373450 0.066455 0.373450
0 0.394956 0.497911 0.426873 0.497911 0.426873 0.531216 0.394956 0.531216
0 0.816740 0.049164 0.833777 0.049164 0.833777 0.067570 0.816740 0.067570
0 0.784648 0.000317 0.807960 0.000317 0.807960 0.014730 0.784648 0.014730
0 0.708006 0.332186 0.731533 0.332186 0.731533 0.348009 0.708006 0.348009
0 0.816941 0.067823 0.841669 0.067823 0.841669 0.091706 0.816941 0.091706
0 0.723969 0.326003 0.747295 0.326003 0.747295 0.350641 0.723969 0.350641
0 0.403826 0.511584 0.428907 0.511584 0.428907 0.535218 0.403826 0.535218
0 0.888004 0.685646 0.913705 0.685646 0.913705 0.719296 0.888004 0.719296
0 0.745420 0.000225 0.767193 0.000225 0.767193 0.026095 0.745420 0.026095
0 0.439105 0.200916 0.464666 0.200916 0.464666 0.223084 0.439105 0.223084
0 0.859668 0.146577 0.880543 0.146577 0.880543 0.168146 0.859668 0.168146
0 0.062639 0.344078 0.088490 0.344078 0.088490 0.372259 0.062639 0.372259
0 0.895991 0.191186 0.919573 0.191186 0.919573 0.211495 0.895991 0.211495
0 0.485774 0.158213 0.525023 0.158213 0.525023 0.181144 0.485774 0.181144
0 0.704875 0.189433 0.771301 0.189433 0.771301 0.258907 0.704875 0.258907
0 0.377019 0.482833 0.408183 0.482833 0.408183 0.510252 0.377019 0.510252
0 0.772042 0.022562 0.794964 0.022562 0.794964 0.060074 0.772042 0.060074
0 0.032216 0.470338 0.063943 0.470338 0.063943 0.517763 0.032216 0.517763
0 0.387645 0.190242 0.423328 0.190242 0.423328 0.221712 0.387645 0.221712
0 0.495853 0.176852 0.528340 0.176852 0.528340 0.207029 0.495853 0.207029
0 0.741507 0.349153 0.767059 0.349153 0.767059 0.388310 0.741507 0.388310
0 0.905542 0.189273 0.927137 0.189273 0.927137 0.210397 0.905542 0.210397
0 0.453682 0.295346 0.482313 0.295346 0.482313 0.322339 0.453682 0.322339
0 0.004308 0.324362 0.036762 0.324362 0.036762 0.345390 0.004308 0.345390
0 0.241581 0.504748 0.269995 0.504748 0.269995 0.541202 0.241581 0.541202
0 0.344706 0.435819 0.375263 0.435819 0.375263 0.470080 0.344706 0.470080
0 0.173315 0.580939 0.205029 0.580939 0.205029 0.620818 0.173315 0.620818
0 0.876262 0.202252 0.894750 0.202252 0.894750 0.230709 0.876262 0.230709
0 0.744380 0.356018 0.768243 0.356018 0.768243 0.391524 0.744380 0.391524
0 0.601640 0.125859 0.629919 0.125859 0.629919 0.150502 0.601640 0.150502
0 0.894756 0.162710 0.917195 0.162710 0.917195 0.185291 0.894756 0.185291
0 0.063283 0.480514 0.087571 0.480514 0.087571 0.531243 0.063283 0.531243
0 0.488060 0.303392 0.519177 0.303392 0.519177 0.334571 0.488060 0.334571
0 0.504571 0.180304 0.530860 0.180304 0.530860 0.209432 0.504571 0.209432
