0 0.668745 0.126825 0.701749 0.126825 0.701749 0.167981 0.668745 0.167981
0 0.653836 0.219598 0.693574 0.219598 0.693574 0.275044 0.653836 0.275044
0 0.662206 0.186704 0.692573 0.186704 0.692573 0.227876 0.662206 0.227876
0 0.692428 0.198195 0.726874 0.198195 0.726874 0.233024 0.692428 0.233024
0 0.551861 0.079649 0.610342 0.079649 0.610342 0.104348 0.551861 0.104348
0 0.454452 0.124041 0.487743 0.124041 0.487743 0.142909 0.454452 0.142909
0 0.550321 0.206972 0.623589 0.206972 0.623589 0.274160 0.550321 0.274160
0 0.684240 0.256180 0.713026 0.256180 0.713026 0.284518 0.684240 0.284518
0 0.519062 0.165829 0.550852 0.165829 0.550852 0.208012 0.519062 0.208012
0 0.688544 0.226006 0.718823 0.226006 0.718823 0.265968 0.688544 0.265968
0 0.607357 0.079314 0.657746 0.079314 0.657746 0.125101 0.607357 0.125101
0 0.603857 0.121821 0.646573 0.121821 0.646573 0.141406 0.603857 0.141406
0 0.711051 0.169332 0.751212 0.169332 0.751212 0.213202 0.711051 0.213202
0 0.553433 0.105045 0.607695 0.105045 0.607695 0.127625 0.553433 0.127625
0 0.486673 0.080687 0.551259 0.080687 0.551259 0.124450 0.486673 0.124450
0 0.711405 0.238802 0.741677 0.238802 0.741677 0.277058 0.711405 0.277058
0 0.453671 0.080951 0.486671 0.080951 0.486671 0.122020 0.453671 0.122020
0 0.423138 0.632898 0.553529 0.632898 0.553529 0.701115 0.423138 0.701115
0 0.698238 0.017410 0.757067 0.017410 0.757067 0.062037 0.698238 0.062037
0 0.551847 0.268015 0.598184 0.268015 0.598184 0.326911 0.551847 0.326911
0 0.549569 0.708874 0.607734 0.708874 0.607734 0.763136 0.549569 0.763136
0 0.666741 0.161274 0.698841 0.161274 0.698841 0.195204 0.666741 0.195204
0 0.488031 0.124625 0.521531 0.124625 0.521531 0.161816 0.488031 0.161816
0 0.720993 0.209144 0.749850 0.209144 0.749850 0.242398 0.720993 0.242398
0 0.716903 0.150639 0.752552 0.150639 0.752552 0.177983 0.716903 0.177983
0 0.718685 0.139286 0.755882 0.139286 0.755882 0.171069 0.718685 0.171069
0 0.494884 0.706589 0.553090 0.706589 0.553090 0.761924 0.494884 0.761924
0 0.555420 0.671520 0.606120 0.671520 0.606120 0.708177 0.555420 0.708177
0 0.628852 0.214265 0.663694 0.214265 0.663694 0.241847 0.628852 0.241847
0 0.717459 0.000000 0.772103 0.000000 0.772103 0.028271 0.717459 0.028271
0 0.639609 0.174040 0.666220 0.174040 0.666220 0.214296 0.639609 0.214296
0 0.554214 0.165556 0.637128 0.165556 0.637128 0.222468 0.554214 0.222468
0 0.686522 0.224459 0.716377 0.224459 0.716377 0.281692 0.686522 0.281692
0 0.749584 0.161847 0.770390 0.161847 0.770390 0.205142 0.749584 0.205142
0 0.576457 0.308005 0.669081 0.308005 0.669081 0.409613 0.576457 0.409613
0 0.440418 0.581773 0.546060 0.581773 0.546060 0.640917 0.440418 0.640917
0 0.693330 0.171290 0.714630 0.171290 0.714630 0.198255 0.693330 0.198255
0 0.488909 0.164383 0.518890 0.164383 0.518890 0.207121 0.488909 0.207121
0 0.740724 0.027615 0.782539 0.027615 0.782539 0.071864 0.740724 0.071864
0 0.700419 0.136816 0.716415 0.136816 0.716415 0.171401 0.700419 0.171401
0 0.519491 0.125278 0.549909 0.125278 0.549909 0.145427 0.519491 0.145427
0 0.617868 0.042224 0.647377 0.042224 0.647377 0.073983 0.617868 0.073983
0 0.767183 0.000291 0.802735 0.000291 0.802735 0.030409 0.767183 0.030409
0 0.520170 0.207240 0.550170 0.207240 0.550170 0.242284 0.520170 0.242284
0 0.424251 0.082735 0.456059 0.082735 0.456059 0.123253 0.424251 0.123253
0 0.602571 0.123069 0.646733 0.123069 0.646733 0.150462 0.602571 0.150462
0 0.552155 0.124853 0.604408 0.124853 0.604408 0.164882 0.552155 0.164882
0 0.514224 0.079644 0.551360 0.079644 0.551360 0.124900 0.514224 0.124900
0 0.551179 0.103491 0.592552 0.103491 0.592552 0.126111 0.551179 0.126111
0 0.648372 0.154204 0.668545 0.154204 0.668545 0.178418 0.648372 0.178418
0 0.454338 0.141588 0.486963 0.141588 0.486963 0.159783 0.454338 0.159783
0 0.563704 0.131846 0.645645 0.131846 0.645645 0.165718 0.563704 0.165718
0 0.758415 0.019985 0.787632 0.019985 0.787632 0.045508 0.758415 0.045508
0 0.553556 0.132631 0.644759 0.132631 0.644759 0.181227 0.553556 0.181227
0 0.680807 0.000517 0.718672 0.000517 0.718672 0.050957 0.680807 0.050957
0 0.571628 0.310310 0.665382 0.310310 0.665382 0.372661 0.571628 0.372661
