0 0.7544 70.32 481.39 91.20 497.13
0 0.7204 47.78 485.02 66.66 502.04
0 0.7178 54.63 493.03 76.19 511.63
0 0.7116 100.49 512.92 121.27 531.61
0 0.7106 93.90 473.03 114.29 491.58
0 0.6897 112.21 489.80 131.55 510.83
0 0.6729 120.51 466.95 139.21 484.44
0 0.6623 61.91 502.49 83.32 519.75
0 0.6616 150.42 469.82 170.04 487.14
0 0.6600 55.82 526.52 74.86 544.60
0 0.6331 69.26 511.41 90.68 529.21
0 0.6277 79.17 486.92 97.45 502.64
0 0.6265 49.02 518.37 66.77 534.39
0 0.6256 94.29 503.78 114.72 524.27
0 0.6188 111.67 522.92 130.75 540.13
0 0.6146 0.08 441.41 26.36 461.33
0 0.6101 143.17 461.46 160.86 477.54
0 0.6097 43.97 510.24 58.80 524.03
0 0.6050 105.10 481.54 123.23 502.60
0 0.6039 110.12 464.35 129.85 478.68
0 0.6002 158.87 448.93 177.24 465.91
0 0.5980 168.31 456.98 184.54 473.92
0 0.5953 87.58 496.05 105.94 513.28
0 0.5885 110.11 486.25 129.90 508.46
0 0.5614 60.81 534.57 81.17 552.47
0 0.5492 181.25 478.75 196.65 493.15
0 0.5342 104.19 545.39 122.97 559.72
0 0.5322 158.66 479.99 177.70 493.22
0 0.5256 78.06 519.28 97.38 535.07
0 0.5250 80.08 552.99 100.35 566.17
0 0.5140 120.37 499.47 138.76 517.97
0 0.5102 130.22 476.88 146.22 492.13
0 0.5026 181.82 445.44 197.22 461.72
0 0.4709 36.57 498.54 51.23 515.71
0 0.4293 71.55 513.35 92.42 532.20
0 0.4143 68.18 545.81 87.82 562.19
0 0.4019 117.21 466.41 137.30 482.78
0 0.4014 80.85 488.96 99.68 507.17
