0 0.239110 0.244830 0.292257 0.244830 0.292257 0.301790 0.239110 0.301790
0 0.029456 0.102232 0.099106 0.102232 0.099106 0.185380 0.029456 0.185380
0 0.131411 0.347004 0.183516 0.347004 0.183516 0.378041 0.131411 0.378041
0 0.044354 0.311566 0.135992 0.311566 0.135992 0.377950 0.044354 0.377950
0 0.253229 0.176591 0.299024 0.176591 0.299024 0.257887 0.253229 0.257887
0 0.184836 0.378362 0.246197 0.378362 0.246197 0.429945 0.184836 0.429945
0 0.326169 0.307734 0.381649 0.307734 0.381649 0.355881 0.326169 0.355881
0 0.140938 0.324956 0.185722 0.324956 0.185722 0.351158 0.140938 0.351158
0 0.000000 0.021360 0.091359 0.021360 0.091359 0.131894 0.000000 0.131894
0 0.304313 0.291854 0.344351 0.291854 0.344351 0.330969 0.304313 0.330969
0 0.297009 0.245439 0.355174 0.245439 0.355174 0.309868 0.297009 0.309868
0 0.950297 0.126456 1.000000 0.126456 1.000000 0.174161 0.950297 0.174161
0 0.126014 0.371164 0.183306 0.371164 0.183306 0.410133 0.126014 0.410133
0 0.113057 0.465501 0.174373 0.465501 0.174373 0.499707 0.113057 0.499707
0 0.560455 0.344641 0.630523 0.344641 0.630523 0.406685 0.560455 0.406685
0 0.185073 0.322397 0.281203 0.322397 0.281203 0.412482 0.185073 0.412482
0 0.218834 0.159187 0.260093 0.159187 0.260093 0.200809 0.218834 0.200809
0 0.847911 0.317060 0.930151 0.317060 0.930151 0.407599 0.847911 0.407599
0 0.892823 0.511489 0.948669 0.511489 0.948669 0.563922 0.892823 0.563922
0 0.274112 0.272927 0.314584 0.272927 0.314584 0.315191 0.274112 0.315191
0 0.365971 0.319552 0.405783 0.319552 0.405783 0.373110 0.365971 0.373110
0 0.105833 0.426789 0.177277 0.426789 0.177277 0.470121 0.105833 0.470121
0 0.119147 0.399695 0.180612 0.399695 0.180612 0.434087 0.119147 0.434087
0 0.108447 0.413511 0.178302 0.413511 0.178302 0.466100 0.108447 0.466100
0 0.266650 0.170801 0.313154 0.170801 0.313154 0.233514 0.266650 0.233514
0 0.051652 0.291415 0.142869 0.291415 0.142869 0.335807 0.051652 0.335807
0 0.295224 0.171514 0.323376 0.171514 0.323376 0.232317 0.295224 0.232317
0 0.145713 0.297675 0.186558 0.297675 0.186558 0.322058 0.145713 0.322058
0 0.000387 0.000097 0.083021 0.000097 0.083021 0.062549 0.000387 0.062549
0 0.191652 0.292003 0.310005 0.292003 0.310005 0.370927 0.191652 0.370927
0 0.216703 0.181070 0.253127 0.181070 0.253127 0.212625 0.216703 0.212625
0 0.930120 0.149313 0.985228 0.149313 0.985228 0.194697 0.930120 0.194697
0 0.931518 0.104675 0.972857 0.104675 0.972857 0.135617 0.931518 0.135617
0 0.433678 0.375244 0.487825 0.375244 0.487825 0.416227 0.433678 0.416227
0 0.917834 0.167957 0.964064 0.167957 0.964064 0.211723 0.917834 0.211723
0 0.873418 0.288259 0.974961 0.288259 0.974961 0.391006 0.873418 0.391006
0 0.217479 0.207042 0.250927 0.207042 0.250927 0.233615 0.217479 0.233615
0 0.196267 0.012623 0.222675 0.012623 0.222675 0.043310 0.196267 0.043310
0 0.958046 0.083832 0.998939 0.083832 0.998939 0.123323 0.958046 0.123323
0 0.886493 0.256156 0.982144 0.256156 0.982144 0.360800 0.886493 0.360800
0 0.561161 0.206149 0.604955 0.206149 0.604955 0.293455 0.561161 0.293455
0 0.221141 0.229651 0.247938 0.229651 0.247938 0.271610 0.221141 0.271610
0 0.000597 0.126178 0.048265 0.126178 0.048265 0.199160 0.000597 0.199160
0 0.428158 0.000075 0.475504 0.000075 0.475504 0.016368 0.428158 0.016368
0 0.135963 0.492941 0.183581 0.492941 0.183581 0.534359 0.135963 0.534359
0 0.573830 0.133294 0.653944 0.133294 0.653944 0.203254 0.573830 0.203254
0 0.817771 0.276459 0.866144 0.276459 0.866144 0.330459 0.817771 0.330459
0 0.867029 0.452702 0.958368 0.452702 0.958368 0.557555 0.867029 0.557555
0 0.114297 0.395785 0.181680 0.395785 0.181680 0.453954 0.114297 0.453954
0 0.941518 0.066274 0.977199 0.066274 0.977199 0.103609 0.941518 0.103609
0 0.421386 0.336504 0.464657 0.336504 0.464657 0.408649 0.421386 0.408649
0 0.804078 0.393296 0.878037 0.393296 0.878037 0.421241 0.804078 0.421241
0 0.949638 0.189211 0.999846 0.189211 0.999846 0.268203 0.949638 0.268203
0 0.029175 0.167834 0.107775 0.167834 0.107775 0.285968 0.029175 0.285968
0 0.100590 0.467559 0.126503 0.467559 0.126503 0.498891 0.100590 0.498891
0 0.034050 0.354986 0.110201 0.354986 0.110201 0.436228 0.034050 0.436228
0 0.920481 0.225915 0.996467 0.225915 0.996467 0.311709 0.920481 0.311709
0 0.796894 0.360788 0.872467 0.360788 0.872467 0.396483 0.796894 0.396483
0 0.441832 0.005274 0.502994 0.005274 0.502994 0.054929 0.441832 0.054929
0 0.000000 0.188966 0.050854 0.188966 0.050854 0.287468 0.000000 0.287468
0 0.126175 0.499853 0.153341 0.499853 0.153341 0.561181 0.126175 0.561181
0 0.767358 0.340534 0.807055 0.340534 0.807055 0.378022 0.767358 0.378022
0 0.915798 0.119096 0.950331 0.119096 0.950331 0.150147 0.915798 0.150147
0 0.963050 0.029299 0.999709 0.029299 0.999709 0.076934 0.963050 0.076934
0 0.197574 0.000286 0.219757 0.000286 0.219757 0.010407 0.197574 0.010407
0 0.393854 0.324126 0.429285 0.324126 0.429285 0.399557 0.393854 0.399557
0 0.303323 0.335840 0.334115 0.335840 0.334115 0.361868 0.303323 0.361868
0 0.780770 0.462595 0.854672 0.462595 0.854672 0.489672 0.780770 0.489672
0 0.982956 0.070056 0.999656 0.070056 0.999656 0.099121 0.982956 0.099121
0 0.039465 0.338565 0.112349 0.338565 0.112349 0.398271 0.039465 0.398271
0 0.045931 0.167202 0.115763 0.167202 0.115763 0.273940 0.045931 0.273940
0 0.984946 0.171866 0.999669 0.171866 0.999669 0.199837 0.984946 0.199837
0 0.787154 0.337727 0.847251 0.337727 0.847251 0.370054 0.787154 0.370054
0 0.556798 0.287964 0.588667 0.287964 0.588667 0.339456 0.556798 0.339456
0 0.051988 0.349190 0.120143 0.349190 0.120143 0.407878 0.051988 0.407878
0 0.930331 0.374145 0.984568 0.374145 0.984568 0.449889 0.930331 0.449889
0 0.069923 0.429997 0.106370 0.429997 0.106370 0.476921 0.069923 0.476921
0 0.029976 0.364111 0.078227 0.364111 0.078227 0.440255 0.029976 0.440255
0 0.168249 0.641881 0.207647 0.641881 0.207647 0.694897 0.168249 0.694897
0 0.720975 0.388012 0.751335 0.388012 0.751335 0.473304 0.720975 0.473304
0 0.285853 0.170278 0.323054 0.170278 0.323054 0.235325 0.285853 0.235325
0 0.717408 0.386471 0.747619 0.386471 0.747619 0.460854 0.717408 0.460854
0 0.043642 0.379406 0.113019 0.379406 0.113019 0.440379 0.043642 0.440379
0 0.053976 0.431353 0.096243 0.431353 0.096243 0.484917 0.053976 0.484917
0 0.024321 0.409175 0.093200 0.409175 0.093200 0.490226 0.024321 0.490226
0 0.778957 0.306120 0.835396 0.306120 0.835396 0.347954 0.778957 0.347954
0 0.887823 0.378605 0.974392 0.378605 0.974392 0.451903 0.887823 0.451903
0 0.459430 0.054221 0.482595 0.054221 0.482595 0.109193 0.459430 0.109193
0 0.000604 0.499047 0.078543 0.499047 0.078543 0.598078 0.000604 0.598078
0 0.025517 0.434654 0.092406 0.434654 0.092406 0.488562 0.025517 0.488562
0 0.011287 0.460519 0.094049 0.460519 0.094049 0.558338 0.011287 0.558338
0 0.546978 0.151274 0.600039 0.151274 0.600039 0.212310 0.546978 0.212310
0 0.728658 0.414858 0.761121 0.414858 0.761121 0.469246 0.728658 0.469246
0 0.985839 0.109278 0.999806 0.109278 0.999806 0.134442 0.985839 0.134442
0 0.636441 0.097059 0.727518 0.097059 0.727518 0.190643 0.636441 0.190643
0 0.218676 0.174481 0.258744 0.174481 0.258744 0.202867 0.218676 0.202867
0 0.578647 0.295640 0.638837 0.295640 0.638837 0.345644 0.578647 0.345644
