0 0.451563 0.189701 0.994240 0.189701 0.994240 0.243050 0.451563 0.243050
0 0.643588 0.914264 1.000000 0.914264 1.000000 0.993468 0.643588 0.993468
0 0.000000 0.692851 0.566870 0.692851 0.566870 0.870292 0.000000 0.870292
0 0.433122 0.144978 0.998013 0.144978 0.998013 0.192558 0.433122 0.192558
0 0.000000 0.610962 0.152561 0.610962 0.152561 0.656271 0.000000 0.656271
0 0.116411 0.615978 1.000000 0.615978 1.000000 0.788628 0.116411 0.788628
0 0.006271 0.500024 0.520803 0.500024 0.520803 0.556072 0.006271 0.556072
0 0.000000 0.539999 0.154246 0.539999 0.154246 0.606063 0.000000 0.606063
0 0.796717 0.968161 0.999010 0.968161 0.999010 0.999433 0.796717 0.999433
0 0.061856 0.903732 0.613679 0.903732 0.613679 0.985591 0.061856 0.985591
0 0.000000 0.823656 0.138578 0.823656 0.138578 0.877605 0.000000 0.877605
0 0.615090 0.863028 1.000000 0.863028 1.000000 0.947161 0.615090 0.947161
0 0.604089 0.882262 0.982024 0.882262 0.982024 0.944139 0.604089 0.944139
0 0.013860 0.629869 0.963856 0.629869 0.963856 0.850394 0.013860 0.850394
0 0.349191 0.564579 0.858339 0.564579 0.858339 0.675628 0.349191 0.675628
