0 0.107325 0.049876 0.143990 0.049876 0.143990 0.083851 0.107325 0.083851
0 0.198436 0.247753 0.255860 0.247753 0.255860 0.292319 0.198436 0.292319
0 0.060170 0.845976 0.091962 0.845976 0.091962 0.887657 0.060170 0.887657
0 0.254064 0.159289 0.271756 0.159289 0.271756 0.189028 0.254064 0.189028
0 0.132524 0.241717 0.166701 0.241717 0.166701 0.263925 0.132524 0.263925
0 0.432352 0.814367 0.458203 0.814367 0.458203 0.835848 0.432352 0.835848
0 0.015004 0.864101 0.037225 0.864101 0.037225 0.912141 0.015004 0.912141
0 0.539901 0.310346 0.566661 0.310346 0.566661 0.327719 0.539901 0.327719
0 0.092903 0.051744 0.116239 0.051744 0.116239 0.090763 0.092903 0.090763
0 0.378281 0.855965 0.393340 0.855965 0.393340 0.889321 0.378281 0.889321
0 0.087107 0.230221 0.120434 0.230221 0.120434 0.255489 0.087107 0.255489
0 0.231920 0.167159 0.249985 0.167159 0.249985 0.198861 0.231920 0.198861
0 0.056606 0.066205 0.081401 0.066205 0.081401 0.109127 0.056606 0.109127
0 0.389820 0.829316 0.412688 0.829316 0.412688 0.850079 0.389820 0.850079
0 0.522465 0.298535 0.539347 0.298535 0.539347 0.313349 0.522465 0.313349
0 0.465624 0.805855 0.495196 0.805855 0.495196 0.826915 0.465624 0.826915
0 0.104330 0.242826 0.127969 0.242826 0.127969 0.261359 0.104330 0.261359
0 0.060172 0.064838 0.086369 0.064838 0.086369 0.106696 0.060172 0.106696
0 0.007508 0.308182 0.029198 0.308182 0.029198 0.328151 0.007508 0.328151
0 0.483436 0.528745 0.505881 0.528745 0.505881 0.545377 0.483436 0.545377
0 0.463044 0.829959 0.482142 0.829959 0.482142 0.850585 0.463044 0.850585
0 0.407817 0.848246 0.423913 0.848246 0.423913 0.876995 0.407817 0.876995
0 0.040993 0.073707 0.066165 0.073707 0.066165 0.115190 0.040993 0.115190
0 0.036558 0.826531 0.054847 0.826531 0.054847 0.849372 0.036558 0.849372
0 0.410218 0.825993 0.433308 0.825993 0.433308 0.841245 0.410218 0.841245
0 0.516735 0.411478 0.551232 0.411478 0.551232 0.424982 0.516735 0.424982
0 0.136976 0.259391 0.166601 0.259391 0.166601 0.281510 0.136976 0.281510
0 0.013117 0.087366 0.037181 0.087366 0.037181 0.132953 0.013117 0.132953
0 0.007724 0.088234 0.030982 0.088234 0.030982 0.135821 0.007724 0.135821
0 0.206289 0.762674 0.223799 0.762674 0.223799 0.781797 0.206289 0.781797
0 0.413283 0.822085 0.434899 0.822085 0.434899 0.840280 0.413283 0.840280
0 0.477942 0.825909 0.499506 0.825909 0.499506 0.846089 0.477942 0.846089
0 0.501411 0.833283 0.516008 0.833283 0.516008 0.858210 0.501411 0.858210
0 0.023100 0.621952 0.041986 0.621952 0.041986 0.640639 0.023100 0.640639
0 0.522475 0.202140 0.543441 0.202140 0.543441 0.219123 0.522475 0.219123
0 0.210364 0.334602 0.313407 0.334602 0.313407 0.392492 0.210364 0.392492
0 0.452289 0.448095 0.471446 0.448095 0.471446 0.466208 0.452289 0.466208
0 0.524686 0.261134 0.553226 0.261134 0.553226 0.277113 0.524686 0.277113
0 0.016319 0.085205 0.043026 0.085205 0.043026 0.128796 0.016319 0.128796
0 0.446290 0.467549 0.467749 0.467549 0.467749 0.483660 0.446290 0.483660
0 0.131347 0.790994 0.149551 0.790994 0.149551 0.813492 0.131347 0.813492
0 0.063306 0.062144 0.091305 0.062144 0.091305 0.104476 0.063306 0.104476
0 0.017824 0.830828 0.037013 0.830828 0.037013 0.856621 0.017824 0.856621
0 0.131575 0.304762 0.156715 0.304762 0.156715 0.322216 0.131575 0.322216
0 0.182938 0.191325 0.200165 0.191325 0.200165 0.226721 0.182938 0.226721
0 0.576158 0.290692 0.601254 0.290692 0.601254 0.305940 0.576158 0.305940
0 0.516246 0.432715 0.552359 0.432715 0.552359 0.447552 0.516246 0.447552
0 0.002094 0.645403 0.027883 0.645403 0.027883 0.667647 0.002094 0.667647
0 0.543322 0.291536 0.573042 0.291536 0.573042 0.310430 0.543322 0.310430
0 0.210499 0.179486 0.226084 0.179486 0.226084 0.210750 0.210499 0.210750
0 0.000000 0.838861 0.014448 0.838861 0.014448 0.865936 0.000000 0.865936
0 0.042461 0.856173 0.060477 0.856173 0.060477 0.901159 0.042461 0.901159
0 0.514646 0.451329 0.545393 0.451329 0.545393 0.468948 0.514646 0.468948
0 0.522694 0.240982 0.552726 0.240982 0.552726 0.253628 0.522694 0.253628
0 0.226857 0.169383 0.247234 0.169383 0.247234 0.200695 0.226857 0.200695
0 0.426347 0.844062 0.440354 0.844062 0.440354 0.872609 0.426347 0.872609
0 0.491929 0.576634 0.512646 0.576634 0.512646 0.591405 0.491929 0.591405
0 0.007445 0.000330 0.030338 0.000330 0.030338 0.013749 0.007445 0.013749
0 0.030376 0.856769 0.053924 0.856769 0.053924 0.902836 0.030376 0.902836
0 0.081246 0.056007 0.101765 0.056007 0.101765 0.096437 0.081246 0.096437
0 0.542100 0.347519 0.566467 0.347519 0.566467 0.365895 0.542100 0.365895
0 0.020418 0.639846 0.040913 0.639846 0.040913 0.659097 0.020418 0.659097
0 0.126693 0.793031 0.147127 0.793031 0.147127 0.815692 0.126693 0.815692
0 0.021600 0.084030 0.047015 0.084030 0.047015 0.128165 0.021600 0.128165
0 0.508823 0.523310 0.524200 0.523310 0.524200 0.544971 0.508823 0.544971
0 0.093302 0.237450 0.123217 0.237450 0.123217 0.256348 0.093302 0.256348
0 0.135727 0.256540 0.167136 0.256540 0.167136 0.277052 0.135727 0.277052
0 0.032746 0.826081 0.051765 0.826081 0.051765 0.850157 0.032746 0.850157
0 0.160264 0.779954 0.175388 0.779954 0.175388 0.803873 0.160264 0.803873
0 0.150909 0.787012 0.168683 0.787012 0.168683 0.806588 0.150909 0.806588
0 0.169717 0.776963 0.184752 0.776963 0.184752 0.799251 0.169717 0.799251
0 0.229315 0.752022 0.249952 0.752022 0.249952 0.774087 0.229315 0.774087
0 0.212432 0.177059 0.230338 0.177059 0.230338 0.207376 0.212432 0.207376
0 0.015738 0.325763 0.034627 0.325763 0.034627 0.345502 0.015738 0.345502
0 0.202741 0.180685 0.221449 0.180685 0.221449 0.212860 0.202741 0.212860
0 0.152971 0.298646 0.170942 0.298646 0.170942 0.315768 0.152971 0.315768
