0 0.8006 591.07 359.88 618.45 388.15
0 0.7849 530.42 396.35 548.56 415.30
0 0.7804 608.16 334.04 631.07 360.59
0 0.7739 598.64 325.39 615.10 338.75
0 0.7706 550.03 475.24 564.54 495.01
0 0.7655 514.48 515.22 534.38 528.11
0 0.7410 573.90 355.45 601.27 376.32
0 0.7357 549.28 372.82 566.33 396.49
0 0.7332 562.89 376.00 583.29 398.58
0 0.7324 523.69 366.57 540.35 388.21
0 0.7306 537.34 369.56 552.77 391.42
0 0.7296 539.18 522.31 559.16 536.28
0 0.7286 496.18 459.01 508.72 478.07
0 0.7206 579.74 381.63 605.11 403.79
0 0.7130 600.67 317.35 625.04 330.83
0 0.7051 499.71 485.65 512.26 505.69
0 0.6998 587.73 305.89 600.49 332.10
0 0.6983 532.12 495.06 544.99 515.94
0 0.6982 554.59 502.38 567.23 522.67
0 0.6923 582.69 483.60 596.96 503.80
0 0.6918 575.62 508.03 588.04 529.15
0 0.6584 558.27 405.60 569.65 421.10
0 0.6543 529.08 467.82 541.53 487.20
0 0.6530 586.87 511.86 599.71 532.34
0 0.6484 594.67 337.37 609.78 350.15
0 0.6381 508.15 463.14 519.45 481.13
0 0.6343 599.10 513.52 611.49 535.39
0 0.6342 571.32 409.31 589.39 421.22
0 0.6278 522.21 493.92 534.33 511.59
0 0.6182 489.32 481.38 503.53 503.38
0 0.6171 476.09 479.83 489.36 499.82
0 0.6130 601.94 491.24 616.18 511.58
0 0.6086 510.04 489.66 523.11 509.12
0 0.6057 570.92 481.19 584.27 501.00
0 0.6046 539.18 472.22 551.13 491.23
0 0.5703 543.96 498.59 559.82 518.60
0 0.5602 605.28 516.83 619.11 538.96
0 0.5227 517.41 465.28 529.11 485.28
0 0.5210 595.76 335.84 611.48 351.46
0 0.5129 609.35 570.95 631.59 587.15
0 0.5092 562.83 479.63 575.51 498.56
0 0.5049 594.70 488.07 607.64 507.37
0 0.5048 530.97 469.74 542.58 487.81
0 0.5019 619.07 524.27 630.35 542.82
0 0.4810 524.68 468.65 541.72 487.60
0 0.4630 426.57 617.66 441.19 630.75
0 0.4630 524.33 493.37 535.97 512.59
0 0.4606 613.66 518.62 623.74 538.85
0 0.4562 561.44 426.31 579.38 439.13
0 0.4365 565.27 504.25 577.58 525.64
0 0.4153 549.25 404.50 560.25 419.41
