0 0.739030 0.086709 0.793030 0.086709 0.793030 0.108468 0.739030 0.108468
0 0.871271 0.093159 0.923201 0.093159 0.923201 0.169442 0.871271 0.169442
0 0.898473 0.104989 0.948779 0.104989 0.948779 0.179838 0.898473 0.179838
0 0.468938 0.633153 0.499868 0.633153 0.499868 0.674445 0.468938 0.674445
0 0.604643 0.043077 0.633045 0.043077 0.633045 0.070764 0.604643 0.070764
0 0.911906 0.273658 0.964863 0.273658 0.964863 0.357580 0.911906 0.357580
0 0.888162 0.268328 0.938533 0.268328 0.938533 0.345677 0.888162 0.345677
0 0.873412 0.188327 0.912358 0.188327 0.912358 0.215245 0.873412 0.215245
0 0.941787 0.206974 0.990681 0.206974 0.990681 0.280785 0.941787 0.280785
0 0.933146 0.069219 0.975171 0.069219 0.975171 0.115231 0.933146 0.115231
0 0.453232 0.585146 0.483937 0.585146 0.483937 0.623301 0.453232 0.623301
0 0.916854 0.196114 0.967032 0.196114 0.967032 0.269277 0.916854 0.269277
0 0.939663 0.301688 0.980912 0.301688 0.980912 0.365936 0.939663 0.365936
0 0.894493 0.186967 0.942268 0.186967 0.942268 0.261776 0.894493 0.261776
0 0.443490 0.520205 0.478054 0.520205 0.478054 0.569525 0.443490 0.569525
0 0.761743 0.264702 0.784116 0.264702 0.784116 0.309434 0.761743 0.309434
0 0.441062 0.630682 0.471567 0.630682 0.471567 0.670267 0.441062 0.670267
0 0.754674 0.174074 0.807118 0.174074 0.807118 0.192037 0.754674 0.192037
0 0.868868 0.084429 0.897270 0.084429 0.897270 0.121106 0.868868 0.121106
0 0.414629 0.519476 0.447687 0.519476 0.447687 0.568539 0.414629 0.568539
0 0.835625 0.260312 0.875583 0.260312 0.875583 0.304596 0.835625 0.304596
0 0.870904 0.167103 0.915862 0.167103 0.915862 0.195245 0.870904 0.195245
0 0.961130 0.312579 0.999419 0.312579 0.999419 0.373329 0.961130 0.373329
0 0.471238 0.408273 0.518021 0.408273 0.518021 0.447619 0.471238 0.447619
0 0.864555 0.255283 0.914227 0.255283 0.914227 0.321297 0.864555 0.321297
0 0.762572 0.225052 0.813693 0.225052 0.813693 0.243373 0.762572 0.243373
0 0.597775 0.010116 0.627713 0.010116 0.627713 0.042186 0.597775 0.042186
0 0.730623 0.038772 0.782329 0.038772 0.782329 0.058010 0.730623 0.058010
0 0.365034 0.622449 0.389918 0.622449 0.389918 0.660730 0.365034 0.660730
0 0.851895 0.311301 0.910054 0.311301 0.910054 0.366720 0.851895 0.366720
0 0.793674 0.087378 0.845435 0.087378 0.845435 0.105972 0.793674 0.105972
0 0.481715 0.584527 0.511996 0.584527 0.511996 0.624276 0.481715 0.624276
0 0.511520 0.420500 0.539795 0.420500 0.539795 0.468367 0.511520 0.468367
0 0.767440 0.415533 0.796478 0.415533 0.796478 0.441791 0.767440 0.441791
0 0.264975 0.497426 0.286798 0.497426 0.286798 0.532041 0.264975 0.532041
0 0.968990 0.075960 0.999023 0.075960 0.999023 0.128095 0.968990 0.128095
0 0.808894 0.186104 0.861769 0.186104 0.861769 0.207087 0.808894 0.207087
0 0.694910 0.071328 0.717167 0.071328 0.717167 0.097142 0.694910 0.097142
0 0.920501 0.116248 0.963746 0.116248 0.963746 0.187759 0.920501 0.187759
0 0.623129 0.009711 0.645040 0.009711 0.645040 0.039885 0.623129 0.039885
0 0.805008 0.459650 0.832755 0.459650 0.832755 0.489791 0.805008 0.489791
0 0.878914 0.036265 0.910509 0.036265 0.910509 0.066814 0.878914 0.066814
0 0.416355 0.579936 0.441642 0.579936 0.441642 0.618855 0.416355 0.618855
0 0.363246 0.668424 0.398962 0.668424 0.398962 0.698962 0.363246 0.698962
0 0.967969 0.231239 0.999591 0.231239 0.999591 0.298399 0.967969 0.298399
0 0.629658 0.040336 0.652537 0.040336 0.652537 0.069648 0.629658 0.069648
0 0.378449 0.575203 0.415533 0.575203 0.415533 0.616737 0.378449 0.616737
0 0.927944 0.014852 0.972061 0.014852 0.972061 0.055157 0.927944 0.055157
0 0.873295 0.057877 0.903514 0.057877 0.903514 0.086468 0.873295 0.086468
0 0.672085 0.168688 0.694753 0.168688 0.694753 0.196937 0.672085 0.196937
0 0.851392 0.243202 0.889489 0.243202 0.889489 0.271964 0.851392 0.271964
0 0.681328 0.007397 0.706550 0.007397 0.706550 0.033514 0.681328 0.033514
0 0.708417 0.266799 0.732932 0.266799 0.732932 0.315886 0.708417 0.315886
0 0.707228 0.134646 0.728052 0.134646 0.728052 0.161658 0.707228 0.161658
0 0.349252 0.517401 0.380306 0.517401 0.380306 0.565168 0.349252 0.565168
0 0.959155 0.130616 0.997785 0.130616 0.997785 0.201895 0.959155 0.201895
0 0.848949 0.044247 0.878522 0.044247 0.878522 0.077156 0.848949 0.077156
0 0.726700 0.020113 0.781749 0.020113 0.781749 0.040219 0.726700 0.040219
0 0.703804 0.002999 0.724852 0.002999 0.724852 0.033257 0.703804 0.033257
0 0.844206 0.474471 0.874539 0.474471 0.874539 0.505660 0.844206 0.505660
0 0.808558 0.349767 0.834049 0.349767 0.834049 0.373341 0.808558 0.373341
0 0.743705 0.265642 0.767900 0.265642 0.767900 0.311256 0.743705 0.311256
0 0.352728 0.560502 0.380151 0.560502 0.380151 0.594719 0.352728 0.594719
0 0.363813 0.596079 0.411556 0.596079 0.411556 0.618465 0.363813 0.618465
0 0.902018 0.044066 0.942029 0.044066 0.942029 0.099139 0.902018 0.099139
0 0.967276 0.140002 0.999858 0.140002 0.999858 0.212667 0.967276 0.212667
0 0.672300 0.071971 0.697386 0.071971 0.697386 0.098365 0.672300 0.098365
0 0.337760 0.638589 0.359494 0.638589 0.359494 0.658294 0.337760 0.658294
0 0.692561 0.166986 0.715182 0.166986 0.715182 0.195052 0.692561 0.195052
0 0.785549 0.035606 0.839449 0.035606 0.839449 0.055382 0.785549 0.055382
0 0.741681 0.354696 0.763564 0.354696 0.763564 0.403883 0.741681 0.403883
0 0.806660 0.391751 0.852707 0.391751 0.852707 0.425847 0.806660 0.425847
0 0.633757 0.073621 0.657738 0.073621 0.657738 0.101945 0.633757 0.101945
0 0.398625 0.674478 0.420057 0.674478 0.420057 0.701754 0.398625 0.701754
0 0.283545 0.503357 0.304925 0.503357 0.304925 0.538041 0.283545 0.538041
0 0.663960 0.008195 0.686512 0.008195 0.686512 0.036409 0.663960 0.036409
0 0.712435 0.166695 0.734769 0.166695 0.734769 0.195726 0.712435 0.195726
0 0.486400 0.367373 0.513416 0.367373 0.513416 0.392894 0.486400 0.392894
0 0.849879 0.029648 0.882094 0.029648 0.882094 0.059222 0.849879 0.059222
0 0.969634 0.024215 0.999658 0.024215 0.999658 0.056126 0.969634 0.056126
0 0.672804 0.200247 0.696973 0.200247 0.696973 0.228641 0.672804 0.228641
0 0.409021 0.626433 0.427675 0.626433 0.427675 0.664647 0.409021 0.664647
0 0.802516 0.134798 0.854466 0.134798 0.854466 0.153609 0.802516 0.153609
0 0.877097 0.410030 0.911442 0.410030 0.911442 0.442945 0.877097 0.442945
0 0.714493 0.069275 0.735242 0.069275 0.735242 0.098406 0.714493 0.098406
0 0.935768 0.388718 0.975280 0.388718 0.975280 0.425860 0.935768 0.425860
0 0.862757 0.000068 0.891954 0.000068 0.891954 0.024970 0.862757 0.024970
0 0.762998 0.241782 0.815770 0.241782 0.815770 0.258464 0.762998 0.258464
0 0.728490 0.265404 0.749137 0.265404 0.749137 0.312919 0.728490 0.312919
0 0.857837 0.440569 0.892346 0.440569 0.892346 0.474061 0.857837 0.474061
0 0.708705 0.039026 0.733491 0.039026 0.733491 0.068360 0.708705 0.068360
0 0.510995 0.377122 0.540109 0.377122 0.540109 0.404270 0.510995 0.404270
0 0.812078 0.203301 0.865070 0.203301 0.865070 0.228764 0.812078 0.228764
0 0.940607 0.125119 0.975460 0.125119 0.975460 0.193728 0.940607 0.193728
0 0.741705 0.230166 0.764503 0.230166 0.764503 0.258616 0.741705 0.258616
0 0.390143 0.779727 0.420272 0.779727 0.420272 0.798166 0.390143 0.798166
0 0.898068 0.456495 0.933058 0.456495 0.933058 0.488594 0.898068 0.488594
0 0.870793 0.211141 0.904258 0.211141 0.904258 0.248928 0.870793 0.248928
0 0.946575 0.434662 0.980559 0.434662 0.980559 0.465046 0.946575 0.465046
0 0.822455 0.466206 0.852144 0.466206 0.852144 0.498426 0.822455 0.498426
0 0.818300 0.427998 0.851454 0.427998 0.851454 0.460429 0.818300 0.460429
0 0.804983 0.153371 0.857400 0.153371 0.857400 0.171813 0.804983 0.171813
0 0.376933 0.518621 0.399461 0.518621 0.399461 0.566020 0.376933 0.566020
0 0.910651 0.498180 0.943365 0.498180 0.943365 0.526337 0.910651 0.526337
0 0.758237 0.201883 0.811821 0.201883 0.811821 0.223107 0.758237 0.223107
0 0.855191 0.404746 0.888592 0.404746 0.888592 0.437904 0.855191 0.437904
0 0.390399 0.625287 0.411565 0.625287 0.411565 0.663271 0.390399 0.663271
0 0.399622 0.519232 0.424136 0.519232 0.424136 0.567486 0.399622 0.567486
0 0.736349 0.069355 0.791667 0.069355 0.791667 0.088968 0.736349 0.088968
0 0.770735 0.314888 0.792952 0.314888 0.792952 0.346085 0.770735 0.346085
0 0.734769 0.198303 0.758324 0.198303 0.758324 0.226386 0.734769 0.226386
0 0.686701 0.039446 0.711311 0.039446 0.711311 0.068103 0.686701 0.068103
0 0.840629 0.433833 0.870490 0.433833 0.870490 0.466099 0.840629 0.466099
0 0.718279 0.198286 0.737210 0.198286 0.737210 0.226712 0.718279 0.226712
0 0.746663 0.138871 0.802075 0.138871 0.802075 0.164393 0.746663 0.164393
0 0.685221 0.136857 0.709485 0.136857 0.709485 0.162964 0.685221 0.162964
0 0.782240 0.263481 0.806929 0.263481 0.806929 0.308106 0.782240 0.308106
0 0.647691 0.040445 0.673463 0.040445 0.673463 0.070771 0.647691 0.070771
0 0.732925 0.166073 0.754495 0.166073 0.754495 0.195179 0.732925 0.195179
0 0.724420 0.133104 0.747704 0.133104 0.747704 0.161712 0.724420 0.161712
0 0.962669 0.395071 0.999726 0.395071 0.999726 0.436489 0.962669 0.436489
0 0.787379 0.050924 0.838991 0.050924 0.838991 0.066484 0.787379 0.066484
0 0.610634 0.073766 0.637323 0.073766 0.637323 0.104737 0.610634 0.104737
0 0.928752 0.000069 0.972845 0.000069 0.972845 0.023846 0.928752 0.023846
0 0.447642 0.684448 0.480902 0.684448 0.480902 0.710116 0.447642 0.710116
0 0.669010 0.137072 0.690324 0.137072 0.690324 0.164147 0.669010 0.164147
0 0.645701 0.008733 0.667516 0.008733 0.667516 0.035985 0.645701 0.035985
0 0.803249 0.422777 0.827855 0.422777 0.827855 0.451848 0.803249 0.451848
0 0.427677 0.629988 0.447192 0.629988 0.447192 0.668409 0.427677 0.668409
0 0.927792 0.466633 0.962139 0.466633 0.962139 0.499083 0.927792 0.499083
0 0.754632 0.317043 0.772804 0.317043 0.772804 0.347770 0.754632 0.347770
0 0.300614 0.510506 0.324447 0.510506 0.324447 0.550277 0.300614 0.550277
0 0.807466 0.173867 0.859731 0.173867 0.859731 0.189756 0.807466 0.189756
0 0.333130 0.560807 0.348533 0.560807 0.348533 0.588460 0.333130 0.588460
0 0.697694 0.103484 0.723825 0.103484 0.723825 0.132588 0.697694 0.132588
0 0.971077 0.012197 0.999556 0.012197 0.999556 0.043929 0.971077 0.043929
0 0.853428 0.110301 0.884858 0.110301 0.884858 0.152621 0.853428 0.152621
0 0.856855 0.374776 0.886562 0.374776 0.886562 0.398166 0.856855 0.398166
0 0.722661 0.230465 0.744513 0.230465 0.744513 0.259031 0.722661 0.259031
0 0.778877 0.000713 0.836829 0.000713 0.836829 0.019782 0.778877 0.019782
0 0.789997 0.066267 0.841411 0.066267 0.841411 0.087054 0.789997 0.087054
0 0.395674 0.483733 0.422353 0.483733 0.422353 0.507528 0.395674 0.507528
0 0.794575 0.103436 0.844799 0.103436 0.844799 0.124565 0.794575 0.124565
0 0.643776 0.104959 0.664451 0.104959 0.664451 0.133752 0.643776 0.133752
0 0.884408 0.488496 0.916724 0.488496 0.916724 0.515125 0.884408 0.515125
0 0.756658 0.191053 0.809062 0.191053 0.809062 0.218231 0.756658 0.218231
0 0.425087 0.456428 0.444046 0.456428 0.444046 0.481977 0.425087 0.481977
0 0.493520 0.636061 0.513659 0.636061 0.513659 0.676773 0.493520 0.676773
0 0.658126 0.071378 0.677157 0.071378 0.677157 0.098462 0.658126 0.098462
0 0.823303 0.312999 0.845809 0.312999 0.845809 0.347410 0.823303 0.347410
0 0.782439 0.021276 0.839815 0.021276 0.839815 0.040786 0.782439 0.040786
0 0.742332 0.105762 0.795659 0.105762 0.795659 0.127047 0.742332 0.127047
0 0.419458 0.679065 0.438778 0.679065 0.438778 0.704353 0.419458 0.704353
0 0.482212 0.521783 0.507076 0.521783 0.507076 0.571249 0.482212 0.571249
0 0.467659 0.466647 0.495151 0.466647 0.495151 0.483823 0.467659 0.483823
0 0.750091 0.153448 0.806497 0.153448 0.806497 0.177402 0.750091 0.177402
0 0.892340 0.000393 0.911272 0.000393 0.911272 0.019321 0.892340 0.019321
0 0.841360 0.373057 0.869007 0.373057 0.869007 0.394478 0.841360 0.394478
0 0.387941 0.800566 0.415684 0.800566 0.415684 0.843324 0.387941 0.843324
0 0.815037 0.217537 0.861674 0.217537 0.861674 0.234627 0.815037 0.234627
0 0.870196 0.167558 0.914806 0.167558 0.914806 0.206975 0.870196 0.206975
0 0.927008 0.124044 0.973074 0.124044 0.973074 0.193378 0.927008 0.193378
0 0.745041 0.124551 0.799420 0.124551 0.799420 0.142064 0.745041 0.142064
0 0.848099 0.072175 0.873728 0.072175 0.873728 0.112013 0.848099 0.112013
0 0.697114 0.199856 0.719217 0.199856 0.719217 0.228255 0.697114 0.228255
0 0.441986 0.462836 0.467983 0.462836 0.467983 0.482755 0.441986 0.482755
0 0.918816 0.425637 0.951189 0.425637 0.951189 0.455992 0.918816 0.455992
0 0.876826 0.378120 0.905129 0.378120 0.905129 0.402741 0.876826 0.402741
0 0.489209 0.349458 0.514140 0.349458 0.514140 0.376536 0.489209 0.376536
0 0.871488 0.181155 0.913927 0.181155 0.913927 0.214165 0.871488 0.214165
0 0.379665 0.940784 0.421226 0.940784 0.421226 0.999537 0.379665 0.999537
0 0.334394 0.609857 0.357282 0.609857 0.357282 0.631128 0.334394 0.631128
0 0.815089 0.223122 0.857746 0.223122 0.857746 0.235676 0.815089 0.235676
0 0.794378 0.261716 0.823365 0.261716 0.823365 0.308579 0.794378 0.308579
0 0.494180 0.468240 0.515384 0.468240 0.515384 0.485523 0.494180 0.485523
0 0.759488 0.353646 0.782588 0.353646 0.782588 0.390060 0.759488 0.390060
0 0.470407 0.521693 0.490255 0.521693 0.490255 0.570925 0.470407 0.570925
0 0.897363 0.381766 0.929458 0.381766 0.929458 0.410556 0.897363 0.410556
0 0.974609 0.001014 0.999496 0.001014 0.999496 0.018357 0.974609 0.018357
0 0.888610 0.014556 0.912013 0.014556 0.912013 0.041676 0.888610 0.041676
0 0.437194 0.683223 0.465661 0.683223 0.465661 0.708213 0.437194 0.708213
0 0.645373 0.476884 0.668207 0.476884 0.668207 0.495254 0.645373 0.495254
0 0.802762 0.314704 0.826853 0.314704 0.826853 0.344929 0.802762 0.344929
0 0.435460 0.489327 0.456946 0.489327 0.456946 0.507886 0.435460 0.507886
0 0.971628 0.855538 0.999439 0.855538 0.999439 0.877318 0.971628 0.877318
0 0.951163 0.127444 0.990741 0.127444 0.990741 0.196431 0.951163 0.196431
0 0.612076 0.398459 0.628882 0.398459 0.628882 0.415919 0.612076 0.415919
0 0.792326 0.350562 0.811540 0.350562 0.811540 0.384440 0.792326 0.384440
0 0.798308 0.420131 0.826851 0.420131 0.826851 0.449230 0.798308 0.449230
0 0.492423 0.492901 0.509502 0.492901 0.509502 0.511082 0.492423 0.511082
0 0.974919 0.863275 0.999558 0.863275 0.999558 0.885391 0.974919 0.885391
0 0.423347 0.485734 0.438519 0.485734 0.438519 0.506452 0.423347 0.506452
0 0.786582 0.416802 0.814679 0.416802 0.814679 0.445936 0.786582 0.445936
0 0.661551 0.104309 0.684254 0.104309 0.684254 0.133463 0.661551 0.133463
0 0.726290 0.438689 0.742998 0.438689 0.742998 0.458415 0.726290 0.458415
0 0.921548 0.383387 0.946527 0.383387 0.946527 0.415008 0.921548 0.415008
0 0.694182 0.006207 0.722256 0.006207 0.722256 0.034258 0.694182 0.034258
0 0.780700 0.003587 0.838524 0.003587 0.838524 0.030565 0.780700 0.030565
0 0.986959 0.250215 0.999772 0.250215 0.999772 0.309697 0.986959 0.309697
0 0.392659 0.778492 0.423480 0.778492 0.423480 0.794535 0.392659 0.794535
0 0.396529 0.721933 0.452019 0.721933 0.452019 0.749947 0.396529 0.749947
0 0.797753 0.122106 0.847896 0.122106 0.847896 0.137670 0.797753 0.137670
0 0.702943 0.230784 0.724418 0.230784 0.724418 0.261708 0.702943 0.261708
0 0.658554 0.416770 0.677105 0.416770 0.677105 0.438819 0.658554 0.438819
0 0.368672 0.482733 0.393565 0.482733 0.393565 0.508001 0.368672 0.508001
0 0.338431 0.675541 0.359799 0.675541 0.359799 0.697184 0.338431 0.697184
0 0.394972 0.764027 0.429425 0.764027 0.429425 0.783140 0.394972 0.783140
0 0.470592 0.491358 0.493483 0.491358 0.493483 0.509023 0.470592 0.509023
0 0.926328 0.386977 0.950229 0.386977 0.950229 0.420448 0.926328 0.420448
0 0.800507 0.125442 0.850665 0.125442 0.850665 0.141627 0.800507 0.141627
0 0.607614 0.475118 0.626619 0.475118 0.626619 0.489414 0.607614 0.489414
0 0.866032 0.764263 0.904085 0.764263 0.904085 0.810260 0.866032 0.810260
0 0.985694 0.268649 0.999710 0.268649 0.999710 0.313087 0.985694 0.313087
0 0.725129 0.001676 0.780286 0.001676 0.780286 0.018811 0.725129 0.018811
0 0.459948 0.490537 0.485024 0.490537 0.485024 0.507765 0.459948 0.507765
0 0.811357 0.205977 0.863676 0.205977 0.863676 0.224272 0.811357 0.224272
0 0.652936 0.042679 0.672385 0.042679 0.672385 0.071572 0.652936 0.071572
0 0.783638 0.313836 0.806281 0.313836 0.806281 0.346564 0.783638 0.346564
0 0.733468 0.317406 0.751970 0.317406 0.751970 0.350105 0.733468 0.350105
0 0.971782 0.017636 0.999633 0.017636 0.999633 0.051648 0.971782 0.051648
0 0.725778 0.007834 0.780441 0.007834 0.780441 0.029525 0.725778 0.029525
0 0.732606 0.048234 0.783285 0.048234 0.783285 0.069440 0.732606 0.069440
0 0.749362 0.148053 0.802846 0.148053 0.802846 0.173231 0.749362 0.173231
0 0.620696 0.369161 0.644845 0.369161 0.644845 0.414528 0.620696 0.414528
0 0.815932 0.235703 0.840834 0.235703 0.840834 0.258695 0.815932 0.258695
0 0.444963 0.585209 0.461738 0.585209 0.461738 0.622557 0.444963 0.622557
0 0.656659 0.381673 0.677950 0.381673 0.677950 0.417044 0.656659 0.417044
0 0.596170 0.000414 0.623115 0.000414 0.623115 0.009223 0.596170 0.009223
0 0.618249 0.490470 0.642691 0.490470 0.642691 0.512363 0.618249 0.512363
0 0.367938 0.579507 0.414244 0.579507 0.414244 0.616197 0.367938 0.616197
0 0.440756 0.583830 0.456575 0.583830 0.456575 0.620978 0.440756 0.620978
0 0.646032 0.136542 0.667932 0.136542 0.667932 0.158799 0.646032 0.158799
0 0.853914 0.518886 0.886570 0.518886 0.886570 0.546588 0.853914 0.546588
0 0.807770 0.180832 0.860918 0.180832 0.860918 0.201175 0.807770 0.201175
0 0.791973 0.314539 0.813707 0.314539 0.813707 0.346803 0.791973 0.346803
