0 0.079879 0.199542 0.128102 0.199542 0.128102 0.220530 0.079879 0.220530
0 0.127198 0.201479 0.155668 0.201479 0.155668 0.223472 0.127198 0.223472
0 0.116146 0.253719 0.144820 0.253719 0.144820 0.285388 0.116146 0.285388
0 0.315647 0.218027 0.345003 0.218027 0.345003 0.287097 0.315647 0.287097
0 0.157098 0.203504 0.185509 0.203504 0.185509 0.221840 0.157098 0.221840
0 0.331085 0.289512 0.353365 0.289512 0.353365 0.321011 0.331085 0.321011
0 0.241201 0.504242 0.278443 0.504242 0.278443 0.607872 0.241201 0.607872
0 0.075887 0.217780 0.125211 0.217780 0.125211 0.239097 0.075887 0.239097
0 0.406619 0.150191 0.451275 0.150191 0.451275 0.170621 0.406619 0.170621
0 0.071311 0.235256 0.118618 0.235256 0.118618 0.249457 0.071311 0.249457
0 0.064753 0.247470 0.114814 0.247470 0.114814 0.283271 0.064753 0.283271
0 0.045379 0.127244 0.070510 0.127244 0.070510 0.156910 0.045379 0.156910
0 0.122546 0.220707 0.139079 0.220707 0.139079 0.253944 0.122546 0.253944
0 0.393152 0.172407 0.425507 0.172407 0.425507 0.212483 0.393152 0.212483
0 0.423715 0.175223 0.458005 0.175223 0.458005 0.215477 0.423715 0.215477
