0 0.609375 0.115625 0.609375 0.134375 0.614062 0.134375 0.615625 0.135937 0.621875 0.135937 0.623437 0.137500 0.637500 0.137500 0.639062 0.139063 0.643750 0.139063 0.645312 0.140625 0.645312 0.145313 0.667188 0.145313 0.667188 0.140625 0.668750 0.139063 0.668750 0.137500 0.670312 0.135937 0.676562 0.135937 0.676562 0.121875 0.668750 0.121875 0.667188 0.120313 0.667188 0.115625
0 0.509375 0.221875 0.509375 0.243750 0.517188 0.243750 0.518750 0.245312 0.523438 0.245312 0.525000 0.246875 0.529687 0.246875 0.531250 0.248438 0.535937 0.248438 0.537500 0.250000 0.540625 0.250000 0.542188 0.251563 0.545312 0.251563 0.546875 0.253125 0.550000 0.253125 0.551562 0.254688 0.554688 0.254688 0.556250 0.256250 0.559375 0.256250 0.560937 0.257812 0.564063 0.257812 0.565625 0.259375 0.565625 0.264062 0.576562 0.264062 0.576562 0.259375 0.578125 0.257812 0.578125 0.256250 0.581250 0.253125 0.581250 0.250000 0.579688 0.248438 0.579688 0.246875 0.576562 0.243750 0.576562 0.242188 0.575000 0.242188 0.573438 0.240625 0.573438 0.239063 0.570312 0.235937 0.568750 0.235937 0.565625 0.232813 0.562500 0.232813 0.560937 0.231250 0.556250 0.231250 0.554688 0.229687 0.551562 0.229687 0.548438 0.226562 0.548438 0.221875
0 0.603125 0.140625 0.603125 0.157812 0.612500 0.157812 0.614062 0.159375 0.614062 0.164062 0.656250 0.164062 0.656250 0.159375 0.659375 0.156250 0.664062 0.156250 0.664062 0.140625
0 0.528125 0.128125 0.528125 0.146875 0.550000 0.146875 0.551562 0.148438 0.564063 0.148438 0.565625 0.150000 0.576562 0.150000 0.578125 0.151562 0.581250 0.151562 0.582812 0.153125 0.582812 0.157812 0.595313 0.157812 0.595313 0.153125 0.596875 0.151562 0.601562 0.151562 0.601562 0.135937 0.595313 0.135937 0.592187 0.132812 0.592187 0.128125
0 0.753125 0.253125 0.753125 0.259375 0.751563 0.260937 0.746875 0.260937 0.746875 0.289062 0.770312 0.289062 0.770312 0.282813 0.771875 0.281250 0.771875 0.276562 0.773438 0.275000 0.773438 0.273438 0.775000 0.271875 0.775000 0.268750 0.778125 0.265625 0.782813 0.265625 0.782813 0.253125
0 0.528125 0.109375 0.528125 0.123438 0.542188 0.123438 0.543750 0.125000 0.550000 0.125000 0.551562 0.126562 0.554688 0.126562 0.556250 0.128125 0.556250 0.132812 0.601562 0.132812 0.601562 0.121875 0.596875 0.121875 0.595313 0.120313 0.593750 0.120313 0.592187 0.118750 0.587500 0.118750 0.585938 0.117188 0.582812 0.117188 0.581250 0.115625 0.579688 0.115625 0.578125 0.114062 0.578125 0.109375
0 0.534375 0.084375 0.534375 0.106250 0.548438 0.106250 0.550000 0.107813 0.559375 0.107813 0.560937 0.109375 0.565625 0.109375 0.567187 0.110937 0.575000 0.110937 0.576562 0.112500 0.582812 0.112500 0.584375 0.114062 0.595313 0.114062 0.596875 0.112500 0.601562 0.112500 0.601562 0.098437 0.595313 0.098437 0.593750 0.096875 0.590625 0.096875 0.589063 0.095312 0.585938 0.095312 0.584375 0.093750 0.581250 0.093750 0.579688 0.092188 0.575000 0.092188 0.573438 0.090625 0.570312 0.090625 0.568750 0.089063 0.568750 0.084375
0 0.590625 0.209375 0.590625 0.245312 0.604688 0.245312 0.604688 0.239063 0.606250 0.237500 0.606250 0.235937 0.607812 0.234375 0.607812 0.231250 0.609375 0.229687 0.609375 0.226562 0.610938 0.225000 0.610938 0.209375
0 0.515625 0.196875 0.515625 0.217188 0.528125 0.217188 0.529687 0.218750 0.537500 0.218750 0.539062 0.220312 0.543750 0.220312 0.545312 0.221875 0.548438 0.221875 0.550000 0.223438 0.556250 0.223438 0.557813 0.225000 0.564063 0.225000 0.565625 0.226562 0.568750 0.226562 0.570312 0.228125 0.570312 0.232813 0.581250 0.232813 0.581250 0.228125 0.584375 0.225000 0.589063 0.225000 0.589063 0.204687 0.567187 0.204687 0.565625 0.203125 0.562500 0.203125 0.560937 0.201563 0.560937 0.196875
0 0.560937 0.231250 0.559375 0.232813 0.556250 0.232813 0.554688 0.234375 0.554688 0.242188 0.553125 0.243750 0.550000 0.243750 0.548438 0.242188 0.545312 0.242188 0.543750 0.243750 0.540625 0.243750 0.539062 0.245312 0.528125 0.245312 0.526563 0.246875 0.526563 0.251563 0.575000 0.251563 0.575000 0.245312 0.573438 0.243750 0.573438 0.237500 0.576562 0.234375 0.576562 0.232813 0.573438 0.232813 0.571875 0.231250
0 0.515625 0.215625 0.515625 0.242188 0.521875 0.242188 0.521875 0.240625 0.523438 0.239063 0.523438 0.234375 0.525000 0.232813 0.525000 0.231250 0.528125 0.228125 0.529687 0.228125 0.531250 0.226562 0.532813 0.226562 0.534375 0.225000 0.535937 0.225000 0.539062 0.221875 0.539062 0.215625
0 0.782813 0.253125 0.782813 0.259375 0.781250 0.260937 0.781250 0.262500 0.779687 0.264062 0.779687 0.267188 0.776563 0.270313 0.771875 0.270313 0.771875 0.295312 0.796875 0.295312 0.796875 0.290625 0.803125 0.284375 0.803125 0.282813 0.804688 0.281250 0.804688 0.278125 0.806250 0.276562 0.806250 0.273438 0.807813 0.271875 0.807813 0.268750 0.809375 0.267188 0.809375 0.264062 0.810937 0.262500 0.810937 0.253125
0 0.528125 0.153125 0.528125 0.195312 0.535937 0.195312 0.537500 0.196875 0.543750 0.196875 0.545312 0.198437 0.556250 0.198437 0.557813 0.200000 0.565625 0.200000 0.567187 0.201563 0.570312 0.201563 0.571875 0.203125 0.571875 0.207813 0.584375 0.207813 0.584375 0.203125 0.585938 0.201563 0.585938 0.200000 0.589063 0.196875 0.589063 0.190625 0.590625 0.189062 0.590625 0.182812 0.592187 0.181250 0.592187 0.175000 0.593750 0.173437 0.593750 0.162500 0.592187 0.160938 0.592187 0.159375 0.590625 0.157812 0.590625 0.153125
0 0.596875 0.159375 0.596875 0.165625 0.595313 0.167187 0.590625 0.167187 0.590625 0.189062 0.620313 0.189062 0.620313 0.184375 0.621875 0.182812 0.621875 0.181250 0.623437 0.179688 0.623437 0.178125 0.625000 0.176563 0.625000 0.175000 0.628125 0.171875 0.632812 0.171875 0.632812 0.159375
0 0.609375 0.359375 0.609375 0.393750 0.643750 0.393750 0.645312 0.395313 0.648438 0.392188 0.648438 0.390625 0.650000 0.389062 0.650000 0.382812 0.648438 0.381250 0.648438 0.370312 0.646875 0.368750 0.646875 0.359375
0 0.621875 0.159375 0.621875 0.214062 0.639062 0.214062 0.639062 0.207813 0.642188 0.204687 0.642188 0.203125 0.643750 0.201563 0.643750 0.200000 0.645312 0.198437 0.645312 0.193750 0.646875 0.192188 0.646875 0.189062 0.648438 0.187500 0.648438 0.185938 0.650000 0.184375 0.650000 0.179688 0.653125 0.176563 0.657813 0.176563 0.657813 0.167187 0.653125 0.167187 0.650000 0.164062 0.650000 0.159375
