0 0.058223 0.065636 0.083981 0.065636 0.083981 0.090718 0.058223 0.090718
0 0.023681 0.049728 0.048716 0.049728 0.048716 0.075442 0.023681 0.075442
0 0.106079 0.234052 0.133605 0.234052 0.133605 0.259090 0.106079 0.259090
0 0.031714 0.076066 0.058120 0.076066 0.058120 0.101756 0.031714 0.101756
0 0.047797 0.039971 0.074022 0.039971 0.074022 0.066603 0.047797 0.066603
0 0.624248 0.645622 0.644091 0.645622 0.644091 0.668511 0.624248 0.668511
0 0.348144 0.933364 0.375362 0.933364 0.375362 0.956146 0.348144 0.956146
0 0.068177 0.034470 0.095156 0.034470 0.095156 0.061515 0.068177 0.061515
0 0.376431 0.894418 0.401518 0.894418 0.401518 0.919770 0.376431 0.919770
0 0.144973 0.259184 0.170534 0.259184 0.170534 0.280636 0.144973 0.280636
0 0.678074 0.583102 0.702075 0.583102 0.702075 0.603179 0.678074 0.603179
0 0.695984 0.543782 0.727110 0.543782 0.727110 0.572837 0.695984 0.572837
0 0.387555 0.915816 0.411954 0.915816 0.411954 0.944350 0.387555 0.944350
0 0.066472 0.103576 0.090055 0.103576 0.090055 0.125529 0.066472 0.125529
0 0.721320 0.451774 0.752452 0.451774 0.752452 0.485348 0.721320 0.485348
0 0.092411 0.098470 0.120218 0.098470 0.120218 0.112707 0.092411 0.112707
0 0.731823 0.455658 0.781506 0.455658 0.781506 0.510516 0.731823 0.510516
0 0.086234 0.190550 0.130451 0.190550 0.130451 0.219274 0.086234 0.219274
0 0.080313 0.059501 0.102338 0.059501 0.102338 0.084158 0.080313 0.084158
0 0.419622 0.819255 0.442310 0.819255 0.442310 0.839426 0.419622 0.839426
0 0.683759 0.564201 0.709362 0.564201 0.709362 0.591234 0.683759 0.591234
0 0.083210 0.147137 0.109243 0.147137 0.109243 0.173581 0.083210 0.173581
0 0.454860 0.821215 0.478531 0.821215 0.478531 0.845328 0.454860 0.845328
0 0.070535 0.125439 0.098204 0.125439 0.098204 0.149304 0.070535 0.149304
0 0.079088 0.173285 0.111342 0.173285 0.111342 0.197883 0.079088 0.197883
0 0.075164 0.156380 0.099772 0.156380 0.099772 0.178913 0.075164 0.178913
0 0.709921 0.523231 0.739875 0.523231 0.739875 0.550781 0.709921 0.550781
0 0.424095 0.836443 0.446959 0.836443 0.446959 0.857119 0.424095 0.857119
0 0.109175 0.141081 0.133004 0.141081 0.133004 0.162870 0.109175 0.162870
0 0.647169 0.637102 0.673451 0.637102 0.673451 0.664187 0.647169 0.664187
0 0.653000 0.628985 0.678560 0.628985 0.678560 0.653012 0.653000 0.653012
0 0.202480 0.045265 0.224691 0.045265 0.224691 0.064285 0.202480 0.064285
0 0.296288 0.151579 0.319007 0.151579 0.319007 0.176470 0.296288 0.176470
0 0.117866 0.251231 0.142977 0.251231 0.142977 0.271401 0.117866 0.271401
0 0.102879 0.126530 0.127954 0.126530 0.127954 0.143524 0.102879 0.143524
0 0.187020 0.899898 0.209680 0.899898 0.209680 0.938437 0.187020 0.938437
0 0.447910 0.867914 0.469314 0.867914 0.469314 0.903637 0.447910 0.903637
0 0.006132 0.018812 0.031645 0.018812 0.031645 0.045582 0.006132 0.045582
0 0.404657 0.781509 0.423952 0.781509 0.423952 0.802449 0.404657 0.802449
0 0.341524 0.914709 0.369097 0.914709 0.369097 0.935924 0.341524 0.935924
0 0.131954 0.162596 0.154612 0.162596 0.154612 0.190388 0.131954 0.190388
0 0.134617 0.240487 0.161576 0.240487 0.161576 0.266691 0.134617 0.266691
0 0.458690 0.838533 0.483231 0.838533 0.483231 0.859733 0.458690 0.859733
0 0.657238 0.509629 0.687022 0.509629 0.687022 0.533321 0.657238 0.533321
0 0.360315 0.961799 0.385845 0.961799 0.385845 0.984511 0.360315 0.984511
0 0.150704 0.503655 0.173507 0.503655 0.173507 0.522604 0.150704 0.522604
0 0.669170 0.605731 0.690091 0.605731 0.690091 0.630723 0.669170 0.630723
0 0.335669 0.220107 0.350767 0.220107 0.350767 0.239035 0.335669 0.239035
0 0.149903 0.488352 0.168584 0.488352 0.168584 0.509295 0.149903 0.509295
0 0.401703 0.950487 0.423540 0.950487 0.423540 0.972230 0.401703 0.972230
0 0.362569 0.981896 0.389109 0.981896 0.389109 0.999150 0.362569 0.999150
0 0.044695 0.004515 0.062445 0.004515 0.062445 0.029643 0.044695 0.029643
0 0.431938 0.850380 0.453150 0.850380 0.453150 0.871128 0.431938 0.871128
0 0.411667 0.799805 0.432865 0.799805 0.432865 0.828535 0.411667 0.828535
0 0.199624 0.947000 0.219245 0.947000 0.219245 0.971461 0.199624 0.971461
0 0.330357 0.141090 0.348873 0.141090 0.348873 0.166977 0.330357 0.166977
0 0.010871 0.232289 0.028897 0.232289 0.028897 0.252415 0.010871 0.252415
0 0.661897 0.503582 0.689910 0.503582 0.689910 0.526658 0.661897 0.526658
0 0.054793 0.000224 0.076736 0.000224 0.076736 0.022692 0.054793 0.022692
0 0.045545 0.104160 0.065910 0.104160 0.065910 0.126133 0.045545 0.126133
0 0.353552 0.054901 0.375672 0.054901 0.375672 0.079604 0.353552 0.079604
0 0.463921 0.133567 0.481390 0.133567 0.481390 0.151901 0.463921 0.151901
0 0.338406 0.912080 0.366178 0.912080 0.366178 0.930699 0.338406 0.930699
0 0.155371 0.525494 0.180892 0.525494 0.180892 0.545350 0.155371 0.545350
0 0.280481 0.155313 0.298885 0.155313 0.298885 0.183859 0.280481 0.183859
0 0.809354 0.165195 0.828411 0.165195 0.828411 0.180885 0.809354 0.180885
0 0.313872 0.918248 0.340016 0.918248 0.340016 0.956760 0.313872 0.956760
0 0.650541 0.677009 0.674277 0.677009 0.674277 0.704190 0.650541 0.704190
0 0.474163 0.131065 0.492397 0.131065 0.492397 0.150988 0.474163 0.150988
0 0.090079 0.195734 0.131538 0.195734 0.131538 0.222775 0.090079 0.222775
0 0.403186 0.948185 0.422515 0.948185 0.422515 0.968885 0.403186 0.968885
0 0.076482 0.000000 0.100216 0.000000 0.100216 0.011828 0.076482 0.011828
0 0.149095 0.505017 0.177848 0.505017 0.177848 0.527877 0.149095 0.527877
0 0.659895 0.600556 0.681741 0.600556 0.681741 0.623024 0.659895 0.623024
0 0.434710 0.858082 0.455811 0.858082 0.455811 0.876750 0.434710 0.876750
0 0.042671 0.238842 0.064760 0.238842 0.064760 0.256732 0.042671 0.256732
0 0.181061 0.053975 0.202530 0.053975 0.202530 0.071751 0.181061 0.071751
0 0.630313 0.620763 0.650968 0.620763 0.650968 0.647353 0.630313 0.647353
0 0.661599 0.603299 0.686045 0.603299 0.686045 0.628305 0.661599 0.628305
0 0.652069 0.660749 0.673166 0.660749 0.673166 0.682559 0.652069 0.682559
0 0.064680 0.016861 0.089198 0.016861 0.089198 0.034163 0.064680 0.034163
0 0.095051 0.111160 0.123195 0.111160 0.123195 0.125297 0.095051 0.125297
0 0.301976 0.007876 0.344035 0.007876 0.344035 0.034254 0.301976 0.034254
0 0.027321 0.047709 0.049869 0.047709 0.049869 0.072901 0.027321 0.072901
0 0.000000 0.053776 0.009488 0.053776 0.009488 0.077743 0.000000 0.077743
