0 0.516027 0.312371 0.532861 0.312371 0.532861 0.370633 0.516027 0.370633
0 0.049627 0.941885 0.110112 0.941885 0.110112 0.999519 0.049627 0.999519
0 0.470929 0.323778 0.503341 0.323778 0.503341 0.362988 0.470929 0.362988
0 0.287304 0.515057 0.372128 0.515057 0.372128 0.635028 0.287304 0.635028
0 0.507791 0.230903 0.523962 0.230903 0.523962 0.305601 0.507791 0.305601
0 0.486806 0.250558 0.506659 0.250558 0.506659 0.279668 0.486806 0.279668
0 0.476567 0.277741 0.504629 0.277741 0.504629 0.308419 0.476567 0.308419
0 0.178510 0.510505 0.211913 0.510505 0.211913 0.605456 0.178510 0.605456
0 0.075772 0.955358 0.130174 0.955358 0.130174 0.999630 0.075772 0.999630
0 0.491534 0.231058 0.507416 0.231058 0.507416 0.251641 0.491534 0.251641
0 0.510485 0.313330 0.531711 0.313330 0.531711 0.371140 0.510485 0.371140
0 0.237596 0.981669 0.275312 0.981669 0.275312 0.999329 0.237596 0.999329
0 0.498440 0.373631 0.522516 0.373631 0.522516 0.419061 0.498440 0.419061
0 0.508870 0.374849 0.530348 0.374849 0.530348 0.420748 0.508870 0.420748
0 0.224863 0.449662 0.328991 0.449662 0.328991 0.507898 0.224863 0.507898
0 0.254596 0.951770 0.315324 0.951770 0.315324 1.000000 0.254596 1.000000
