0 0.309375 0.765625 0.309375 0.770312 0.307812 0.771875 0.306250 0.771875 0.303125 0.775000 0.296875 0.775000 0.296875 0.812500 0.304688 0.812500 0.306250 0.810937 0.307812 0.810937 0.309375 0.809375 0.310937 0.809375 0.312500 0.807813 0.314063 0.807813 0.317188 0.804688 0.318750 0.804688 0.320312 0.803125 0.321875 0.803125 0.323437 0.801562 0.326562 0.801562 0.328125 0.800000 0.329688 0.800000 0.331250 0.798438 0.332813 0.798438 0.334375 0.796875 0.339062 0.796875 0.339062 0.784375 0.334375 0.784375 0.331250 0.781250 0.331250 0.779687 0.329688 0.778125 0.329688 0.775000 0.328125 0.773438 0.328125 0.765625
0 0.362500 0.746875 0.362500 0.751563 0.359375 0.754687 0.357812 0.754687 0.356250 0.756250 0.354687 0.756250 0.351562 0.759375 0.350000 0.759375 0.348438 0.760938 0.346875 0.760938 0.345313 0.762500 0.343750 0.762500 0.340625 0.765625 0.334375 0.765625 0.334375 0.789062 0.339062 0.789062 0.340625 0.787500 0.342187 0.787500 0.343750 0.785937 0.345313 0.785937 0.346875 0.784375 0.350000 0.784375 0.351562 0.782813 0.353125 0.782813 0.354687 0.781250 0.356250 0.781250 0.357812 0.779687 0.359375 0.779687 0.360938 0.778125 0.362500 0.778125 0.364063 0.776563 0.367188 0.776563 0.368750 0.775000 0.370312 0.775000 0.371875 0.773438 0.373437 0.773438 0.375000 0.771875 0.378125 0.771875 0.379688 0.770312 0.381250 0.770312 0.384375 0.767188 0.384375 0.762500 0.382812 0.760938 0.382812 0.759375 0.381250 0.757812 0.381250 0.756250 0.378125 0.753125 0.378125 0.746875
0 0.303125 0.796875 0.303125 0.826562 0.340625 0.826562 0.340625 0.821875 0.342187 0.820312 0.342187 0.818750 0.343750 0.817187 0.343750 0.814063 0.342187 0.812500 0.342187 0.810937 0.340625 0.809375 0.340625 0.807813 0.339062 0.806250 0.339062 0.804688 0.337500 0.803125 0.337500 0.796875
0 0.217188 0.859375 0.217188 0.864062 0.214062 0.867188 0.212500 0.867188 0.210938 0.868750 0.209375 0.868750 0.207813 0.870313 0.203125 0.870313 0.203125 0.884375 0.218750 0.884375 0.220312 0.882812 0.225000 0.882812 0.226562 0.881250 0.231250 0.881250 0.232813 0.879687 0.235937 0.879687 0.237500 0.878125 0.239063 0.878125 0.242188 0.875000 0.242188 0.873437 0.243750 0.871875 0.243750 0.868750 0.242188 0.867188 0.242188 0.859375
0 0.209375 0.834375 0.209375 0.839063 0.207813 0.840625 0.206250 0.840625 0.204687 0.842187 0.203125 0.842187 0.201563 0.843750 0.200000 0.843750 0.196875 0.846875 0.190625 0.846875 0.190625 0.865625 0.195312 0.865625 0.198437 0.868750 0.200000 0.868750 0.201563 0.870313 0.203125 0.870313 0.204687 0.868750 0.206250 0.868750 0.207813 0.867188 0.209375 0.867188 0.210938 0.865625 0.212500 0.865625 0.214062 0.864062 0.217188 0.864062 0.218750 0.862500 0.220312 0.862500 0.221875 0.860938 0.223438 0.860938 0.225000 0.859375 0.226562 0.859375 0.228125 0.857812 0.231250 0.857812 0.231250 0.856250 0.232813 0.854688 0.232813 0.850000 0.231250 0.848437 0.231250 0.845313 0.228125 0.842187 0.228125 0.840625 0.226562 0.839063 0.226562 0.834375
0 0.404687 0.728125 0.404687 0.732812 0.401562 0.735938 0.400000 0.735938 0.398438 0.737500 0.396875 0.737500 0.393750 0.740625 0.390625 0.740625 0.389062 0.742188 0.384375 0.742188 0.384375 0.764062 0.389062 0.764062 0.390625 0.765625 0.390625 0.770312 0.401562 0.770312 0.401562 0.765625 0.403125 0.764062 0.406250 0.764062 0.407813 0.762500 0.417187 0.762500 0.418750 0.760938 0.423438 0.760938 0.425000 0.759375 0.426563 0.759375 0.428125 0.757812 0.432812 0.757812 0.432812 0.751563 0.428125 0.751563 0.426563 0.750000 0.426563 0.748437 0.425000 0.746875 0.425000 0.743750 0.421875 0.740625 0.421875 0.739062 0.418750 0.735938 0.418750 0.734375 0.417187 0.732812 0.417187 0.728125
0 0.378125 0.809375 0.378125 0.814063 0.373437 0.818750 0.371875 0.818750 0.370312 0.820312 0.367188 0.820312 0.365625 0.821875 0.360938 0.821875 0.359375 0.823438 0.353125 0.823438 0.353125 0.839063 0.364063 0.839063 0.365625 0.837500 0.368750 0.837500 0.370312 0.835938 0.371875 0.835938 0.373437 0.834375 0.376563 0.834375 0.378125 0.832812 0.381250 0.832812 0.382812 0.831250 0.385937 0.831250 0.387500 0.829688 0.395313 0.829688 0.396875 0.828125 0.400000 0.828125 0.401562 0.826562 0.407813 0.826562 0.407813 0.809375
0 0.273438 0.778125 0.273438 0.784375 0.271875 0.785937 0.265625 0.785937 0.265625 0.801562 0.270313 0.801562 0.275000 0.806250 0.275000 0.807813 0.276562 0.809375 0.276562 0.810937 0.278125 0.812500 0.278125 0.814063 0.279687 0.815625 0.279687 0.817187 0.281250 0.818750 0.281250 0.820312 0.282813 0.821875 0.282813 0.823438 0.285938 0.823438 0.289062 0.820312 0.289062 0.818750 0.292187 0.815625 0.292187 0.801562 0.293750 0.800000 0.293750 0.793750 0.295312 0.792188 0.295312 0.790625 0.296875 0.789062 0.301563 0.789062 0.301563 0.778125
0 0.178125 0.809375 0.178125 0.840625 0.182812 0.840625 0.187500 0.845313 0.187500 0.851562 0.195312 0.851562 0.195312 0.846875 0.200000 0.842187 0.201563 0.842187 0.203125 0.840625 0.207813 0.840625 0.209375 0.839063 0.210938 0.839063 0.212500 0.837500 0.217188 0.837500 0.218750 0.835938 0.220312 0.835938 0.221875 0.834375 0.223438 0.834375 0.223438 0.829688 0.221875 0.828125 0.221875 0.825000 0.220312 0.823438 0.220312 0.820312 0.218750 0.818750 0.218750 0.817187 0.217188 0.815625 0.217188 0.809375
0 0.370312 0.790625 0.370312 0.795312 0.367188 0.798438 0.365625 0.798438 0.364063 0.800000 0.362500 0.800000 0.360938 0.801562 0.359375 0.801562 0.357812 0.803125 0.356250 0.803125 0.353125 0.806250 0.346875 0.806250 0.346875 0.826562 0.360938 0.826562 0.360938 0.821875 0.367188 0.815625 0.370312 0.815625 0.371875 0.814063 0.376563 0.814063 0.378125 0.812500 0.379688 0.812500 0.381250 0.810937 0.384375 0.810937 0.385937 0.809375 0.387500 0.809375 0.389062 0.807813 0.392188 0.807813 0.396875 0.803125 0.401562 0.803125 0.401562 0.796875 0.396875 0.796875 0.395313 0.795312 0.395313 0.790625
0 0.367188 0.771875 0.367188 0.776563 0.364063 0.779687 0.362500 0.779687 0.360938 0.781250 0.359375 0.781250 0.357812 0.782813 0.356250 0.782813 0.354687 0.784375 0.353125 0.784375 0.351562 0.785937 0.350000 0.785937 0.348438 0.787500 0.346875 0.787500 0.345313 0.789062 0.340625 0.789062 0.340625 0.807813 0.356250 0.807813 0.356250 0.801562 0.359375 0.798438 0.360938 0.798438 0.362500 0.796875 0.365625 0.796875 0.367188 0.795312 0.370312 0.795312 0.371875 0.793750 0.375000 0.793750 0.376563 0.792188 0.379688 0.792188 0.381250 0.790625 0.385937 0.790625 0.387500 0.789062 0.395313 0.789062 0.395313 0.778125 0.390625 0.778125 0.389062 0.776563 0.389062 0.771875
0 0.246875 0.790625 0.246875 0.804688 0.251563 0.804688 0.253125 0.806250 0.253125 0.807813 0.256250 0.810937 0.256250 0.812500 0.257812 0.814063 0.257812 0.815625 0.259375 0.817187 0.259375 0.818750 0.262500 0.821875 0.262500 0.823438 0.264062 0.825000 0.264062 0.826562 0.265625 0.828125 0.265625 0.829688 0.267188 0.831250 0.267188 0.832812 0.270313 0.835938 0.270313 0.837500 0.271875 0.839063 0.271875 0.845313 0.281250 0.845313 0.281250 0.837500 0.284375 0.834375 0.289062 0.834375 0.284375 0.834375 0.281250 0.831250 0.281250 0.828125 0.279687 0.826562 0.279687 0.825000 0.278125 0.823438 0.278125 0.821875 0.276562 0.820312 0.276562 0.818750 0.275000 0.817187 0.275000 0.815625 0.273438 0.814063 0.273438 0.812500 0.271875 0.810937 0.271875 0.809375 0.270313 0.807813 0.270313 0.804688 0.268750 0.803125 0.268750 0.801562 0.265625 0.798438 0.265625 0.790625
0 0.234375 0.796875 0.234375 0.817187 0.239063 0.817187 0.242188 0.820312 0.242188 0.823438 0.243750 0.825000 0.243750 0.828125 0.246875 0.831250 0.246875 0.832812 0.248438 0.834375 0.248438 0.835938 0.250000 0.837500 0.250000 0.839063 0.251563 0.840625 0.251563 0.843750 0.253125 0.845313 0.253125 0.851562 0.270313 0.851562 0.270313 0.834375 0.265625 0.834375 0.262500 0.831250 0.262500 0.829688 0.260937 0.828125 0.260937 0.825000 0.259375 0.823438 0.259375 0.820312 0.254688 0.815625 0.254688 0.812500 0.253125 0.810937 0.253125 0.809375 0.251563 0.807813 0.251563 0.806250 0.250000 0.804688 0.250000 0.796875
0 0.235937 0.740625 0.235937 0.746875 0.234375 0.748437 0.232813 0.748437 0.228125 0.753125 0.221875 0.753125 0.221875 0.782813 0.256250 0.782813 0.256250 0.778125 0.260937 0.773438 0.262500 0.773438 0.264062 0.771875 0.270313 0.771875 0.270313 0.762500 0.265625 0.762500 0.262500 0.759375 0.262500 0.757812 0.260937 0.756250 0.260937 0.754687 0.259375 0.753125 0.259375 0.740625
0 0.275000 0.840625 0.275000 0.845313 0.271875 0.848437 0.268750 0.848437 0.267188 0.850000 0.264062 0.850000 0.262500 0.851562 0.259375 0.851562 0.257812 0.853125 0.256250 0.853125 0.254688 0.854688 0.246875 0.854688 0.246875 0.876563 0.262500 0.876563 0.262500 0.871875 0.264062 0.870313 0.265625 0.870313 0.267188 0.868750 0.276562 0.868750 0.278125 0.867188 0.289062 0.867188 0.290625 0.865625 0.298438 0.865625 0.300000 0.864062 0.303125 0.864062 0.307812 0.859375 0.307812 0.857812 0.306250 0.856250 0.306250 0.853125 0.301563 0.848437 0.301563 0.846875 0.300000 0.845313 0.300000 0.840625
0 0.221875 0.803125 0.221875 0.828125 0.226562 0.828125 0.231250 0.832812 0.231250 0.834375 0.232813 0.835938 0.232813 0.839063 0.234375 0.840625 0.235937 0.840625 0.239063 0.843750 0.240625 0.843750 0.242188 0.845313 0.245312 0.845313 0.245312 0.837500 0.243750 0.835938 0.243750 0.831250 0.242188 0.829688 0.242188 0.828125 0.240625 0.826562 0.240625 0.823438 0.239063 0.821875 0.239063 0.820312 0.237500 0.818750 0.237500 0.817187 0.235937 0.815625 0.235937 0.812500 0.234375 0.810937 0.234375 0.803125
0 0.415625 0.765625 0.415625 0.803125 0.421875 0.803125 0.423438 0.804688 0.423438 0.806250 0.425000 0.807813 0.425000 0.809375 0.426563 0.810937 0.428125 0.810937 0.429688 0.812500 0.434375 0.812500 0.435937 0.810937 0.442188 0.810937 0.443750 0.809375 0.451562 0.809375 0.451562 0.804688 0.446875 0.804688 0.443750 0.801562 0.443750 0.800000 0.440625 0.796875 0.440625 0.795312 0.437500 0.792188 0.437500 0.789062 0.435937 0.787500 0.435937 0.785937 0.434375 0.784375 0.434375 0.781250 0.432812 0.779687 0.432812 0.776563 0.431250 0.775000 0.431250 0.765625
0 0.396875 0.771875 0.396875 0.798438 0.401562 0.798438 0.404687 0.801562 0.404687 0.803125 0.406250 0.804688 0.407813 0.804688 0.409375 0.806250 0.410938 0.806250 0.414062 0.809375 0.414062 0.820312 0.426563 0.820312 0.426563 0.809375 0.420312 0.809375 0.417187 0.806250 0.417187 0.801562 0.415625 0.800000 0.415625 0.795312 0.414062 0.793750 0.414062 0.787500 0.412500 0.785937 0.412500 0.771875
0 0.171875 0.771875 0.171875 0.795312 0.190625 0.795312 0.190625 0.790625 0.192188 0.789062 0.196875 0.789062 0.198437 0.787500 0.200000 0.787500 0.201563 0.785937 0.201563 0.784375 0.203125 0.782813 0.203125 0.781250 0.201563 0.779687 0.201563 0.771875
0 0.303125 0.821875 0.303125 0.850000 0.310937 0.850000 0.312500 0.851562 0.314063 0.851562 0.315625 0.850000 0.317188 0.850000 0.320312 0.846875 0.323437 0.846875 0.325000 0.845313 0.331250 0.845313 0.332813 0.843750 0.337500 0.843750 0.339062 0.842187 0.343750 0.842187 0.345313 0.840625 0.351562 0.840625 0.351562 0.821875 0.317188 0.821875 0.317188 0.826562 0.315625 0.828125 0.312500 0.828125 0.310937 0.826562 0.310937 0.821875
0 0.134375 0.684375 0.134375 0.701562 0.167187 0.701562 0.167187 0.695312 0.168750 0.693750 0.168750 0.690625 0.170313 0.689063 0.170313 0.684375
0 0.296875 0.815625 0.296875 0.842187 0.301563 0.842187 0.304688 0.845313 0.304688 0.851562 0.323437 0.851562 0.323437 0.846875 0.325000 0.845313 0.326562 0.845313 0.328125 0.843750 0.334375 0.843750 0.335938 0.842187 0.340625 0.842187 0.342187 0.840625 0.351562 0.840625 0.351562 0.823438 0.345313 0.823438 0.342187 0.820312 0.342187 0.815625
0 0.221875 0.634375 0.221875 0.664062 0.245312 0.664062 0.245312 0.648438 0.240625 0.648438 0.237500 0.645312 0.237500 0.643750 0.235937 0.642188 0.235937 0.634375
0 0.115625 0.703125 0.115625 0.726562 0.131250 0.726562 0.131250 0.720313 0.132812 0.718750 0.139063 0.718750 0.139063 0.703125
0 0.228125 0.765625 0.228125 0.789062 0.234375 0.789062 0.234375 0.784375 0.235937 0.782813 0.237500 0.782813 0.239063 0.781250 0.243750 0.781250 0.245312 0.779687 0.248438 0.779687 0.250000 0.778125 0.254688 0.778125 0.256250 0.776563 0.259375 0.776563 0.260937 0.775000 0.262500 0.775000 0.264062 0.773438 0.265625 0.773438 0.268750 0.770312 0.268750 0.765625
0 0.250000 0.715625 0.250000 0.720313 0.246875 0.723437 0.243750 0.723437 0.242188 0.725000 0.232813 0.725000 0.231250 0.726562 0.229687 0.726562 0.228125 0.728125 0.223438 0.728125 0.221875 0.729688 0.217188 0.729688 0.215625 0.731250 0.214062 0.731250 0.212500 0.732812 0.210938 0.732812 0.207813 0.735938 0.206250 0.735938 0.203125 0.739062 0.200000 0.739062 0.198437 0.740625 0.190625 0.740625 0.190625 0.751563 0.198437 0.751563 0.200000 0.753125 0.201563 0.753125 0.203125 0.754687 0.206250 0.754687 0.207813 0.756250 0.209375 0.756250 0.210938 0.757812 0.210938 0.764062 0.217188 0.764062 0.217188 0.757812 0.215625 0.756250 0.214062 0.756250 0.210938 0.753125 0.212500 0.751563 0.214062 0.751563 0.215625 0.750000 0.220312 0.750000 0.221875 0.748437 0.223438 0.748437 0.226562 0.745313 0.229687 0.745313 0.231250 0.743750 0.234375 0.743750 0.235937 0.742188 0.237500 0.742188 0.239063 0.740625 0.240625 0.740625 0.242188 0.739062 0.245312 0.739062 0.246875 0.737500 0.248438 0.737500 0.250000 0.735938 0.254688 0.735938 0.256250 0.734375 0.259375 0.734375 0.260937 0.732812 0.262500 0.732812 0.265625 0.729688 0.270313 0.729688 0.270313 0.725000 0.265625 0.725000 0.262500 0.721875 0.262500 0.715625
0 0.109375 0.678125 0.109375 0.700000 0.117188 0.700000 0.118750 0.698438 0.126562 0.698438 0.128125 0.696875 0.129688 0.696875 0.131250 0.695312 0.131250 0.678125
0 0.128125 0.796875 0.128125 0.820312 0.159375 0.820312 0.159375 0.815625 0.165625 0.809375 0.170313 0.809375 0.170313 0.804688 0.165625 0.804688 0.164062 0.803125 0.164062 0.796875
0 0.146875 0.728125 0.146875 0.751563 0.154688 0.751563 0.156250 0.750000 0.159375 0.750000 0.160938 0.748437 0.162500 0.748437 0.167187 0.743750 0.167187 0.742188 0.168750 0.740625 0.168750 0.739062 0.167187 0.737500 0.167187 0.728125
0 0.128125 0.790625 0.128125 0.806250 0.135937 0.806250 0.137500 0.804688 0.142187 0.804688 0.143750 0.803125 0.146875 0.803125 0.148438 0.801562 0.150000 0.801562 0.151562 0.800000 0.154688 0.800000 0.157812 0.803125 0.157812 0.814063 0.170313 0.814063 0.170313 0.806250 0.164062 0.806250 0.160938 0.803125 0.160938 0.798438 0.159375 0.796875 0.159375 0.790625
0 0.159375 0.721875 0.159375 0.735938 0.165625 0.735938 0.170313 0.740625 0.170313 0.745313 0.179688 0.745313 0.179688 0.740625 0.182812 0.737500 0.190625 0.737500 0.192188 0.735938 0.196875 0.735938 0.198437 0.734375 0.201563 0.734375 0.207813 0.728125 0.214062 0.728125 0.214062 0.721875
0 0.309375 0.800000 0.307812 0.801562 0.307812 0.807813 0.314063 0.807813 0.314063 0.800000
0 0.275000 0.778125 0.275000 0.782813 0.271875 0.785937 0.265625 0.785937 0.265625 0.800000 0.270313 0.800000 0.275000 0.804688 0.275000 0.806250 0.276562 0.807813 0.276562 0.809375 0.278125 0.810937 0.278125 0.812500 0.279687 0.814063 0.279687 0.815625 0.282813 0.818750 0.282813 0.821875 0.284375 0.823438 0.285938 0.821875 0.287500 0.821875 0.289062 0.820312 0.289062 0.818750 0.292187 0.815625 0.292187 0.800000 0.293750 0.798438 0.293750 0.792188 0.295312 0.790625 0.295312 0.778125
0 0.171875 0.646875 0.171875 0.668750 0.176563 0.668750 0.178125 0.670312 0.179688 0.670312 0.181250 0.671875 0.181250 0.676562 0.185938 0.676562 0.185938 0.654687 0.184375 0.653125 0.184375 0.646875
0 0.153125 0.653125 0.153125 0.682813 0.165625 0.682813 0.165625 0.653125
0 0.396875 0.778125 0.396875 0.800000 0.401562 0.800000 0.403125 0.801562 0.403125 0.804688 0.404687 0.806250 0.404687 0.812500 0.406250 0.814063 0.406250 0.815625 0.412500 0.821875 0.412500 0.826562 0.415625 0.826562 0.415625 0.820312 0.417187 0.818750 0.418750 0.818750 0.420312 0.817187 0.426563 0.817187 0.426563 0.803125 0.421875 0.803125 0.418750 0.800000 0.418750 0.798438 0.417187 0.796875 0.417187 0.795312 0.415625 0.793750 0.415625 0.790625 0.414062 0.789062 0.414062 0.778125
0 0.096875 0.678125 0.096875 0.714063 0.106250 0.714063 0.106250 0.709375 0.107813 0.707812 0.114062 0.707812 0.114062 0.678125
0 0.059375 0.690625 0.059375 0.732812 0.067187 0.732812 0.067187 0.728125 0.070312 0.725000 0.071875 0.725000 0.071875 0.723437 0.073438 0.721875 0.073438 0.720313 0.071875 0.718750 0.071875 0.698438 0.073438 0.696875 0.073438 0.690625
0 0.421875 0.721875 0.421875 0.743750 0.426563 0.743750 0.429688 0.746875 0.429688 0.748437 0.431250 0.750000 0.431250 0.753125 0.432812 0.754687 0.432812 0.759375 0.434375 0.760938 0.434375 0.764062 0.435937 0.765625 0.435937 0.767188 0.439063 0.770312 0.439063 0.773438 0.440625 0.775000 0.440625 0.776563 0.446875 0.782813 0.446875 0.784375 0.448437 0.785937 0.448437 0.789062 0.450000 0.790625 0.450000 0.795312 0.451562 0.796875 0.451562 0.806250 0.453125 0.807813 0.453125 0.814063 0.453125 0.809375 0.454688 0.807813 0.456250 0.807813 0.457813 0.806250 0.460938 0.806250 0.462500 0.804688 0.464062 0.804688 0.465625 0.803125 0.467187 0.803125 0.467187 0.800000 0.465625 0.798438 0.465625 0.796875 0.464062 0.795312 0.464062 0.792188 0.462500 0.790625 0.462500 0.787500 0.460938 0.785937 0.460938 0.784375 0.459375 0.782813 0.459375 0.779687 0.457813 0.778125 0.457813 0.775000 0.456250 0.773438 0.456250 0.767188 0.454688 0.765625 0.454688 0.760938 0.453125 0.759375 0.453125 0.756250 0.451562 0.754687 0.451562 0.750000 0.450000 0.748437 0.450000 0.745313 0.448437 0.743750 0.448437 0.740625 0.446875 0.739062 0.446875 0.737500 0.445312 0.735938 0.445312 0.734375 0.443750 0.732812 0.443750 0.731250 0.442188 0.729688 0.442188 0.721875
0 0.140625 0.703125 0.140625 0.726562 0.145313 0.726562 0.145313 0.721875 0.146875 0.720313 0.153125 0.720313 0.154688 0.718750 0.157812 0.718750 0.159375 0.717187 0.165625 0.717187 0.167187 0.715625 0.176563 0.715625 0.176563 0.712500 0.171875 0.712500 0.170313 0.710938 0.170313 0.709375 0.168750 0.707812 0.168750 0.703125
0 0.071875 0.690625 0.071875 0.726562 0.078125 0.726562 0.079687 0.725000 0.082812 0.725000 0.089063 0.718750 0.095312 0.718750 0.095312 0.690625
0 0.196875 0.703125 0.196875 0.715625 0.203125 0.715625 0.206250 0.718750 0.207813 0.718750 0.210938 0.721875 0.210938 0.726562 0.221875 0.726562 0.221875 0.721875 0.223438 0.720313 0.225000 0.720313 0.226562 0.718750 0.231250 0.718750 0.234375 0.715625 0.235937 0.715625 0.235937 0.710938 0.234375 0.709375 0.234375 0.703125
