0 0.196875 0.059375 0.196875 0.082812 0.207813 0.082812 0.207813 0.078125 0.209375 0.076563 0.212500 0.076563 0.214062 0.075000 0.218750 0.075000 0.220312 0.073438 0.225000 0.073438 0.226562 0.071875 0.232813 0.071875 0.232813 0.059375
0 0.221875 0.028125 0.221875 0.051562 0.226562 0.051562 0.228125 0.050000 0.232813 0.050000 0.234375 0.048438 0.235937 0.048438 0.237500 0.046875 0.240625 0.046875 0.242188 0.045312 0.242188 0.039062 0.240625 0.037500 0.240625 0.035937 0.239063 0.034375 0.239063 0.028125
0 0.181250 0.009375 0.181250 0.014063 0.178125 0.017188 0.171875 0.017188 0.171875 0.039062 0.184375 0.039062 0.184375 0.034375 0.185938 0.032813 0.189062 0.032813 0.196875 0.025000 0.200000 0.025000 0.201563 0.023438 0.206250 0.023438 0.207813 0.021875 0.214062 0.021875 0.214062 0.017188 0.209375 0.017188 0.207813 0.015625 0.207813 0.009375
0 0.196875 0.040625 0.196875 0.045312 0.193750 0.048438 0.184375 0.048438 0.184375 0.070312 0.190625 0.070312 0.190625 0.065625 0.192188 0.064062 0.195312 0.064062 0.196875 0.062500 0.200000 0.062500 0.201563 0.060937 0.203125 0.060937 0.204687 0.059375 0.207813 0.059375 0.209375 0.057813 0.212500 0.057813 0.214062 0.056250 0.215625 0.056250 0.217188 0.054688 0.218750 0.054688 0.220312 0.053125 0.226562 0.053125 0.226562 0.048438 0.221875 0.048438 0.220312 0.046875 0.220312 0.040625
0 0.228125 0.046875 0.228125 0.068750 0.242188 0.068750 0.243750 0.067187 0.245312 0.067187 0.246875 0.065625 0.248438 0.065625 0.250000 0.064062 0.250000 0.062500 0.253125 0.059375 0.257812 0.059375 0.253125 0.059375 0.250000 0.056250 0.250000 0.054688 0.248438 0.053125 0.248438 0.046875
0 0.193750 0.021875 0.193750 0.028125 0.192188 0.029687 0.190625 0.029687 0.189062 0.031250 0.185938 0.031250 0.182812 0.034375 0.178125 0.034375 0.178125 0.050000 0.185938 0.050000 0.187500 0.048438 0.190625 0.048438 0.192188 0.046875 0.193750 0.046875 0.198437 0.042188 0.201563 0.042188 0.203125 0.040625 0.204687 0.040625 0.206250 0.039062 0.209375 0.039062 0.210938 0.037500 0.212500 0.037500 0.212500 0.035937 0.214062 0.034375 0.214062 0.032813 0.212500 0.031250 0.212500 0.029687 0.210938 0.028125 0.210938 0.021875
0 0.246875 0.084375 0.246875 0.107813 0.257812 0.107813 0.257812 0.103125 0.260937 0.100000 0.260937 0.098437 0.262500 0.096875 0.262500 0.084375
0 0.234375 0.065625 0.234375 0.087500 0.242188 0.087500 0.245312 0.090625 0.245312 0.095312 0.245312 0.090625 0.246875 0.089063 0.246875 0.087500 0.248438 0.085938 0.250000 0.085938 0.254688 0.081250 0.254688 0.079687 0.256250 0.078125 0.256250 0.076563 0.254688 0.075000 0.254688 0.065625
0 0.165625 0.003125 0.165625 0.020313 0.179688 0.020313 0.179688 0.015625 0.182812 0.012500 0.184375 0.012500 0.187500 0.009375 0.192188 0.009375 0.193750 0.007812 0.195312 0.007812 0.195312 0.003125
0 0.209375 0.098437 0.209375 0.114062 0.217188 0.114062 0.217188 0.109375 0.218750 0.107813 0.218750 0.104688 0.220312 0.103125 0.220312 0.101562 0.218750 0.101562 0.217188 0.100000 0.215625 0.100000 0.214062 0.098437
0 0.217188 0.071875 0.217188 0.076563 0.215625 0.078125 0.209375 0.078125 0.209375 0.093750 0.217188 0.093750 0.218750 0.092188 0.221875 0.092188 0.223438 0.093750 0.226562 0.093750 0.229687 0.096875 0.229687 0.100000 0.228125 0.101562 0.226562 0.101562 0.232813 0.101562 0.234375 0.100000 0.234375 0.098437 0.240625 0.092188 0.245312 0.092188 0.245312 0.089063 0.240625 0.089063 0.237500 0.085938 0.237500 0.082812 0.234375 0.079687 0.234375 0.071875
